-55.64325907113155
-55.64325907113155
-55.65315403984856
-55.71127130792657
-55.77489034373772
-55.785721391680326
-55.804613191423215
-55.839742659595196
-55.84429424467895
-55.83122089845912
-55.83529708834064
-55.79924291220901
-55.7688727724321
-55.76053547327904
-55.691240154555445
-55.649578684100376
-55.64019279926276
-55.6144701094477
-55.590362216815315
-55.60388723901293
-55.58907925187074
-55.60058422893215
-55.63946321425545
-55.68603371813086
-55.734387827556446
-55.75160225083332
-55.80234806145839
-55.831874028323206
-55.80439486393114
-55.81085704919198
-55.803992167714256
-55.786105515559335
-55.74318650293887
-55.723277550677594
-55.69676238880187
-55.65047880862427
-55.60949182683342
-55.56367709494114
-55.56412719280398
-55.532649947918145
-55.55877144173467
-55.60183056131454
-55.61875886816077
-55.64671289176138
-55.6871700823568
-55.71396229558137
-55.73718292498086
-55.777746044672895
-55.78310807831117
-55.80737029859333
-55.8065845732361
-55.766374534428145
-55.739775380840804
-55.69417677259515
-55.61816192909433
-55.59929823406722
-55.59674450276779
-55.55484656020481
-55.53184667560354
-55.53447585243183
-55.53034085167235
-55.563289332273854
-55.59063854876602
-55.63950418234865
-55.660612828013754
-55.689529859817796
-55.72269226099236
-55.75694829806759
-55.778049695031896
-55.807909066326836
-55.76555213973168
-55.752086659002124
-55.69564226207885
-55.655373123402995
-55.62910730768979
-55.588762337651424
-55.55937415313014
-55.5501418961531
-55.534157175481916
-55.51498968853831
-55.53116873227963
-55.56560301469374
-55.554270965377725
-55.5429389160617
-55.53160686674568
-55.520274817429666
-55.50894276811364
-55.497610718797624
-55.486278669481614
-55.47494662016558
-55.463614570849565
-55.452282521533554
-55.44095047221752
-55.429618422901505
-55.41828637358549
-55.40695432426946
-55.39562227495345
-55.384290225637436
-55.37295817632142
-55.361626127005394
-55.35029407768938
-55.33896202837335
-55.327629979057335
-55.31629792974132
-55.30496588042529
-55.293633831109275
-55.282301781793265
-55.27096973247723
-55.259637683161216
-55.248305633845206
-55.23697358452918
-55.22564153521316
-55.21430948589715
-55.20297743658112
-55.1916453872651
-55.18031333794909
-55.16898128863306
-55.15764923931705
-55.14631719000103
-55.13498514068501
-55.123653091368986
-55.11232104205297
-55.10098899273695
-55.08965694342093
-55.07832489410491
-55.10662913201625
-55.1540090814108
-55.171919345344946
-55.18036429866604
-55.206055943273235
-55.18205460999908
-55.16203611847966
-55.114780241026054
-55.07582635225308
-55.039895198456094
-55.006060967979444
-54.96331847645265
-54.92540433018965
-54.96495935985653
-54.928663079672894
-54.9407473329119
-54.96183470179552
-54.97987910947548
-54.99863096469194
-55.05374450651355
-55.06956047728025
-55.10215812285683
-55.12549420361481
-55.10293567507261
-55.104205781141644
-55.05906384633738
-55.01995334529796
-54.95995418265596
-54.87017384263942
-54.82406242365033
-54.72440671907302
-54.64288839380353
-54.525391885187766
-54.42238313374081
-54.30225716361208
-54.1425518863885
-54.002110972616066
-53.831325730389786
-53.62974144646662
-53.346338148210364
-53.000358194877975
-52.588942481832824
-52.0908870602881
-51.488756324214165
-50.75820052722617
-49.88418484032288
-48.760528669548705
-47.45615919228973
-45.878840072270314
-43.901724854054244
-41.48088658603183
-38.484021757493
-34.80240652065229
-30.433682284329247
-25.234849941420023
-19.027606310576648
-12.045462135925579
-4.884580946911409
1.7703774615579935
7.5120006066785585
12.228721893965922
15.841385852817616
18.386474898986943
20.085852066696575
21.23850212906438
21.925259128380066
22.31948921067261
22.531750974872548
22.582192416809523
22.558444754842114
22.405408070595215
22.21654922492236
21.978143698319176
21.71847817785496
21.45764399069108
21.11971043507098
20.77021861442783
20.38550038152904
20.02005677660891
19.668186610988414
19.260342164470853
18.88655266205534
18.511809782289696
18.109294261027703
17.743312922267485
17.411417002006445
17.137135592735135
16.903223717976978
16.623430953582375
16.259586562509636
15.930115249365839
15.64914280852824
15.344732183424306
14.994248230453671
14.620559412780697
14.190338330557989
13.774096746955019
13.413682477389854
13.100282704315966
12.696317001232408
12.282224018282584
11.883799075173354
11.544766866331836
11.193840897675733
10.800357670107722
10.463227195911642
10.121249754289236
9.767922206255683
9.412530319795302
9.069234149127647
8.741870244991723
8.37264358878796
7.970116271812161
7.624250153514094
7.229761010649189
6.828079858444228
6.4120280762426525
5.962751053423935
5.530697568418873
5.072097362808424
4.633567560775507
4.17433144748649
3.733639552316
3.286676409567927
2.8826867604086286
2.4857890075587363
2.063269951560255
1.6763412415476775
1.2655557449222767
0.8698784341088018
0.49042291836279056
0.06197659790713625
-0.3353750742617302
-0.8022632913055895
-1.2659618328316677
-1.7129409355333738
-2.1851937630876375
-2.6828972702050318
-3.178321790048461
-3.649404345695698
-4.124411787870367
-4.660478225868498
-5.139280622447553
-5.6465358950156075
-6.113294281983734
-6.620113098585619
-7.109280147893597
-7.530461487999067
-8.027032619510594
-8.520948138786927
-9.009191328400787
-9.522907717333362
-10.05130541720068
-10.593343627841742
-11.138957255881042
-11.678262096772643
-12.273139102628392
-12.855892939766205
-13.446440569677101
-14.043009954797165
-14.675651832982364
-15.271640309967646
-15.87226338044394
-16.489574360873842
-17.0814327068328
-17.695893810537363
-18.273604301152037
-18.88540768740953
-19.495978920110076
-20.060424585952486
-20.685185658621165
-21.281563810268526
-21.912300236708784
-22.53813338826715
-23.218852144083066
-23.87968138641712
-24.581770259605783
-25.272536355907196
-25.990951132661486
-26.721637750877342
-27.41488498691923
-28.10477654851421
-28.78878175528427
-29.474778040656116
-30.130516062144395
-30.804682957281152
-31.47081624483838
-32.12214439192518
-32.72214739316741
-33.34293907656132
-33.96378558403424
-34.62806653358295
-35.28068706504778
-35.88589252185467
-36.55947005945892
-37.2284081024258
-37.84058570959507
-38.52746011070642
-39.1937847668889
-39.84881316568127
-40.49705193109526
-41.07763519023089
-41.702655166773866
-42.28424952093592
-42.88845897570441
-43.44075702824678
-43.963682496929806
-44.497074284855344
-45.011399709849044
-45.51751573033148
-46.01563292333495
-46.49807359628417
-46.967223199905966
-47.4382142473386
-47.90121860792854
-48.396472880971096
-48.91125238561147
-49.36848180784062
-49.87865327076257
-50.3345545453868
-50.77598346850684
-51.22132704486544
-51.616520509811096
-52.03247537674562
-52.396836107754886
-52.74381907235748
-53.08799667099944
-53.429227781179385
-53.70475912909507
-53.99548002840857
-54.304628253986685
-54.5725765460231
-54.85350667444904
-55.13641171100318
-55.45429261482112
-55.7218325010363
-56.023692015694444
-56.32035991140134
-56.62061385365656
-56.88794692379871
-57.17227783469668
-57.44985583310097
-57.70847581883395
-57.91537602304507
-58.11977879630404
-58.32365993939108
-58.502939304888145
-58.691526538136586
-58.838196610137565
-58.994270132954625
-59.16264976359183
-59.28420476368555
-59.46515306617063
-59.60613407924661
-59.74456039465709
-59.91692056402067
-60.075360024078996
-60.25404775124056
-60.44531101455118
-60.58425461236008
-60.727547518308114
-60.88461448056867
-61.00012624762246
-61.13881422619738
-61.21977052202924
-61.329234157228775
-61.433599271075664
-61.485851899928065
-61.551902865664225
-61.629926594638114
-61.70568211386686
-61.786185352544976
-61.86122875982114
-61.955767739875
-62.03378224532773
-62.11049974460431
-62.20388228450789
-62.267495860938624
-62.39127371393171
-62.52577698762276
-62.61223858191113
-62.729957731196805
-62.81408556504513
-62.87492619589667
-62.946213482171466
-62.966297838289016
-63.006897571513264
-63.031984390695555
-63.086327289111054
-63.08551548254156
-63.12961460991883
-63.14540195928047
-63.16625586894016
-63.2376205066396
-63.31064810027553
-63.37549107806698
-63.44850924051174
-63.524862192040345
-63.611632051806026
-63.67668409962778
-63.7243742442305
-63.72672233604231
-63.752199196864595
-63.78062641303835
-63.80379082879088
-63.82887238851107
-63.84867557306529
-63.82629698222768
-63.81493913796942
-63.79574354419632
-63.785086668035774
-63.78402208564223
-63.8112478960555
-63.837692454337
-63.878351705268216
-63.90834661988806
-63.919763901296506
-63.99009117051686
-64.03403512121307
-64.03405309116619
-64.09280764072929
-64.10953310802249
-64.1629459881836
-64.17436647171604
-64.18901162794873
-64.18700956261657
-64.1574556827312
-64.14180638682842
-64.13331755375079
-64.1052602566892
-64.07139464929807
-64.08522551758955
-64.08452131995311
-64.08767260159065
-64.09182891257932
-64.07793369734038
-64.13522512883291
-64.16678787033928
-64.20080114178852
-64.25385693535588
-64.30932132631035
-64.31654721841568
-64.33609850077599
-64.35670745961646
-64.35388450924157
-64.36536741754398
-64.33519249426922
-64.28761098571746
-64.24018597128293
-64.21230601471956
-64.16814711907325
-64.13105367793348
-64.12478817883512
-64.12794544137643
-64.12646433280825
-64.12617838660259
-64.15350323362553
-64.21485970377681
-64.2240263098441
-64.25039602073859
-64.273178980156
-64.28517975805045
-64.27028364787287
-64.28027641305155
-64.29293499788497
-64.26014791629466
-64.22857490587404
-64.20336523697891
-64.15559866950512
-64.12600180075066
-64.08513573831956
-64.04985675162983
-64.0127309825762
-64.01136173347004
-64.00168687177683
-63.99058902471805
-64.02496821418318
-64.06317523067554
-64.07606420622659
-64.07558327162286
-64.11325842066825
-64.11044943735675
-64.11904445280986
-64.13963841306575
-64.1124959058956
-64.09057697697591
-64.04000741031881
-64.03040574945605
-64.0049975531891
-63.96983888588925
-63.922859715288595
-63.8788690214157
-63.85160481463023
-63.844110973880234
-63.85205416649084
-63.8549075252808
-63.83278732630288
-63.88306978475945
-63.89647345209273
-63.927058286586266
-63.95545168343551
-63.962336668024186
-63.93681037039547
-63.94309639292177
-63.95015279302798
-63.925206022494116
-63.90307981425643
-63.84889006173185
-63.80900362798858
-63.77441833252529
-63.735351892310696
-63.69731083140381
-63.64572781991725
-63.61309698414079
-63.62532636033979
-63.645650031609165
-63.67293118933516
-63.69944345299238
-63.74080764609438
-63.726384904972406
-63.74159757683159
-63.765874034952425
-63.765021106468026
-63.77217565350682
-63.758759316798155
-63.74505176496143
-63.69894702485593
-63.63563993950785
-63.602565076118175
-63.52205482826904
-63.50841304276498
-63.4719130090328
-63.433281153733446
-63.43799542542364
-63.41784327772863
-63.417845988839154
-63.43102140816617
-63.45487795841268
-63.49474394284466
-63.50165871793279
-63.5312331465016
-63.52622642354283
-63.5437356616052
-63.49476556336429
-63.49304522522958
-63.4667076591154
-63.42632605017089
-63.36296577972704
-63.314323272321616
-63.271507858270105
-63.2178794479299
-63.176454659759315
-63.14135009078734
-63.11747644626988
-63.09643582686576
-63.10631497883701
-63.12509613008787
-63.17424177744907
-63.20706513029141
-63.23536060468054
-63.23477048534244
-63.23621327560458
-63.25681644918383
-63.25724015175069
-63.21027479950922
-63.18954272841755
-63.14953375012138
-63.115461527216226
-63.05160428409546
-63.00622282200845
-62.9682648348824
-62.91123572575202
-62.892468292997705
-62.87399727243984
-62.87671503817415
-62.847228414441894
-62.875302716747356
-62.88295646316367
-62.92072322305454
-62.96645343544458
-62.96826948550043
-62.94458659171453
-62.942952759232625
-62.94574128192028
-62.90891441571463
-62.88763943724492
-62.842460624581136
-62.79018599490837
-62.773054010125875
-62.69023889652226
-62.671403635975075
-62.632442406937656
-62.60774440650406
-62.581961562961574
-62.54935044081307
-62.55781542409294
-62.57835869514708
-62.57833482901281
-62.59873353750018
-62.62380054290676
-62.64513092479675
-62.652288386889694
-62.67742350171184
-62.660089860058534
-62.63083461304198
-62.596280938009826
-62.54442891234847
-62.50892073358182
-62.46806146001297
-62.40421753060525
-62.35634022289725
-62.32497560964665
-62.28296965471467
-62.25786168998042
-62.261505141285724
-62.28045992263409
-62.25399596146518
-62.26053175937515
-62.31011705534146
-62.35484228510565
-62.35628709945114
-62.36714516292224
-62.36454272714835
-62.35559852409517
-62.34725445736218
-62.29596560987669
-62.2639692774509
-62.199755155088596
-62.13443113308861
-62.06446557045146
-62.00593413912236
-61.96961821440301
-61.95341220393233
-61.91947967244308
-61.91563666295215
-61.94085808124704
-61.961113842732935
-61.94035109759587
-61.98048169245227
-62.01212405585453
-62.04891806811712
-62.05424551535761
-62.034937616658176
-62.03714594694876
-62.03052282352306
-61.967597463958754
-61.928994538748675
-61.869272611602696
-61.82986117313851
-61.792515678704376
-61.72840140557595
-61.69275947063241
-61.653038940627575
-61.62232291585417
-61.58669233072002
-61.6021562026465
-61.636167474006385
-61.63127087051245
-61.6529448828423
-61.655244002270564
-61.688087830117574
-61.687266892290644
-61.68942899370999
-61.69302809377528
-61.67977205382457
-61.61782234285712
-61.58489492062428
-61.57133748889539
-61.514630841469774
-61.446465852045925
-61.409314835555605
-61.364972771112534
-61.325507592175704
-61.33250037191744
-61.274370481601494
-61.2799678524552
-61.32810699449231
-61.350989718470224
-61.365935857010996
-61.39458792127976
-61.41599687366723
-61.429314201015664
-61.44332559914004
-61.41009392416171
-61.39365886844342
-61.3512090974968
-61.30640629480095
-61.2926274391821
-61.23237287370944
-61.17082166140673
-61.12745056287429
-61.103626160357095
-61.053023217921464
-61.0150493991005
-61.00995890034498
-61.01980256949483
-61.04487888982221
-61.047242136554146
-61.08534259527627
-61.09901459070246
-61.1263861713522
-61.12423858790243
-61.1098080647751
-61.10564143897271
-61.07876596794919
-61.053382529226674
-61.02249179280313
-60.974701070305755
-60.91529130160169
-60.8694204246488
-60.833206791648486
-60.79086954833182
-60.7771562077787
-60.72967451642275
-60.73551133604212
-60.72572217088878
-60.72235477285608
-60.75930221744716
-60.77571476526641
-60.83152581164489
-60.85414574316719
-60.85597868829987
-60.849663893180114
-60.841020441005384
-60.820893757374066
-60.79508903062177
-60.77339873424311
-60.71962522112156
-60.689576912353246
-60.647391710887256
-60.56424142939951
-60.53138552340309
-60.51183915906131
-60.506219499528
-60.49536341747681
-60.49056461817841
-60.504051662629394
-60.51784389344584
-60.533086375422144
-60.57531526519314
-60.5973242527991
-60.6263027600855
-60.61362342474846
-60.62107677772144
-60.59122957599814
-60.534350117085346
-60.4955567591665
-60.46201593535669
-60.43798313060764
-60.354699382200494
-60.32283655663897
-60.28833503081182
-60.249973943558594
-60.26583066800154
-60.23770357476891
-60.221180214325855
-60.23297475257195
-60.25474361073217
-60.2681592324592
-60.29904092609708
-60.30000515418011
-60.356397677810754
-60.34259490715817
-60.298636596658106
-60.320545623278086
-60.27452029765649
-60.21357865495176
-60.17904827664102
-60.15485357267146
-60.08403171755145
-60.042118203281085
-60.005734937902794
-59.96513359535228
-59.96125818478549
-59.97338056567238
-59.9851983066775
-59.984406517538936
-60.01914148807342
-60.039179291402675
-60.04292091512361
-60.10367995582377
-60.11375611284839
-60.092742416226024
-60.09156540276407
-60.044283627279384
-60.00370291518939
-59.97424658418725
-59.914880324555334
-59.88278683136199
-59.83099974463543
-59.798561068077674
-59.761011921998865
-59.74708881623681
-59.73493940917324
-59.70758962943872
-59.712724529297844
-59.73650439715553
-59.74848384963204
-59.78948219766058
-59.81189009092125
-59.792900887731015
-59.81579515914292
-59.836974834893084
-59.83024077586352
-59.79264784763748
-59.77051450414069
-59.735941586058146
-59.695459006274014
-59.62218698208422
-59.596045936933905
-59.56477989126303
-59.51868049755423
-59.47975834673274
-59.475617268025545
-59.491041603154
-59.48105152930182
-59.49380246855417
-59.48337941357724
-59.559301362850796
-59.60145969623121
-59.60392276134044
-59.601556953280884
-59.61490013793252
-59.60937510803002
-59.61655825136592
-59.58830703413335
-59.54587586920497
-59.51551300026628
-59.44462749903271
-59.39819545776754
-59.377349144945555
-59.33582900626074
-59.291890591764286
-59.25238327586507
-59.25028780909062
-59.277259925062786
-59.267531386680126
-59.28094382711087
-59.32041742284019
-59.347988052661336
-59.35882082633472
-59.349955998714385
-59.38109034012109
-59.394140303871346
-59.364641773553934
-59.31915940244791
-59.29481533813436
-59.253433092675564
-59.21366684772558
-59.165526506890515
-59.124506114252505
-59.11495599717537
-59.079657141513195
-59.06493020054758
-59.059828673804596
-59.07161338176676
-59.08689738921065
-59.11748614398836
-59.155920238060375
-59.16664680571042
-59.1920548435864
-59.228966566785516
-59.21148285050825
-59.213020193287434
-59.203249410082286
-59.18093612740112
-59.11241365740347
-59.06797319330323
-59.04413744010162
-58.99236055268577
-58.949504009494326
-58.88785021655341
-58.86437693442633
-58.86254865829559
-58.85624763964707
-58.860907029024034
-58.89549493858465
-58.90111227991505
-58.95503269695306
-58.982794036907
-58.98515102115388
-59.02108162334886
-59.00487648538271
-59.00179489076249
-58.98670502557049
-58.96223094433421
-58.908997274638914
-58.85597472308613
-58.800448283365526
-58.777184194847564
-58.755540007447586
-58.73942184100206
-58.681138021680894
-58.682545847802785
-58.67334282287876
-58.68686351489279
-58.71697260840449
-58.730579142497945
-58.75135528331254
-58.78689487732423
-58.82632198782052
-58.82512060974222
-58.860201596397104
-58.84067039861322
-58.82391703201884
-58.76176305780476
-58.72376249416386
-58.69891595776019
-58.65023284340012
-58.58765199939158
-58.5656002131592
-58.52929172118921
-58.48313894083727
-58.46754774236771
-58.483300025698036
-58.45795332497942
-58.49439843742769
-58.53950572008681
-58.51904558773088
-58.54201692373694
-58.60781764843254
-58.618174132438966
-58.64196163152482
-58.671426166154625
-58.63875736523178
-58.597778261939375
-58.554301748078
-58.52031332038237
-58.474045587597224
-58.41566410820232
-58.385595940563626
-58.37104722152844
-58.349400744795794
-58.31509023245805
-58.33934694924247
-58.34691922069544
-58.350916709384165
-58.35220487221224
-58.40408433971519
-58.45425719525107
-58.45622305085438
-58.465215724256495
-58.49425387958711
-58.513925817862315
-58.48114253415641
-58.4360677913871
-58.39742644694601
-58.377279715678
-58.32625173907065
-58.25657239814004
-58.20128665692285
-58.193598170846634
-58.164780887186645
-58.170752681901035
-58.14235614478437
-58.151451022631846
-58.19832037104821
-58.22511466297504
-58.24729077357441
-58.308905019132986
-58.33677987037501
-58.353420124088515
-58.34741518307768
-58.35521800799956
-58.33322200119946
-58.2968778791732
-58.247960975260995
-58.19370956215888
-58.14717282849987
-58.120749967135644
-58.0838249922488
-58.04208174858421
-57.98701075783298
-57.99661228351332
-58.0087225754282
-58.01429380912967
-58.02435689026496
-58.072546538175615
-58.12048392119771
-58.14274839651398
-58.16674268205847
-58.18184495937593
-58.16768222704266
-58.18483937682647
-58.19644422588691
-58.14975679306927
-58.09268085609372
-58.05121163519714
-58.011913814989256
-57.96937700626081
-57.954295866409424
-57.91271594171125
-57.899424802494046
-57.879023903429484
-57.89424157150456
-57.89298625517002
-57.904245123394325
-57.95942223658172
-57.963953966844116
-58.0053385148876
-58.034645709944165
-58.02649419533039
-58.061995991358586
-58.08964524396039
-58.06104500194178
-58.016494497148415
-57.99080567854734
-57.97113406955149
-57.90395017456662
-57.855448293704995
-57.82319788003289
-57.788789327843034
-57.75313559043694
-57.76175029976326
-57.76781941466144
-57.80358005126373
-57.803640833772306
-57.827140114353696
-57.882708890342
-57.91449128418763
-57.93176771237331
-57.924353759660626
-57.92973890886679
-57.93323953544393
-57.934852464881516
-57.870470129169234
-57.855313673543606
-57.8234888363715
-57.780494417056985
-57.74442588001494
-57.71165437262424
-57.671561283550155
-57.64193389434575
-57.626294870966
-57.662968665471034
-57.678316993817056
-57.69075550861862
-57.70068143775183
-57.74714792106465
-57.77610103059991
-57.7953364536927
-57.838032668072124
-57.854335004977116
-57.82778227726343
-57.79751832325784
-57.786951878183636
-57.74947588506065
-57.70219137714631
-57.67390908491596
-57.62590835925006
-57.598893307344625
-57.54617785937549
-57.514260873280186
-57.51180589940478
-57.529773114110945
-57.55814287374167
-57.55426704109995
-57.60459257889521
-57.644447980742385
-57.67866712615507
-57.69291518070687
-57.69091062725819
-57.712827203080366
-57.713745637517086
-57.70592129948438
-57.69275762768307
-57.665345410755044
-57.62866672880458
-57.57004653017629
-57.5222733535537
-57.495322085610056
-57.4654421992772
-57.446403159521346
-57.434714620910086
-57.44172483576803
-57.46326292604371
-57.462588116001456
-57.494315665653616
-57.53111648110652
-57.550334652380876
-57.60155697075694
-57.59363682942632
-57.60955090587774
-57.61638903428218
-57.600386575602734
-57.578506015079334
-57.54866740392575
-57.506650934780914
-57.4823834001687
-57.432151241917005
-57.39198298492344
-57.36593495975714
-57.33900155296273
-57.3278789964933
-57.31976847716069
-57.32847575742645
-57.34422864109248
-57.38211310407136
-57.43265546812552
-57.479583514153965
-57.489622578546374
-57.49200413639593
-57.507881499250644
-57.48695982355053
-57.49702459773982
-57.46377450785123
-57.411091317393534
-57.38363380527606
-57.356214614523054
-57.28847077332145
-57.2657142937003
-57.24672300875917
-57.24234567362711
-57.243763145186804
-57.26051238546424
-57.256995997269
-57.2673874860766
-57.308499799419174
-57.33509444510532
-57.37477407349507
-57.39756806572978
-57.42996991023389
-57.42950439879573
-57.40075058502513
-57.38198814436137
-57.37715504450971
-57.32148741667931
-57.277606798731796
-57.24735471964651
-57.20119547355292
-57.17668385073872
-57.14611560676812
-57.11230730848625
-57.09469280079194
-57.12512991086948
-57.149354039238055
-57.169011717842245
-57.202846102976686
-57.249424117091344
-57.29611465234705
-57.3063528337968
-57.32826333024778
-57.34334224069309
-57.32838655577148
-57.296906740021576
-57.28063855295196
-57.23276798587863
-57.19795029859275
-57.17659012950828
-57.131618327788225
-57.094149192455944
-57.069787563690475
-57.07100474212578
-57.06353931386137
-57.06950372670066
-57.084780013035875
-57.089350694076565
-57.12106633506889
-57.16706634369127
-57.21465399692384
-57.22278380147233
-57.22544930588434
-57.25593533884772
-57.27138660411851
-57.25929795567499
-57.22388909021726
-57.18222178294283
-57.145985599342374
-57.11148751829656
-57.052882228845384
-57.012324586299265
-56.99463104565231
-56.97421794212211
-56.983693103579185
-56.97442203157306
-56.97774560422542
-57.02484907801917
-57.046704917830134
-57.09341827881425
-57.10667942841946
-57.128385299645544
-57.1604658953096
-57.15768144636403
-57.13810880509636
-57.14981623505459
-57.13147758559366
-57.100658891637345
-57.06326424876298
-57.02194665909042
-57.00096862006265
-56.9619597029381
-56.931644542877116
-56.92819897445999
-56.89686610846539
-56.90946773171389
-56.92683032860258
-56.95189521070188
-56.99157235634308
-57.04472256900096
-57.07994805873537
-57.099665673512895
-57.11178628859673
-57.09894943958557
-57.130328747634266
-57.11866641491424
-57.06436404568669
-57.01883466375591
-57.02351556142163
-56.96333602783865
-56.908041281502086
-56.8818579619194
-56.857551986520235
-56.84218103634401
-56.84183038119969
-56.83862791529712
-56.844652638777035
-56.859549782149436
-56.904863315518014
-56.97007880382829
-57.00789752254929
-57.03338334692405
-57.04574534727419
-57.06714739705088
-57.057945543014654
-57.04947763156973
-57.024668190800966
-56.997006075289846
-56.97216117480892
-56.932232912982045
-56.882721788092056
-56.81404329175375
-56.82441608139433
-56.7890790779534
-56.78190780104054
-56.80055283832974
-56.834269472386815
-56.86207678669364
-56.85700381694887
-56.92755610816024
-56.94511467095356
-56.95460383777944
-57.0037796529162
-57.02545114541388
-56.99528024398405
-56.98649471899185
-56.94628920911479
-56.922976818624534
-56.90152800391469
-56.84818941949206
-56.821184474450334
-56.78139145938962
-56.76569486104435
-56.743505108296276
-56.73717095410982
-56.72071762292
-56.73897372136688
-56.764899296951384
-56.81218329767382
-56.86691844208238
-56.90327421350974
-56.931128059205804
-56.954914933316886
-56.94626454469114
-56.9545529147604
-56.931622182504356
-56.895906463516326
-56.883761131226095
-56.866075430515735
-56.816891357043616
-56.76279414494528
-56.70799241588379
-56.69264879635186
-56.7184582454772
-56.690527004116355
-56.68219433691119
-56.72158589013992
-56.72536614277979
-56.76112949173814
-56.80525049482143
-56.8409224431851
-56.87018480991709
-56.899667786673035
-56.910389053281705
-56.9125378191376
-56.9010052625524
-56.86545928533993
-56.8270768791841
-56.79284184664042
-56.768432876499006
-56.69616323372807
-56.69435101459237
-56.65203343492854
-56.64008613218666
-56.632596904170505
-56.65494810656875
-56.66247548796822
-56.67803981286454
-56.70255035168614
-56.76618598609473
-56.78815236360984
-56.840532503586786
-56.855412958315505
-56.874115130886395
-56.89473224860986
-56.86475899920169
-56.83154592246036
-56.784187234175704
-56.759555053727404
-56.706681073433394
-56.666452595901546
-56.61628059882999
-56.60407119536517
-56.582498120627264
-56.60925541784471
-56.63138039821435
-56.63591816882504
-56.67513832638109
-56.68890837019467
-56.739743173785605
-56.78020993816062
-56.82153464201677
-56.82466573651748
-56.83928559165353
-56.83479887210967
-56.8218760959584
-56.79018175310442
-56.761635336969725
-56.75303006584333
-56.718847136955745
-56.64259833568856
-56.60423257593503
-56.565022012910745
-56.56716989487495
-56.529655895687846
-56.534868534217466
-56.57096277903537
-56.614417032971694
-56.630684450375924
-56.662175314096515
-56.715065856686984
-56.72178404286003
-56.7347681502981
-56.78909361062053
-56.77794624453384
-56.76004753119886
-56.74936599347505
-56.68809388747882
-56.6805745726336
-56.64645859185599
-56.5865181389937
-56.570162260175
-56.51649883817706
-56.5298900494391
-56.515458228824485
-56.505377497716054
-56.536659754252724
-56.597652785238054
-56.63570309786775
-56.66379875141597
-56.709189607476596
-56.727543214158416
-56.72776254625466
-56.75338313518344
-56.750905510411584
-56.73039656536121
-56.7017832308699
-56.678209077673785
-56.629001419221446
-56.5816945649411
-56.54766758765691
-56.498033151490546
-56.49706883888908
-56.48406748101987
-56.487667181473824
-56.48213327588689
-56.50972803367212
-56.53272028776485
-56.556705946430135
-56.60435151333253
-56.65887588016723
-56.69277684554296
-56.70479393732061
-56.71883850833316
-56.70953722461533
-56.704358690962536
-56.67320128061347
-56.62873709973215
-56.605345863705985
-56.573460894134286
-56.51702312184042
-56.476262241586774
-56.460252103137606
-56.467735094080545
-56.47218820119288
-56.45675296897975
-56.491004274788246
-56.50756814627727
-56.5353540239696
-56.60324861112168
-56.64571420626591
-56.69266489506763
-56.67045171700598
-56.695769449910564
-56.69146147233343
-56.682722746514436
-56.653616472387256
-56.628497043634354
-56.60154253848338
-56.554180816979965
-56.4878741995063
-56.50189861786353
-56.436838222284194
-56.42904792339688
-56.442189846289835
-56.42981147675643
-56.44907953299474
-56.47061096416902
-56.502337374784645
-56.55790540431313
-56.60224355196155
-56.62525844038383
-56.64476011662145
-56.64386945627214
-56.661971826845765
-56.6234973937234
-56.59155419183404
-56.572224298227084
-56.55508052127249
-56.49421972507665
-56.44670839757745
-56.432449581259384
-56.41485293906753
-56.40072458527613
-56.40680865428872
-56.39486873881478
-56.431055645060596
-56.46709162819655
-56.49782002466057
-56.512961918890575
-56.571231799047034
-56.619220270057895
-56.62439406620945
-56.62010126778143
-56.61415122872081
-56.58701426331098
-56.556704724886714
-56.54540782719439
-56.50053641986095
-56.4674734069695
-56.4015310071061
-56.36279885808844
-56.34157928134902
-56.35943989807659
-56.369312812390575
-56.35684576417931
-56.38007774156212
-56.4220039678944
-56.44595047109394
-56.4760623097101
-56.5391921168218
-56.5715003322505
-56.57763995760205
-56.58391439240309
-56.599280448306445
-56.57977529098172
-56.547027103091715
-56.517204944074386
-56.48680872978147
-56.421819242563146
-56.38407078319966
-56.36633885482391
-56.329766583318886
-56.3110512979293
-56.32520431069071
-56.3147730017138
-56.35170383760894
-56.39565816815293
-56.38294484558012
-56.42831175004328
-56.48591952380625
-56.5159127472796
-56.544783914329514
-56.56105873618597
-56.552506612570454
-56.5263590385292
-56.51359264695933
-56.493123026820484
-56.45373329117477
-56.44317361307668
-56.38118855782606
-56.34187316507325
-56.31128504874751
-56.30227289883837
-56.300844125066135
-56.305927276086464
-56.318818744021335
-56.32190486756059
-56.37472464611201
-56.407971705769675
-56.48020776369622
-56.47779042659292
-56.49032846215685
-56.544013643385966
-56.54260705570526
-56.506918441861075
-56.45307100714663
-56.44385028028456
-56.430037226450885
-56.36857388801568
-56.311269415378455
-56.30809824089425
-56.26071326707498
-56.252416909195595
-56.26130696848621
-56.24262426094711
-56.29075232555678
-56.316950056627874
-56.32378877491645
-56.39139539112326
-56.45242718940675
-56.49849919575789
-56.47935741029765
-56.48882482503561
-56.477520787950574
-56.48167490859829
-56.447362005159235
-56.395169493665634
-56.392308957295036
-56.36887597677898
-56.30256692135422
-56.26740890969903
-56.239748883665825
-56.23088306284616
-56.2339002505304
-56.223106705777965
-56.24823180864038
-56.308045396902834
-56.31492225008162
-56.35931558452823
-56.41692121298016
-56.44123346830502
-56.460735867333085
-56.472662013355105
-56.48107805916331
-56.452498917678135
-56.4201345637924
-56.37203356478437
-56.34449904574458
-56.26502586816321
-56.224859374164936
-56.19266951229929
-56.1896189597242
-56.20173404637939
-56.19587965327602
-56.19830053463797
-56.23779941681923
-56.26257873988094
-56.274104801506454
-56.3127772953478
-56.40759704056538
-56.44471361983266
-56.42549642340024
-56.4432475007042
-56.445218812595044
-56.41171050910387
-56.38833872412753
-56.36353792188981
-56.33985535204277
-56.29362357624174
-56.23050736213092
-56.19120870850502
-56.16407743882072
-56.17003559102295
-56.16428565777006
-56.18520131089295
-56.19346399644285
-56.23287409303826
-56.235518395774605
-56.303153024246626
-56.35335632961369
-56.39239274797244
-56.40333315202087
-56.39720136625462
-56.42689518204848
-56.40196435980201
-56.352447014935265
-56.31585249214035
-56.27862823709018
-56.24217306266329
-56.191021302390205
-56.17482627186221
-56.17719815793622
-56.15438753240991
-56.13654422742106
-56.16553400197141
-56.18833783952644
-56.20089914221943
-56.25403776495372
-56.30036525918919
-56.35485391569072
-56.36438601350909
-56.36912533325198
-56.39587714178475
-56.38089841782514
-56.3625322796988
-56.326776177637996
-56.309886766729264
-56.28442936718173
-56.23383843317719
-56.167194235863064
-56.15905229400859
-56.12275017031255
-56.10108864297408
-56.090798082132395
-56.10816767354585
-56.16081239481966
-56.16968322822816
-56.159832985853186
-56.239686682861645
-56.32737219217762
-56.345979215755214
-56.32536067594522
-56.350894898828585
-56.361016792324314
-56.334873884499814
-56.30889658841783
-56.27765610229356
-56.2373068515308
-56.20400617520761
-56.14131480452581
-56.11894617746961
-56.10306429014297
-56.10890162967016
-56.11865554661477
-56.10921855494897
-56.14098733776952
-56.17079806771986
-56.189102916984794
-56.21921513204049
-56.28001059812655
-56.320720400324916
-56.352883312896864
-56.33965023081285
-56.33060774784414
-56.31612866368409
-56.29400837839999
-56.251522221266
-56.21731906503696
-56.22509552602533
-56.166903379485674
-56.124193433062175
-56.081248709945626
-56.07417459134054
-56.07428910225896
-56.06972485175264
-56.10088375048996
-56.12764849727227
-56.16345333905893
-56.196794428003564
-56.273994272275075
-56.30130811840225
-56.29312681022491
-56.3055958067064
-56.303425017243185
-56.29395994279249
-56.24851003950104
-56.218036047276115
-56.204727752396664
-56.1537751805273
-56.09813151120711
-56.05959926004251
-56.03133168196262
-56.043525511859386
-56.05062316696905
-56.07067677588333
-56.11272173161405
-56.111495521960656
-56.14778865974156
-56.1938947151169
-56.241625731052665
-56.26930060630767
-56.27424970146208
-56.26800860600653
-56.28613648531544
-56.26787650409854
-56.22368546772779
-56.22716261949834
-56.18405809925138
-56.141825352212486
-56.06780325682558
-56.06044019039853
-56.03040409877062
-56.01687869317218
-56.01866531634269
-56.042614733580685
-56.078947435004665
-56.08144807566662
-56.11556769312257
-56.15511748700259
-56.216568857536004
-56.24867578906969
-56.2601135947273
-56.28175148026643
-56.27817103663647
-56.24010658005358
-56.22307475147798
-56.19099947835244
-56.17604416880747
-56.127938970197896
-56.0413476572804
-55.99586085413236
-56.00641810801517
-56.01985344245996
-55.994014706258206
-55.997119919077164
-56.042455684504105
-56.071176948543226
-56.08810067123036
-56.137896010791046
-56.2297154886129
-56.257256753294435
-56.25692845922881
-56.24470466384898
-56.24121646832959
-56.24806375491228
-56.19658036727173
-56.182120420865225
-56.1738417056399
-56.10570452195756
-56.03009053955531
-55.989656133787165
-56.00118257161458
-55.9907195323559
-56.01709280180141
-56.00246006957917
-56.03077996810935
-56.05458800692916
-56.06692191273673
-56.13371771693541
-56.21169465493019
-56.21915899035709
-56.24462850199973
-56.26645601661554
-56.24425878188981
-56.22425509148765
-56.19561069520583
-56.158307360409765
-56.15427826057507
-56.100096979991314
-56.01973626926971
-55.99404726304237
-55.98575274130826
-55.98212006671007
-55.98382310457112
-55.977841487659965
-55.99994923241608
-55.895477178724036
-55.9253517921651
-55.946981107640326
-55.98287111199771
-56.00893360675597
-56.02660491298906
-56.057122062159145
-56.076374054163125
-56.075411440854225
-56.06640123369249
-56.03963156105324
-56.02916677993293
-55.99137654171896
-55.950440731633485
-55.91580343207512
-55.876626186503294
-55.86788000020084
-55.851263028290745
-55.86688116255259
-55.879063587935214
-55.87986702875191
-55.92083592135527
-55.95377190526649
-55.98604997190247
-56.02640939721532
-56.02956126822281
-56.06840187265956
-56.05762667673828
-56.06567699971234
-56.058492948751066
-56.043075613978125
-56.034610169891664
-55.981922769899825
-55.9526916326865
-55.91553063813896
-55.87956013745106
-55.848813807377155
-55.849820443446426
-55.86035878987649
-55.82635828587459
-55.862182915289885
-55.868702475039136
-55.919755085374184
-55.97172900001838
-55.986275545359725
-56.02950561100576
-56.04772222519475
-56.036829898917134
-56.04700738873493
-56.04301899291242
-55.99205633950721
-55.954051014493814
-55.945064748586056
-55.89701549316639
-55.87887413775379
-55.856073917922785
-55.819466816970646
-55.78643516554066
-55.80772425235909
-55.816655729059086
-55.80453035103848
-55.83423474988313
-55.85745779611326
-55.91249071426554
-55.93884985275914
-55.97183567568343
-55.99202065523539
-56.002761261607795
-56.01088251536376
-55.99699660865812
-55.976321569436315
-55.9297712315875
-55.90773009649741
-55.85515244750772
-55.81330078458937
-55.78444913767608
-55.74921953687231
-55.74091978161765
-55.75756130204966
-55.763639718067495
-55.77786526285583
-55.802103538532194
-55.834491784483234
-55.8667154443962
-55.91094990863124
-55.92495835391406
-55.97094064644593
-55.98203614174648
-55.98901572597495
-55.96279228400653
-55.95731661679659
-55.964328970062894
-55.88665657853104
-55.83938540690636
-55.81032474000769
-55.79474157629927
-55.75991738633524
-55.73597157996949
-55.75953930685384
-55.728230469256964
-55.761887229194805
-55.78277332662674
-55.83907855747819
-55.88910952048645
-55.91673204514205
-55.92469737982815
-55.93690050321092
-55.96146319780737
-55.973273068717134
-55.948614150629595
-55.91072009373596
-55.894172360385674
-55.85322018224523
-55.81454195765703
-55.80072709526641
-55.76623159698195
-55.730782019806206
-55.72688430727907
-55.71205377911074
-55.73199357573816
-55.752268755601136
-55.76484085327341
-55.797115304985
-55.83439038159977
-55.87136712820174
-55.90089115791644
-55.91754473031355
-55.95744591450415
-55.965515889058814
-55.934249842189566
-55.928277080607174
-55.889218826212954
-55.85545594261643
-55.83180310751135
-55.790502944003336
-55.754528320686305
-55.7445054532823
-55.76003158339463
-55.73213040456127
-55.72488888908353
-55.73642536887024
-55.77697494344173
-55.816913551702044
-55.84657207037634
-55.858284676892566
-55.89459860286981
-55.92500949453583
-55.926381259677356
-55.94440402329188
-55.92303088094147
-55.90742989536736
-55.84116521425229
-55.81968787536765
-55.82019676389406
-55.785004064072226
-55.73883691258466
-55.736766613213966
-55.71459957514639
-55.69934040074048
-55.705342721103435
-55.7352640872686
-55.76331930542054
-55.7711899620026
-55.83793519745122
-55.883816830103065
-55.905179725399854
-55.901673408102965
-55.92561114327433
-55.920315412836466
-55.923660921815525
-55.89997958253224
-55.85194567183448
-55.83004375008997
-55.782068984973066
-55.7585327854343
-55.726347673750446
-55.70563604702423
-55.69527815165026
-55.67218883869029
-55.68068046426149
-55.70366884016123
-55.73611212636693
-55.773967841657345
-55.794329630438284
-55.837194879095286
-55.8845494977144
-55.88982251421713
-55.9122754257568
-55.90696593312441
-55.90499494123157
-55.88966430861065
-55.857047754824684
-55.810951256856164
-55.76899562109683
-55.72622025790282
-55.707447326934435
-55.69256276152949
-55.6811323800114
-55.66386910800421
-55.671561520316324
-55.70014889377761
-55.71540082966362
-55.76238547943005
-55.77168774178924
-55.80953433229297
-55.83562662484243
-55.85580437431821
-55.8869052340586
-55.86196351701709
-55.85383512885584
-55.80947565753949
-55.7877837424064
-55.76784462413031
-55.73159268023686
-55.689894788973575
-55.69121531758641
-55.65752713854973
-55.623522115196195
-55.63762049810402
-55.64925920884326
