-56.542330498668896
-56.542330498668896
-56.536845967724624
-56.50910142218815
-56.473081740051285
-56.43596387352378
-56.4101007029792
-56.37192477234735
-56.32779523904889
-56.29984727374314
-56.28603191328474
-56.26843488391887
-56.28968515778162
-56.25083920039608
-56.23451715596317
-56.26556762966031
-56.28512444995721
-56.302366023568204
-56.33325368337234
-56.36329402392435
-56.378642615372264
-56.38932768353269
-56.36386308386451
-56.34949970432759
-56.309633098565214
-56.27372706820893
-56.24769244683761
-56.22915727081623
-56.21193890681085
-56.191564417240954
-56.14709582820216
-56.131771545920664
-56.14044452668556
-56.099821947716805
-56.103558074456224
-56.13337945881688
-56.14118197107772
-56.16452342747493
-56.21407965638871
-56.217981579996014
-56.236953729528814
-56.24908397075011
-56.239286207934775
-56.19062255110537
-56.1826700404095
-56.15433225539304
-56.09343288357859
-56.06366836751271
-56.036083725071826
-55.988256135994156
-55.981955810547205
-55.9448851862182
-55.95267968530458
-55.97705268508436
-55.94740045056182
-55.97256056824756
-55.9707169283143
-55.998935087827554
-56.02676357330917
-56.06426614286878
-56.096161059264055
-56.090060630665334
-56.083460541902944
-56.058389483198205
-56.049526292284625
-56.00801662258134
-55.95947763104651
-55.94104252681147
-55.89212836153627
-55.8531083411331
-55.84645236158517
-55.83062660315623
-55.837740710856046
-55.828554041818236
-55.82872356257857
-55.850347452049284
-55.82643390270317
-55.812087039340184
-55.7977401759772
-55.78339331261421
-55.76904644925122
-55.75469958588823
-55.74035272252525
-55.72600585916226
-55.71165899579927
-55.69731213243629
-55.68296526907329
-55.668618405710305
-55.65427154234732
-55.639924678984336
-55.62557781562134
-55.61123095225835
-55.59688408889537
-55.58253722553238
-55.56819036216939
-55.55384349880641
-55.53949663544342
-55.52514977208043
-55.51080290871744
-55.49645604535445
-55.48210918199147
-55.46776231862848
-55.45341545526549
-55.43906859190251
-55.42472172853951
-55.410374865176536
-55.396028001813534
-55.38168113845055
-55.36733427508757
-55.35298741172458
-55.33864054836159
-55.32429368499861
-55.30994682163562
-55.29559995827263
-55.281253094909644
-55.266906231546656
-55.25255936818367
-55.23821250482067
-55.22386564145769
-55.209518778094704
-55.195171914731716
-55.18082505136873
-55.168454654284666
-55.11191318034962
-55.10086605809692
-55.08123836529927
-55.06174105200181
-55.0424690087335
-55.024113205653464
-54.99241000416195
-54.96762721832176
-54.97411171772965
-54.95349451428685
-54.966755078012135
-54.9650839212223
-54.962566993804515
-55.00417453939553
-55.01198308646691
-55.022006276685964
-55.05684418333836
-55.096495563719614
-55.104638582023675
-55.06770537542814
-55.05531237187675
-55.020151559300494
-54.973887847711
-54.92010942466153
-54.83823425082005
-54.817163563777704
-54.76350487449059
-54.68592667122527
-54.61524512851925
-54.55126842765357
-54.45041857438879
-54.35540389445828
-54.23793008113736
-54.1155398934767
-53.92768369847251
-53.744008284446565
-53.51116089507031
-53.229162758432594
-52.852690251997174
-52.39039190157278
-51.84280793609007
-51.20558252922394
-50.42848391275602
-49.49615248098321
-48.382617874445735
-47.06925826484035
-45.47099678896348
-43.51284185870099
-41.11626480494982
-38.181697882222224
-34.69837074587708
-30.55207922261926
-25.688492929201054
-19.897253036097567
-13.220559124652823
-6.182318731884296
0.6196037178274244
6.709408712373618
11.712621787006054
15.561818280201292
18.385604454863024
20.407479173640986
21.79072557711762
22.722720159738092
23.331134856092127
23.692933205972157
23.873754020061934
23.954150242093046
23.921123187488288
23.86199500984898
23.742770437684136
23.553380039476878
23.34767927977681
23.08662114256602
22.78556562261444
22.452842635412942
22.099048345882903
21.795232125646265
21.5013015475501
21.187974502405602
20.869009923509072
20.57269372821786
20.281671491852332
19.945327162777062
19.6269036678244
19.304603903781633
19.001322792147047
18.659066273977484
18.288374757955584
17.925530163920033
17.591964782411857
17.24946304223847
16.88560243707385
16.531232413341787
16.17846128272199
15.7697089159845
15.377910551783028
15.000845095933968
14.602566212928021
14.253882045730482
13.89427282736851
13.530651898393291
13.172411886056711
12.80754216253786
12.445623320110702
12.076880282970635
11.728652768910521
11.36064902720604
10.959992882111063
10.608487639263213
10.243574169318164
9.849463190344068
9.467965280199328
9.073319701024424
8.657392333937132
8.240195592402042
7.8043527822344485
7.385138026954814
7.009019806717161
6.590080617391117
6.210328591288727
5.847302306386629
5.4526468347119845
5.040327671996436
4.651113640669888
4.275501786901237
3.8962752739134907
3.482239591225408
3.0403477683985214
2.6461354829684134
2.235599317687366
1.8113695068515976
1.3876751262883797
0.9029909071580045
0.4392215240894225
-0.03601661637629374
-0.5071782925188777
-0.9832082658773514
-1.4560481319888274
-1.8899738665413643
-2.3591437922320706
-2.7906931650702034
-3.2508149108309126
-3.663628511800858
-4.138553918548487
-4.607213349805355
-5.0277292984833135
-5.510339075123601
-6.029266978845024
-6.5377574963428975
-7.045296414058423
-7.539209629129602
-8.066193935202056
-8.622027612462144
-9.195705807076143
-9.780766674537853
-10.365755527547815
-10.924018222486932
-11.47063542241868
-12.04408726615758
-12.586016280063047
-13.11826920811991
-13.664679520199412
-14.191358498633594
-14.781410548549262
-15.33053040239754
-15.883955995292657
-16.481880743928535
-17.05504915306111
-17.668354381064685
-18.288515819911918
-18.901513565681963
-19.5492622726057
-20.199832569580035
-20.849068709846538
-21.551290639058916
-22.22230285816366
-22.893076576697048
-23.5498268426233
-24.19224873606069
-24.808208541298125
-25.438742651127335
-26.09074894752039
-26.723859652471578
-27.35806112378645
-27.992478056928032
-28.616589003873553
-29.238210880384276
-29.910582659199665
-30.572646724912836
-31.22435138953839
-31.877481439736698
-32.54682990772963
-33.21733680094528
-33.91301321464585
-34.601038933445594
-35.264690395097276
-35.90036006378101
-36.5476512973482
-37.15468999562547
-37.765040953923396
-38.39538695710594
-38.98933809334869
-39.58346344143865
-40.151278982836516
-40.719701938323325
-41.302379211126414
-41.84465904900354
-42.39813040779635
-42.93569889596191
-43.500615771426716
-44.0563534124048
-44.61502969952942
-45.14289416842883
-45.724981941890235
-46.26882463773776
-46.79861965495122
-47.34528195508615
-47.83437261500369
-48.292608369963155
-48.74444210599194
-49.15921179615184
-49.56488541019653
-49.95689615146133
-50.36648648855486
-50.77501634575773
-51.14490652670424
-51.51992499279193
-51.88390650657255
-52.25455139712093
-52.613180940516905
-52.973589624313604
-53.306355270668625
-53.69097675220936
-54.03230657657202
-54.39842843608425
-54.74608266791738
-55.07503761181149
-55.37427317358809
-55.669434204004226
-55.941317608492895
-56.17484697060231
-56.43217623854266
-56.6461198328618
-56.845641242015276
-57.06375173721478
-57.24874466766513
-57.461833651324696
-57.70594594149433
-57.916329682636736
-58.13515467095418
-58.377024410480864
-58.608677949959976
-58.75669431921455
-58.86853657824808
-59.0379630684272
-59.246865167231704
-59.43644503327347
-59.60483952932519
-59.7226942426062
-59.78507985133104
-59.88651829064525
-59.991357737248975
-60.062150395532676
-60.16346129902299
-60.250924715600554
-60.319728282925034
-60.42492296736053
-60.52543716141463
-60.63776808656437
-60.728497120234
-60.824017590579956
-60.90657918869313
-61.05581744806202
-61.19208494177009
-61.32377177713112
-61.485962799927634
-61.59616012225536
-61.68016355861583
-61.79836136836984
-61.86419067637097
-61.91772429896164
-61.961720501174135
-62.00008018368072
-62.05980239158508
-62.08362027926854
-62.13527624040482
-62.1723837799142
-62.20283267278186
-62.260588098696424
-62.33481684971646
-62.41136990235668
-62.48403524467114
-62.56558373742335
-62.699843085884744
-62.790919614985384
-62.86387909595162
-62.945269167319736
-62.992017455822854
-63.031560937416124
-63.05166404622876
-63.06398259272361
-63.080197773698806
-63.06115936136322
-63.05831125681164
-63.083574152588035
-63.07370204145494
-63.10755209955141
-63.09536881834013
-63.13115007940898
-63.156689464554674
-63.16891032469776
-63.21535727113728
-63.21974834480765
-63.2880292257482
-63.342917597283545
-63.400507363269305
-63.475469307097164
-63.48686340212908
-63.49130983487603
-63.497571260849064
-63.4696265375613
-63.45638561045778
-63.437115005232684
-63.445477193061784
-63.410129027871776
-63.39359218243414
-63.40555042609072
-63.39605395926627
-63.40322287874575
-63.41519002229885
-63.40496303048517
-63.423837371965305
-63.46823175277858
-63.51086289463455
-63.559784200921364
-63.61774630899741
-63.63768911912539
-63.65444276048513
-63.670942039803535
-63.667716067114256
-63.658575107840804
-63.650454735048335
-63.62283095133315
-63.600188929786434
-63.562843231144434
-63.55251562227721
-63.55549521194466
-63.535241535265165
-63.51813805705368
-63.502288874989574
-63.51106524132939
-63.51760100079326
-63.56454913001219
-63.5938240599562
-63.63076638911347
-63.66423176202527
-63.68574605992327
-63.701556918595365
-63.70058139032217
-63.65306531219593
-63.64588681929581
-63.607759762699615
-63.579733441357966
-63.54513184536656
-63.503239950423335
-63.45249899566887
-63.43940122622805
-63.44117796958746
-63.42363067386401
-63.417394744112826
-63.38958938074312
-63.41347336829243
-63.449236522243815
-63.473385199622875
-63.492379126970654
-63.53392652686056
-63.572571331751014
-63.55675131324472
-63.51676861584722
-63.503657621337645
-63.4882402852293
-63.438857138712
-63.43086916489706
-63.39905544216575
-63.355616128947695
-63.30583500491192
-63.27894081840214
-63.27597431633223
-63.235377565506276
-63.2354539645578
-63.23806851282433
-63.22096750884104
-63.23343559804379
-63.26034765993612
-63.281448453223845
-63.30796932908364
-63.323039430329295
-63.31305130143746
-63.30369617518652
-63.28626089963526
-63.25113659602637
-63.19910010117511
-63.16404229131058
-63.137756733443055
-63.10799770909519
-63.07624986303393
-63.03947562341535
-62.9997829833657
-62.97594231593509
-62.95648234913541
-62.953513075977774
-62.97883828621953
-62.98407564340234
-62.975597304861004
-62.99874370333852
-63.03552713581248
-63.02995791890405
-63.03088808502593
-63.003510112560434
-62.97496603353137
-62.93113374526553
-62.90405059840463
-62.86384772929206
-62.83975093962194
-62.790614816598854
-62.750741182480546
-62.72133408572579
-62.68045108003418
-62.66845779327696
-62.66918360871371
-62.67024611605914
-62.65001918807481
-62.667191579107694
-62.67781911901635
-62.691007272591385
-62.742172877930194
-62.76976158421524
-62.73675516468792
-62.7140128540586
-62.70693069333475
-62.67233777200677
-62.60669277770092
-62.587267249508436
-62.5496759362351
-62.489954292943786
-62.44348826924517
-62.39745609025031
-62.39755671500664
-62.35116499360066
-62.31589076258104
-62.31222324078437
-62.30983348558154
-62.31557299700245
-62.32608850277564
-62.381544062938005
-62.40360401169331
-62.41923450928357
-62.41971363598902
-62.40311167093288
-62.381089706936685
-62.344779427849225
-62.28436960341033
-62.25387902102564
-62.24375900299151
-62.194139228370645
-62.141860183661365
-62.09632443326205
-62.09006461231458
-62.03284046463977
-62.00386740888008
-62.020177139770205
-62.02626370555824
-62.017613411692096
-62.04904810017729
-62.07413021110801
-62.105784787545645
-62.12462343335317
-62.10857140264503
-62.0794631893428
-62.06855474820642
-62.00678913327133
-61.9484797897283
-61.91907791820017
-61.895351840912284
-61.82522687981577
-61.797401729757226
-61.75561239837504
-61.722260753770954
-61.71675058764028
-61.670594045605405
-61.667846550145775
-61.65793623251776
-61.65681820080186
-61.661076787468744
-61.67579018614191
-61.741582342439294
-61.71739340866663
-61.70690906856725
-61.695076537933275
-61.65805573252728
-61.62277366471891
-61.60177570754755
-61.56407839754304
-61.50876743650323
-61.4778561766688
-61.40120131936077
-61.40631377539679
-61.36659880956323
-61.34132621367463
-61.31148038777485
-61.28091715592306
-61.304294375578806
-61.31417605124686
-61.30848834049907
-61.34404222360427
-61.39518625417655
-61.38270208542395
-61.38008320055536
-61.35382884642654
-61.33223676329322
-61.27060419801391
-61.248145931188034
-61.20470496594266
-61.16256689849924
-61.12193539565546
-61.04737202602
-61.00588220073355
-60.95955003407557
-60.9466628018261
-60.90806162876485
-60.90143291706015
-60.90150462179873
-60.932479652760215
-60.94165162184561
-60.9544389849021
-60.996120456137625
-60.98736418716157
-60.99608044565447
-60.966841792556075
-60.92855394242631
-60.886914411419305
-60.85272768970505
-60.7880417075833
-60.74118091721641
-60.71404864278133
-60.693236969178265
-60.66723372419654
-60.62758098004284
-60.605981306848754
-60.595668396612744
-60.58495903100628
-60.60118576999588
-60.61527625986726
-60.6198624066313
-60.647095004180855
-60.65900085207966
-60.67270152073382
-60.65225393574594
-60.639084492605946
-60.60538869950839
-60.572027516031646
-60.50647119148659
-60.442450739271735
-60.40000827082134
-60.36370088574914
-60.344059248503434
-60.29929686757242
-60.27139907347707
-60.25772667859268
-60.25264749636033
-60.24610699943211
-60.25677768852551
-60.256977097308074
-60.2615169044987
-60.305755543461466
-60.34180237716725
-60.342699776932015
-60.34882723016618
-60.33531831037589
-60.272637249620395
-60.22804066390262
-60.18062068653284
-60.15890157952309
-60.096275066609
-60.03775561240332
-60.00686107562458
-59.99466455115503
-59.95283204275391
-59.91844065148502
-59.91618234709559
-59.91261166960286
-59.92168123103032
-59.95218623727141
-59.95812222931882
-59.951404456733094
-59.98313404652252
-60.002528420983836
-60.005251534628236
-59.958652045662255
-59.93079645148581
-59.88595062082597
-59.85648705665598
-59.804623866691664
-59.76286063667464
-59.729449651042096
-59.68987289578032
-59.669707780088075
-59.65160949384356
-59.63423404502682
-59.60520302568141
-59.60755480518967
-59.615090844286364
-59.64194150443863
-59.64403430784626
-59.67131795678631
-59.69872895881998
-59.715031396121034
-59.71936615322824
-59.70776347757954
-59.65769929117797
-59.59776967576629
-59.550948519588296
-59.49082982607842
-59.43422302597084
-59.399682478733794
-59.359592721314144
-59.34844779454405
-59.3198478397785
-59.31390309341866
-59.291785153313796
-59.31012905553416
-59.30870098951671
-59.283590837036456
-59.295185120998106
-59.32750076578516
-59.370266261493704
-59.36985688109867
-59.333133931273395
-59.31261045619946
-59.29842705020799
-59.265284559715134
-59.21736725374366
-59.188729874896
-59.139096130435505
-59.100499163455815
-59.0706784816911
-59.04500138316357
-59.07085241008942
-59.04466728665621
-59.00259257974703
-58.990195141998925
-58.987866624904846
-59.002140229501556
-59.00493671933297
-59.036285964750014
-59.024931052737536
-59.043857937062306
-59.03821901911702
-59.061938967930224
-59.017727828330486
-58.99164852996382
-58.934093096272726
-58.90233131473085
-58.841450068734325
-58.81045946163681
-58.769872161455524
-58.71271785786529
-58.72282735507675
-58.712641335142514
-58.697888060616506
-58.69006696765193
-58.683676423391866
-58.71340746080288
-58.73725108618395
-58.746887374677286
-58.77452338630267
-58.78375952212975
-58.7792011090412
-58.76374958301527
-58.75271775022897
-58.726261707164
-58.65404970531548
-58.61921108193872
-58.569451237377145
-58.52009358149037
-58.49084835693962
-58.46535042786804
-58.44789486774523
-58.444232401099455
-58.430510670473375
-58.41269406906368
-58.41669886379959
-58.41956668164321
-58.436962938134606
-58.4679740891247
-58.49246063101308
-58.50454495575767
-58.51107610878454
-58.50855625508727
-58.48430200991385
-58.44190074283462
-58.377819304191554
-58.33847083627455
-58.294291700695794
-58.25722838430482
-58.212631758876604
-58.206688523589
-58.179765918554175
-58.146509051984815
-58.137620809236076
-58.15368049993702
-58.13799760319739
-58.15675734943256
-58.17323485906526
-58.2190888256351
-58.232274269796754
-58.25101495738419
-58.251146381350985
-58.223823738897316
-58.21466750787221
-58.175344693848785
-58.11757500142124
-58.07118161470646
-58.06119297133178
-58.021226816998514
-57.9575920678972
-57.93186097338741
-57.891182822821186
-57.88468877533256
-57.88214928639568
-57.87470724861545
-57.88751250579393
-57.895040954976636
-57.921890141936444
-57.9282143082138
-57.973653194663015
-57.97648682728795
-57.96537815817139
-57.95049338318392
-57.90748411047041
-57.865512131255635
-57.841140878870874
-57.79179412724185
-57.74584572358866
-57.70614360588617
-57.67632180541132
-57.63432436218609
-57.639334543145004
-57.62430564094916
-57.61228371997562
-57.60508471036456
-57.62458180521731
-57.622564546502176
-57.65440635960949
-57.705426493100234
-57.74209287092869
-57.733795379722245
-57.71734773736811
-57.72593108771118
-57.69064581383396
-57.64888054569369
-57.612759444322315
-57.568444136803
-57.5116631343206
-57.48706979314887
-57.45459290410637
-57.421873279500744
-57.414776058528865
-57.38934622947728
-57.373136509688216
-57.34906941713972
-57.37771361603718
-57.40925832713528
-57.43885645592976
-57.47224818931432
-57.48746893986044
-57.4969728517406
-57.50547561355868
-57.473109710695965
-57.443474973145136
-57.41343008607782
-57.39288146387803
-57.34124761044809
-57.301774712426024
-57.253421274939356
-57.23388810741494
-57.21546181052685
-57.20056302011081
-57.19504882719392
-57.17193745749934
-57.167605263479444
-57.1577404729112
-57.18158749473913
-57.21614992104188
-57.24027905580618
-57.27563905852132
-57.27697432605659
-57.28564535582084
-57.26291444398471
-57.234135591953475
-57.198112990287804
-57.18136202056633
-57.1166497027214
-57.08886286624344
-57.075543953022326
-57.0096976246554
-56.985043913050205
-56.9743569665527
-56.955371879839376
-56.96146715726399
-56.96058054496027
-56.96906298294534
-56.988396053236364
-57.00416870714237
-57.020503580808835
-57.071032445194554
-57.111999895451355
-57.11652650552513
-57.0909083078912
-57.05800117997244
-57.01200895604476
-56.98441913004547
-56.95665798381039
-56.91585081803674
-56.88800246484731
-56.83807841980088
-56.80892158188397
-56.79035084527335
-56.77706262777958
-56.7926774724055
-56.80468343434125
-56.76571547701616
-56.78871441995218
-56.841282770982446
-56.85245294852033
-56.87382602063029
-56.8905054076825
-56.88783171541953
-56.87062042417374
-56.866710854416915
-56.82056410474199
-56.77074917477228
-56.745113536348846
-56.70157337979544
-56.673035603876485
-56.63903386920247
-56.643157252981055
-56.607196979397244
-56.588271837669254
-56.56664314909899
-56.56471677281713
-56.57741664799796
-56.6074812188441
-56.64490663781811
-56.66916567422673
-56.72289365658559
-56.735538945539524
-56.72285623340004
-56.72653366578702
-56.69397785244342
-56.670522756909314
-56.630491243994
-56.573879548116054
-56.583497330974986
-56.54179699670287
-56.481880521098745
-56.477236616255865
-56.460175476684924
-56.44776433275057
-56.41882325051576
-56.405750460351655
-56.41945302084414
-56.450300841778
-56.47576537075899
-56.507184273532005
-56.52500421516702
-56.54659178669839
