-63.758350456460725
-63.758350456460725
-63.688789363849416
-63.61978387316236
-63.5318598910128
-63.46430895509039
-63.40136423338516
-63.33381786411288
-63.305289274923986
-63.29393724894815
-63.31623937137846
-63.316278004543896
-63.35518804279876
-63.411507199165065
-63.449563802902766
-63.46841140952288
-63.48689967197767
-63.53103571626969
-63.57506122168678
-63.59469154615364
-63.53648557337857
-63.467456284340436
-63.397434098990324
-63.30847051508177
-63.23301900698553
-63.145197438090726
-63.0867408202551
-63.039928302686896
-62.99175400068325
-63.00874648289895
-63.00527999366682
-63.02726063259185
-63.038425013207835
-63.07460841536877
-63.10502735588643
-63.15321853564641
-63.18100424593558
-63.21036236829269
-63.23615429842765
-63.222934802175146
-63.1825257741552
-63.09074538773812
-63.01489301429828
-62.92580020115523
-62.851064495751814
-62.77486606174522
-62.70480143946545
-62.64964392903186
-62.60020386253111
-62.578304575258436
-62.609342499609426
-62.588688618825614
-62.55925636561026
-62.5298241123949
-62.500391859179544
-62.47095960596418
-62.441527352748835
-62.412095099533474
-62.38266284631812
-62.353230593102765
-62.323798339887404
-62.294366086672056
-62.264933833456695
-62.23550158024133
-62.20606932702598
-62.176637073810625
-62.14720482059526
-62.11777256737991
-62.088340314164554
-62.05890806094921
-62.029475807733846
-62.000043554518484
-61.97061130130313
-61.941179048087776
-61.911746794872414
-61.88231454165706
-61.852882288441705
-61.82345003522635
-61.79401778201099
-61.764585528795635
-61.75214218183616
-61.688889319094585
-61.60151996358561
-61.54382230985024
-61.48483305960423
-61.4246697743366
-61.363046706654444
-61.32397338264133
-61.283030820496286
-61.29788216163614
-61.32059317746173
-61.336380290269624
-61.329270005312345
-61.36976469652793
-61.42190993151918
-61.43567242097506
-61.47596108184824
-61.530310053611316
-61.55210521881407
-61.533452000386134
-61.48046702958513
-61.40880463370592
-61.31982479706112
-61.229643060288424
-61.13655630223334
-61.04901982681984
-60.98242440674999
-60.915299835119434
-60.879472864706855
-60.86773585853726
-60.86099493858095
-60.88097996720194
-60.90931123124909
-60.952933478766546
-60.96341085020262
-60.98762532591428
-61.00982967676856
-61.020360425665835
-61.054287828169876
-61.067094538359186
-61.022193422200836
-60.93083019949976
-60.857962707074435
-60.79511950205831
-60.70586677888087
-60.630066942332
-60.56136140554619
-60.496761684928146
-60.451635765117146
-60.46257708824975
-60.45477634609203
-60.45151873878273
-60.475097128288255
-60.48530607146502
-60.52255298362449
-60.549528901508225
-60.580926209933736
-60.611627486209045
-60.599328066414046
-60.61008326337688
-60.55029733376439
-60.44373285643354
-60.304934278181285
-60.19047106741795
-60.05499450483792
-59.93473656851279
-59.80526528123825
-59.642566300610255
-59.49080901607613
-59.35146564888894
-59.20006000450968
-59.042414444208674
-58.81568144287191
-58.579765912158095
-58.31450564860895
-57.980068623552846
-57.58379199845399
-57.13470766244967
-56.63258726048281
-56.04170044570854
-55.31021396747804
-54.46018693408247
-53.511903683106176
-52.46147354667339
-51.31881227627474
-50.076406923113666
-48.65157727951369
-47.06318161493176
-45.286276731066394
-43.167122720190775
-40.53879337410852
-37.05361908521774
-32.43283074099878
-27.136331879299895
-21.503600405029534
-15.315238196357065
-8.457095730349277
-1.4164140658480635
4.985421041634501
10.256005680044556
14.320894086043953
17.37982339268785
19.609959701067083
21.239551860944953
22.40067815987134
23.2582389088806
23.886582490812103
24.298836115395307
24.581586278376655
24.742222855721018
24.811325094360456
24.780536681495104
24.70117237234773
24.56456355497666
24.380120044262785
24.187256547702937
23.942967702233023
23.685194238054095
23.40995112587642
23.132904918343534
22.88317203867617
22.662236974222655
22.449539668551495
22.240256252092326
21.97742195109488
21.742628554178758
21.488429448908008
21.22876825400446
20.926169582474454
20.588408382927128
20.238370690998135
19.89296098879748
19.50266567044913
19.10950851233615
18.73140915019211
18.329621815576278
17.953469394720905
17.544054520827117
17.156400383245234
16.763544835520367
16.43701036942438
16.16386420458283
15.873482345439758
15.588145424331046
15.273912399144278
14.99174110443966
14.660589553900218
14.351220980491856
14.005127813653159
13.63813029987753
13.254704389246749
12.853796113706078
12.475392681054776
12.07348682403906
11.675593017800239
11.291805639064481
10.888264820504533
10.480971871627176
10.064858423763784
9.655924647306176
9.306129007611993
8.962262908777264
8.645548627885345
8.32899930704325
7.994204771960972
7.665240078616104
7.314160096333108
6.968099875331004
6.584024529893964
6.18240756071511
5.7768612954403995
5.356928010967088
4.909112326010097
4.448467195527956
4.001222317329713
3.5261854697316632
3.086364181776122
2.5898422005391923
2.08663592483999
1.6388648343869863
1.2242291788840003
0.8576946309309442
0.49178046812263265
0.14822078796382962
-0.2623248250737693
-0.656508323579659
-1.0406682939415255
-1.4590870985991118
-1.911022487661637
-2.3879997544139506
-2.8800993691442276
-3.3907217760959987
-3.9060685237978694
-4.470771254430304
-5.010064965445423
-5.561251756471852
-6.103248299744131
-6.660167411939253
-7.252366159417682
-7.759441899845141
-8.251534089877458
-8.702062477797037
-9.156562553684505
-9.634083669073755
-10.105853708136744
-10.596565417854377
-11.063378479008158
-11.584884638159526
-12.141596772955594
-12.714700229474559
-13.268051602868633
-13.857712788896213
-14.483673656199782
-15.073864337231988
-15.713631443075423
-16.338584207041155
-16.967080988189313
-17.602956448946056
-18.245397463733212
-18.884118252678988
-19.467892610609713
-20.019216175323255
-20.5725401302094
-21.1465475002457
-21.71167259390827
-22.28257020912068
-22.888712716438317
-23.46570065077038
-24.116207509306104
-24.759120639101766
-25.447310017992052
-26.118301747065484
-26.798358086709108
-27.52087351413792
-28.206546880436342
-28.895838444239786
-29.593149610979857
-30.297553491799004
-31.005048134593117
-31.670982022397713
-32.293124129790414
-32.87686192941783
-33.45260214483625
-34.03592691343854
-34.64008080310933
-35.196196600263406
-35.80117416615075
-36.373748584955365
-36.99469287989591
-37.63266907105038
-38.252664686131176
-38.89426334362042
-39.5440930439482
-40.203560131328615
-40.87163906364348
-41.511553553767385
-42.131542976016256
-42.737781767808634
-43.35556778591722
-43.935242857105266
-44.478859271134525
-44.93976279781648
-45.405986799523326
-45.84440459626351
-46.30752193087512
-46.76802522985534
-47.20275656811049
-47.639867044474876
-48.12161137686006
-48.58622683537175
-49.06469348115424
-49.531349337824146
-50.007387197677325
-50.481052454445816
-50.95251021909608
-51.389767624369995
-51.845603195188595
-52.28367170030432
-52.695245827974084
-53.09555633717947
-53.41639539331885
-53.71555969575338
-54.00173613509137
-54.25222411336836
-54.526708924726215
-54.79315298245573
-55.05867234401524
-55.312995298172346
-55.57576939581486
-55.85892293616695
-56.1574884908512
-56.45327932134768
-56.74328586862946
-57.04405339352112
-57.34487238912596
-57.64510104854164
-57.92157854983616
-58.19211520140328
-58.43877536368058
-58.689426830882006
-58.873065655493235
-59.006510945768746
-59.12298019122843
-59.24772400385326
-59.35848067347456
-59.48221526275742
-59.576229579619955
-59.690187316924
-59.838026520792205
-59.988831829488795
-60.16195831496218
-60.32649259887918
-60.50399116008352
-60.67880863750537
-60.855079525442044
-61.03475357770582
-61.197849909838034
-61.38566160455084
-61.539992731522624
-61.70426681751568
-61.79061490120424
-61.843362289135534
-61.8675808122831
-61.91354875199494
-61.92303522349356
-61.950967215205345
-61.96765493410794
-62.01364339348902
-62.099832310159265
-62.17816358035234
-62.286804469813
-62.38805347682537
-62.48681630391315
-62.59319689648895
-62.711190708460784
-62.817060196345345
-62.92469839028299
-63.01933629592598
-63.14231995746852
-63.22412418984768
-63.256499893994416
-63.246243826138446
-63.214273127201345
-63.18900476458061
-63.197163980875914
-63.17175796280979
-63.16541565536288
-63.124380646227735
-63.15904867614873
-63.20416640449683
-63.25278253206934
-63.30525299343253
-63.363660393981284
-63.44644561935045
-63.50740926581004
-63.59840183513536
-63.674974626909595
-63.74646549040603
-63.81836219876222
-63.878497557198074
-63.870051989398185
-63.81963840784459
-63.77613822498978
-63.74623459101987
-63.68621020025071
-63.62915236699928
-63.60100695613303
-63.59197438830989
-63.599130815490895
-63.603569025166244
-63.63769940225865
-63.66793801924845
-63.69590706395113
-63.7499501132918
-63.83341162466882
-63.887339968268385
-63.92888172295297
-63.9796540332506
-64.02351050463831
-64.05487664293676
-64.03892728602496
-63.99127238066395
-63.909683174511535
-63.85408247707934
-63.809331683921634
-63.746771139289784
-63.70819799422428
-63.65562367030349
-63.67121523869532
-63.66387607799349
-63.68329313499502
-63.72229673510394
-63.732487497264735
-63.79365302371266
-63.82812988477082
-63.88351858489597
-63.91981918544663
-63.987706424251066
-64.00396164537447
-64.02618074292064
-63.99526700625239
-63.93173684063411
-63.87528918935903
-63.808844067208064
-63.763375114257244
-63.70373869410726
-63.63445608323431
-63.57386989002402
-63.55268087039594
-63.567626171817196
-63.59316732225455
-63.59572943186873
-63.60650484274272
-63.638751933546494
-63.68641856895622
-63.705957455489326
-63.74198582225047
-63.80080961993831
-63.85605706621321
-63.86706291312977
-63.814761481159394
