-61.64682541151171
-61.64682541151171
-61.66131327941977
-61.65893667656769
-61.70749282957778
-61.73675347012815
-61.74004231827823
-61.74268420776553
-61.69125455623112
-61.67424519515392
-61.64668750703074
-61.616334682198364
-61.61611443829372
-61.569871840186416
-61.53177793217058
-61.50879919131802
-61.54496930437214
-61.59440195570019
-61.63641686289677
-61.66024650830354
-61.628532905794295
-61.649602148261955
-61.66536584974525
-61.6610391733632
-61.678903892587414
-61.70704212886445
-61.73484479733349
-61.72232982271237
-61.68989684871401
-61.647501783141585
-61.61349419469249
-61.5955504446589
-61.519528603301694
-61.499874559006834
-61.47025746815634
-61.47609600856631
-61.48245607589892
-61.551953546658545
-61.53234560952091
-61.574470663169826
-61.58433463177848
-61.587603694281114
-61.59701445541705
-61.61539510582174
-61.66597892682049
-61.67996439560579
-61.681966089939145
-61.675701344237915
-61.647321806506056
-61.63442845433181
-61.612907716630126
-61.5749150513847
-61.551607662911245
-61.50937615366462
-61.462583677887956
-61.44808959220665
-61.502564829511364
-61.534362776613555
-61.53988411338
-61.53271501766696
-61.53762450986813
-61.528857731992844
-61.54924306591158
-61.6282205314121
-61.64027389196965
-61.65140583348964
-61.68053675363055
-61.67045864803607
-61.625037777420715
-61.60946579989031
-61.56550255267103
-61.536368574272664
-61.48551075664233
-61.47300643705173
-61.43783755593356
-61.40066850261542
-61.479846676154374
-61.48451648101739
-61.53470210335789
-61.55040515841747
-61.54773376266005
-61.561937111633874
-61.5561239308284
-61.59619786662461
-61.60466309996672
-61.61975330843244
-61.598712327482225
-61.5985188042585
-61.606781180886536
-61.55376484181136
-61.51583114626123
-61.49238305263018
-61.51616569497437
-61.44474531846647
-61.41406054664041
-61.42537279529112
-61.45127262648609
-61.48529248551026
-61.511608325690496
-61.510855287313895
-61.493637340707984
-61.480883657942336
-61.539807086057145
-61.53962199882081
-61.60357793814968
-61.61756860994723
-61.61151403100448
-61.619262117848535
-61.57984786887468
-61.55103122797541
-61.509126368908106
-61.50640515704657
-61.48495040733429
-61.419955332440445
-61.39674498334299
-61.38014539387683
-61.41391295099216
-61.49655809801177
-61.530961407381746
-61.48742714935015
-61.461922260228
-61.508706123639804
-61.526917476103854
-61.57286137083355
-61.60119242909843
-61.62336903793432
-61.64424224997001
-61.6220631316855
-61.55974850121445
-61.54395169328655
-61.52990795316583
-61.49250457837966
-61.45040139869309
-61.40817156440633
-61.40307742915965
-61.38815696735137
-61.414775552528845
-61.505578109864665
-61.505473508801096
-61.51229555577837
-61.497260089544966
-61.46074214290911
-61.490661404775125
-61.547708173306994
-61.56415715335413
-61.589546597752076
-61.59793968360025
-61.62713267989747
-61.56897239790468
-61.54687067117218
-61.53654533950345
-61.50053766683371
-61.45626664061759
-61.41199561440147
-61.367724588185354
-61.32345356196923
-61.279182535753115
-61.234911509537
-61.19064048332088
-61.146369457104754
-61.10209843088864
-61.05782740467252
-61.01355637845641
-60.969285352240284
-60.92501432602416
-60.880743299808046
-60.83647227359193
-60.79220124737581
-60.74793022115969
-60.60039264920318
-60.280968922836784
-59.78709743094314
-59.14608761675288
-58.26165683366355
-57.15305157741053
-55.86869763172148
-54.24945246575938
-52.16762712728692
-49.31105455747839
-45.27286236082994
-39.57763300205053
-31.93949638989186
-22.381218826498326
-11.164798292185315
0.08049484671575506
9.32664805161442
15.973127197136703
20.514396285261732
23.55041829009221
25.56637167096365
26.891633829802576
27.76775556984913
28.372388670769414
28.799003350332157
29.096098989284524
29.202709787849546
29.249431574274453
29.200973154030752
29.126655764825582
29.035515760900157
28.943726283146972
28.79651464084716
28.621134832044547
28.39926744309945
28.14178299239194
27.93131264578832
27.723465997813907
27.51922203587326
27.30548637560919
27.081695828488662
26.869844925483704
26.617643574469387
26.33992835855813
26.16360850552771
25.905494308043064
25.6250657288338
25.283026253352105
24.92746112136877
24.60557903570437
24.30311919553407
24.035591253329017
23.74778209982908
23.447769705316826
23.12604553809285
22.75847969291166
22.450339666173576
22.129152716721155
21.826547577772548
21.543444929642718
21.282649605959477
21.011898209447207
20.725947549155702
20.43734544666731
20.155065755492664
19.87184421383345
19.55067201537723
19.190112000281612
18.794255562224066
18.40357201151628
18.097114186562404
17.774883537172332
17.392977678792683
17.029494075306868
16.644291573305214
16.273158319354888
15.926660190994903
15.57667201270016
15.247500174316095
14.902253152431465
14.560369526287275
14.212961196384777
13.866029581444474
13.592313198701548
13.222054833700673
12.886985364713828
12.524810438728425
12.090300305739545
11.665371646216572
11.256034420434709
10.848844628051724
10.472257187783446
10.049291587010137
9.590848578755688
9.0951505356575
8.62587457146167
8.119719260158938
7.627331655729994
7.132406338639513
6.650755337706339
6.234022044858736
5.7727196319959795
5.324092728018795
4.8763273502010955
4.430378114975386
4.020333853656643
3.548292778325123
3.0567280630528573
2.5731557310412074
2.0819946694852463
1.5855767339493239
1.1442304559360095
0.6554905036129232
0.15659339202792696
-0.36183802649273167
-0.8730938000418352
-1.3732937645105714
-1.9040277711940377
-2.356696738985854
-2.8215663553397605
-3.2533934042209363
-3.6639525564025597
-4.1000440770232265
-4.49765278902406
-4.854553139184877
-5.2694538192009714
-5.681263382851697
-6.1789331698737575
-6.668221591405859
-7.15583293724767
-7.671506163433599
-8.123772180649576
-8.61399813904656
-9.125798495090198
-9.649368690331576
-10.166471367629539
-10.663490140515883
-11.15862467369263
-11.678791799303513
-12.16032021285343
-12.653024142779566
-13.146149936329023
-13.656862592784494
-14.151724938446513
-14.638150132618355
-15.135607206380156
-15.596609791121589
-16.13729674202164
-16.689500761403185
-17.20841032316019
-17.70634096779601
-18.20777069387523
-18.769474787125755
-19.308599658754996
-19.834996495187962
-20.404343887456246
-20.95177395170233
-21.47147764487237
-21.96735054824072
-22.462011627291457
-23.02161610668855
-23.496674522621728
-23.969276183421652
-24.468638601996357
-25.00646698893267
-25.556658678420614
-26.047309729909813
-26.602953180666134
-27.187531692436036
-27.760137630079374
-28.233474145436073
-28.658919502303714
-29.165475471340372
-29.61618490437516
-30.030340099408747
-30.442988264906035
-30.917478676532152
-31.420335229092146
-31.871115313600452
-32.2858109691689
-32.69300933345408
-33.138282577448685
-33.46738923952915
-33.81859376978522
-34.24390032415876
-34.650427031567325
-35.047880361489796
-35.473308662021466
-35.91651497710398
-36.36407891185076
-36.784045850382086
-37.21314745503549
-37.64727006446651
-38.06623806093148
-38.48251655764879
-38.90765787104541
-39.33452080735355
-39.74369181743031
-40.15653219199829
-40.53262700159084
-40.89582724965684
-41.26050288136137
-41.60848239779343
-41.95307691569046
-42.30852464962887
-42.6383698886432
-42.96197773415208
-43.32155661452537
-43.70678766643565
-44.06567517281393
-44.390096430429594
-44.70758396516914
-45.01600087432494
-45.36455191315168
-45.714465189860164
-46.03353912341088
-46.36567365888988
-46.67901358645555
-46.97492467377726
-47.2774278301437
-47.53863730688813
-47.79318055312954
-48.01483219452075
-48.2739859420788
-48.51222750083267
-48.752799469515175
-49.023106994665575
-49.30027259623197
-49.590263568276384
-49.85622564873237
-50.131938609065685
-50.38727380659122
-50.60531903094547
-50.838199764936185
-51.12316855966528
-51.35184398197517
-51.59737705388955
-51.85765530034786
-52.06085878000982
-52.255300342614504
-52.450612127254175
-52.64082829186663
-52.775646886310035
-52.96024450528714
-53.11683931913932
-53.2858877190881
-53.46982382829088
-53.674258655778765
-53.91381556686918
-54.13363866765797
-54.279615310675645
-54.47430508020211
-54.65256613948484
-54.845899093580634
-55.05969768966892
-55.23390579542075
-55.42438979936415
-55.597630036597025
-55.75335574678161
-55.90850791001427
-55.99460846040119
-56.1051090481238
-56.230502762726765
-56.3601567619775
-56.455191401651064
-56.5805949378109
-56.73890978850614
-56.89493530267614
-57.077342375575
-57.224991206670715
-57.37029687375574
-57.469060231692005
-57.61849234762315
-57.76274654025254
-57.898194993857835
-58.081812610604196
-58.21346329752387
-58.36511493327641
-58.475470236370825
-58.54244659473011
-58.62549805183755
-58.693613354823675
-58.772288851305355
-58.8509334102088
-58.92888303823545
-59.02985264678636
-59.12713025760063
-59.23244663031584
-59.384201019960564
-59.50914233263211
-59.621680220263016
-59.727808353633094
-59.79736755193343
-59.92565106786058
-60.026642214431696
-60.14346721215157
-60.28803322444579
-60.396922201065564
-60.46289145927302
-60.532578483226665
-60.60609010120991
-60.65811353159564
-60.721138510538104
-60.76055765697316
-60.79795168803185
-60.842650128788286
-60.886739647513274
-61.037767012522096
-61.144404099933006
-61.22746053693356
-61.306270707573056
-61.39963946634563
-61.471402345532766
-61.56714800697929
-61.685127928895405
-61.76338112544425
-61.82340444228027
-61.96433088310366
-62.02234992954153
-62.046557053087405
-62.08010320191564
-62.11120893143206
-62.17289864073076
-62.20161577710817
-62.24489108203732
-62.291707226948034
-62.34403368209124
-62.409440157292714
-62.53591458206869
-62.6164802549771
-62.673849047894464
-62.75144294808655
-62.817899701380846
-62.92290362666207
-62.984652695678086
-63.05399276851162
-63.148613061590254
-63.21161083783295
-63.29301573674692
-63.33714559010468
-63.37072362991598
-63.351714402162514
-63.383373009505995
-63.37319337315909
-63.4185663130631
-63.454828045703145
-63.49551402945966
-63.5707331415849
-63.62352718582164
-63.7065022769333
-63.772370609039804
-63.84248793400392
-63.87624513055197
-63.927876415311516
-63.9971830668699
-64.11060321232259
-64.1610785910223
-64.21582206439082
-64.30464893100617
-64.32484631747327
-64.29100131136192
-64.29649526714981
-64.30620432505877
-64.315712864907
-64.34307137762383
-64.38390129740355
-64.40062007017711
-64.46302296164306
-64.51859846436481
-64.58353056074397
-64.64764975292475
-64.6873633805413
-64.73870644969453
-64.78192414916587
-64.87537127958969
-64.92625372714488
-64.96185940046755
-65.03445395098454
-65.07151071727363
-65.1096929521682
-65.11533011904119
-65.08835071781584
-65.09544957090004
-65.08964528430674
-65.07473682385145
-65.09463671366082
-65.13985263352647
-65.21544099087612
-65.20410577015133
-65.26170030454594
-65.3128084582014
-65.3579766192855
-65.39602427729034
-65.4767206329729
-65.55963297667624
-65.60879881801496
-65.63914885574658
-65.65062765707434
-65.71460271666312
-65.72862400292439
-65.72952889690762
-65.68364733501018
-65.6885172497304
-65.70291893141166
-65.66188186635115
-65.71338506681269
-65.72535690414247
-65.78818427888798
-65.86988308081395
-65.89650465362594
-65.93101605305874
-65.96492901286526
-65.99622096940585
-66.05642200527913
-66.07515696972503
-66.13714497548813
-66.17389986324001
-66.20460125409213
-66.24600660968791
-66.25413479798911
-66.25338374703655
-66.24200715156853
-66.23678099102935
-66.19865867733462
-66.21116151515952
-66.20946903651914
-66.21539201478562
-66.29394354711098
-66.2968850411448
-66.33268523964841
-66.40422104433266
-66.41543901960647
-66.4404463765419
-66.4989145531367
-66.54378119745918
-66.57322340291877
-66.58654973578312
-66.63348238432474
-66.68395123572427
-66.69568240973136
-66.65531992885033
-66.63736006059777
-66.61021920046853
-66.59638016987464
-66.58425119606854
-66.56419809648365
-66.5605932797565
-66.60096698285354
-66.6552110790624
-66.6945277742044
-66.7270874754213
-66.75512204334746
-66.7757821807544
-66.8203222818121
-66.83945807766759
-66.91659061250557
-66.92496299812657
-66.95866868005396
-66.93762297257994
-66.96141920157355
-66.95607035711957
-66.89926527634948
-66.88244418819265
-66.8911364529651
-66.85153242607787
-66.83048115247499
-66.86743812607756
-66.89884563000068
-66.93910791670919
-66.99552581435758
-67.01928823223237
-67.00926302078858
-67.05805797663842
-67.0768493358083
-67.12488642007064
-67.1534070743429
-67.19005178837268
-67.1892702322991
-67.21143623334858
-67.19825090637313
-67.16973956024843
-67.14401195751871
-67.12188496721424
-67.09991128875167
-67.07483729090211
-67.04179186039988
-67.08556954876357
-67.12081609619479
-67.15142528921764
-67.17635911525807
-67.18076257832259
-67.22538359690124
-67.25569726952047
-67.23839800577956
-67.26777879312127
-67.3356614406486
-67.34702392053572
-67.35615607775681
-67.3622427601422
-67.385878040273
-67.36106873338231
-67.31900064189675
-67.27848043264662
-67.24131992593368
-67.22352826923711
-67.18294886841487
-67.21780305083854
-67.23299867563183
-67.26136392985362
-67.27787326715601
-67.28892715463745
-67.29955294389633
-67.3872766054477
-67.40041135214892
-67.39604205355513
-67.4339861367958
-67.46769178342525
-67.49976950402461
-67.47835451176029
-67.46257547148345
-67.42994118953884
-67.39219384201563
-67.32889008077258
-67.32870982047514
-67.29601109847236
-67.27008888142443
-67.28386094094493
-67.32085150748635
-67.3710830740335
-67.37274459677901
-67.39440490145648
-67.42505388754275
-67.44419524260263
-67.47368793505122
-67.46002417537754
-67.48725917629962
-67.51104026159814
-67.53980045558608
-67.53692893019264
-67.53266494482344
-67.4803371296588
-67.46529805110235
-67.42163139507076
-67.3543426869295
-67.33526095182414
-67.29461804317329
-67.32815733184827
-67.35348444321379
-67.35366762837467
-67.38766905490614
-67.41238512385092
-67.4062540323993
-67.38650580346905
-67.38670795377429
-67.4180731740492
-67.47364968912409
-67.47886325313817
-67.53590917486044
-67.53091874490035
-67.49952586389911
-67.49782181492101
-67.43765681756402
-67.42024592869916
-67.38270448711326
-67.3120736161111
-67.2606640782619
-67.28923990821625
-67.33992841011255
-67.36169328628922
-67.38190536999697
-67.37332785028998
-67.38182094600666
-67.39832112551191
-67.41487341910343
-67.42222231719607
-67.4240752122397
-67.43772237037463
-67.48249484339593
-67.48305495352908
-67.46457487015357
-67.41428082969942
-67.3561649962386
-67.3242020270552
-67.28145221374403
-67.25936325849051
-67.26009572711031
-67.21444947392061
-67.25550820222628
-67.27804247146119
-67.26852481232008
-67.27730544247808
-67.25892526732326
-67.32455401398967
-67.34232216267714
-67.35411510711234
-67.35406118095163
-67.34984836222965
-67.36724992994941
-67.36877733915692
-67.33843366691913
-67.33191371546042
-67.28663626678613
-67.24101643592552
-67.20821965437902
-67.16829200828616
-67.14387469233745
-67.14823410257698
-67.14374775525069
-67.18198444676574
-67.17818310526917
-67.18514783483003
-67.19782587238178
-67.2107429513098
-67.22743114587875
-67.23955448473971
-67.24523077418485
-67.25483734247787
-67.29339609066038
-67.23202621743285
-67.26180417142682
-67.20086025751003
-67.16885205673273
-67.1389778682297
-67.07173152581292
-67.06717562549063
-67.0268195727249
-67.01456710411215
-67.0094563017654
-67.05729490607935
-67.08590387647443
-67.09392818847816
-67.09211866287515
-67.10823709336044
-67.12649913927045
-67.1425583267751
-67.1313326081167
-67.13509775080439
-67.16950252760208
-67.17015697960197
-67.12938316516049
-67.08727847612735
-67.03130382621855
-66.99173023169976
-66.97042908160002
-66.90828353603807
-66.91834663249999
-66.89794109228178
-66.91396984513699
-66.91431995998066
-66.92908403759806
-66.91741100637246
-66.91991625609892
-66.96973786636644
-66.97904003031977
-66.97873008927506
-66.9646024142393
-67.00171199590436
-67.02904954133508
-67.0255582633177
-66.98748264070981
-66.95461304123181
-66.92391096019065
-66.87690486624255
-66.82808784245317
-66.79375684108179
-66.77009935509032
-66.75919832508832
-66.75715224806031
-66.77386748559287
-66.77109430012406
-66.78298621308663
-66.82739326263452
-66.80068790169412
-66.85271017562322
-66.86956995359921
-66.87152668712388
-66.89106649065319
-66.87466841118207
-66.87588839252332
-66.83448698458464
-66.8018319360199
-66.78653175436456
-66.70707411114368
-66.64037363936902
-66.59271743020157
-66.58555242800873
-66.5689110162735
-66.58292206040822
-66.67150673810463
-66.65327576233462
-66.6391856613245
-66.6847880016346
-66.67765499844334
-66.68085148289465
-66.68795552298148
-66.71583580810515
-66.72470092883492
-66.73814563962792
-66.73754284926493
-66.66854622023932
-66.63853387001524
-66.59799220125156
-66.55262809103614
-66.51125884047995
-66.47368655659632
-66.44880815283942
-66.43194255455829
-66.43016924015721
-66.46102341076649
-66.47464633047515
-66.46838001296409
-66.46799860709221
-66.48701633050034
-66.50260979256606
-66.51461460249864
-66.51171905888997
-66.50726494540933
-66.49653288420006
-66.49832578754996
-66.51528354496385
-66.51013544109587
-66.4504950595532
-66.39126585197654
-66.32860169050808
-66.31103013355938
-66.30847922939485
-66.28806150828656
-66.28048460030548
-66.30027998333728
-66.32480899371562
-66.31273390992939
-66.34318020269964
-66.31986082935987
-66.32730738550423
-66.36036622427636
-66.36728422152453
-66.36727221880392
-66.36056447250955
-66.3717800152987
-66.37488289543123
-66.29986131852921
-66.26229284064406
-66.21941175933092
-66.16685960431504
-66.1387700169678
-66.08711308739849
-66.08677553867079
-66.08832904065537
-66.10988491345053
-66.13653641139962
-66.12032628779117
-66.13256095652598
-66.15741832450601
-66.16575771017887
-66.15831948589994
-66.17302849925824
-66.20400911800009
-66.1747759549461
-66.18773039801567
-66.18790346466561
-66.11844974547479
-66.05892807266909
-66.0064648517736
-65.94626030676638
-65.92967262199443
-65.91482356812863
-65.90391142844912
-65.9123211351006
-65.93952650738233
-65.97212496347794
-65.94392182431615
-65.96023358325674
-65.949263775951
-65.96607373807377
-65.99256477116697
-65.9970835685732
-66.02120325522475
-66.0355472408849
-66.04007037102542
-66.00081656035728
-65.97368982856291
-65.91613135626906
-65.85962597188949
-65.81907559590012
-65.80887117256236
-65.77907507019185
-65.73829602806032
-65.74585253257845
-65.77072135035476
-65.80432138246734
-65.82194198980783
-65.80321620404604
-65.79078027241655
-65.8014788292947
-65.83641364788853
-65.85508563844668
-65.84628585767494
-65.845706727183
-65.84157652031824
-65.80147044211594
-65.78808913457051
-65.73195498747505
-65.68341414358225
-65.63141607779723
-65.61601863399669
-65.58394859390107
-65.56925718061812
-65.54904843344326
-65.57502953553987
-65.59447277485398
-65.61718333716257
-65.60136127997065
-65.61105934383976
-65.62335559440758
-65.61383893560797
-65.62420582220898
-65.65618027042042
-65.68246709631661
-65.66893015572302
-65.62634125787305
-65.59405707733364
-65.56718591255462
-65.49284095837436
-65.45181010770388
-65.40156234383088
-65.35695750472557
-65.33449360599117
-65.34822185584854
-65.39624723720665
-65.43639243751453
-65.41278640215812
-65.38707905094557
-65.37313640414797
-65.3875375693597
-65.35527191617341
-65.40585306445338
-65.40886013974323
-65.40607682381649
-65.39890961220841
-65.37378323720847
-65.32506843035232
-65.26511371278652
-65.21852468524911
-65.18781255309295
-65.15635227571187
-65.09134394571836
-65.1039875824796
-65.12312213550574
-65.1554918333426
-65.18248120099884
-65.19337066387585
-65.20426903512553
-65.20338162088144
-65.19913793405915
-65.19257870543903
-65.2016319808326
-65.19780120487889
-65.2216915086286
-65.21262713432289
-65.16661982208727
-65.12231836361767
-65.08186630239062
-65.03734609919073
-65.03761950984621
-65.00602726468908
-65.00083784129092
-65.01563048954279
-65.01734663695571
-65.01398762666165
-65.0208094230951
-65.04013097825911
-65.03650041975881
-65.07686537694984
-65.03485349158142
-65.06164936026694
-65.03350634748612
-65.0191081481026
-65.08116214304381
-65.07312644893418
-65.03984117660342
-65.00492232925389
-64.9562647940008
-64.88252538402377
-64.84884261533952
-64.8254648741463
-64.83536547618401
-64.83406448083656
-64.84154413768852
-64.87442113466886
-64.90173281808875
-64.89729071449695
-64.9153827350141
-64.86357299648073
-64.89394116938135
-64.89790046522462
-64.89155944484224
-64.90217303044564
-64.91037327299786
-64.9282866126404
-64.87740144304034
-64.8434028679021
-64.78952249067511
-64.73771569598892
-64.73055851499952
-64.66405570525306
-64.6575645684811
-64.65781340821171
-64.69999251323571
-64.72153989941087
-64.70593928248529
-64.73260666316814
-64.72338381224205
-64.75304392505768
-64.73830286906961
-64.74576830231632
-64.7922167556775
-64.74634925269288
-64.75477602695328
-64.78340758731623
-64.74280624387121
-64.68524033628607
-64.61349079082898
-64.58601407353969
-64.5548717963392
-64.52872015592563
-64.52056291194366
-64.49540270368557
-64.51994464034243
-64.5593955329261
-64.56055755710092
-64.59696531455131
-64.55809060382505
-64.56522522650691
-64.58227897240998
-64.61272139217404
-64.58591897808697
-64.59079770522978
-64.5839113980396
-64.57764770692579
-64.58207583905754
-64.53369641267285
-64.50145245733785
-64.45753214881232
-64.42805055720557
-64.40070950432234
-64.3693875244896
-64.37168893746778
-64.40291041359446
-64.41224138044291
-64.46055034705259
-64.45404193192
-64.45150839197207
-64.4597743426876
-64.49052980613259
-64.47087627619678
-64.47356835916749
-64.45369481458164
-64.47894012605416
-64.46974340479704
-64.4319015800928
-64.4263890210601
-64.3676349101509
-64.31905692507402
-64.27897288278322
-64.2370942670765
-64.23451325961913
-64.23264569339752
-64.24458338116467
-64.26295510488922
-64.28006225491731
-64.27466633136338
-64.25666042486966
-64.25154534184374
-64.25221345161516
-64.27435495532549
-64.31281222992527
-64.29139534282268
-64.28569643190428
-64.33244882441168
-64.26951300063344
-64.25005705653825
-64.20962148144692
-64.20270779778593
-64.14830990269384
-64.08601577266033
-64.09776600301431
-64.07409295473313
-64.14479175792492
-64.15760797716356
-64.14098344309572
-64.12086456988892
-64.12254248299901
-64.12659799595487
-64.1466156010249
-64.16239371570099
-64.17586514137575
-64.17965690162718
-64.20303393367381
-64.16470065337798
-64.14737711679712
-64.09351220047387
-64.0752415252179
-64.04329902245986
-64.00042920822779
-63.96561797530558
-63.95161122518699
-63.95045818621036
-63.99101146588305
-63.99854796509269
-64.02185898265297
-64.02261235151586
-64.01205769362096
-64.0266201426786
-64.03233918810103
-64.03955990563695
-64.04902611144963
-64.08089056226748
-64.04140326094422
-64.06805461168322
-64.05611224815651
-63.97110404044466
-63.9219705818407
-63.87937759031263
-63.865988691946704
-63.837467295573695
-63.83456354449283
-63.833296652425844
-63.84033106947894
-63.86838019466588
-63.8725723057182
-63.893996426893096
-63.90390612867433
-63.922620537548504
-63.94047020779387
-63.97325133070569
-63.928412570730075
-63.93163864480186
-63.95699550835709
-63.94726326953408
-63.96481889537146
-63.898892356742145
-63.82173516808614
-63.78728465418437
-63.7594564724823
-63.736418104651726
-63.725322988933215
-63.699989426717075
-63.75771266968587
-63.81554181604602
-63.80840615303609
-63.79934286402362
-63.82453489693705
-63.82075552177853
-63.81720924408314
-63.84148985655998
-63.82227855765219
-63.83440064045336
-63.84705616699663
-63.85890915751374
-63.837919909212026
-63.78727249485823
-63.7182281462392
-63.6630201226173
-63.655908836816685
-63.63439371071752
-63.61299560990659
-63.61197679603623
-63.63250447457933
-63.68154315111688
-63.681178941765246
-63.66627915190099
-63.72177183390897
-63.703307580887724
-63.706424807717546
-63.72089237184009
-63.728015253092
-63.71909349274841
-63.764062758536056
-63.7599312100858
-63.70528560084713
-63.689851046530464
-63.61229796821569
-63.59312112099371
-63.54187310453319
-63.523989402961185
-63.503899022521296
-63.51648125330724
-63.53618061675261
-63.512448410005156
-63.57304762340141
-63.59094719581097
-63.59806850529776
-63.58370125441261
-63.608288428100195
-63.587246856564924
-63.576438559952784
-63.625543089463754
-63.63520955573042
-63.63282158773725
-63.59292028223575
-63.56468682562484
-63.52878790251405
-63.48196466476321
-63.45607043073215
-63.44305978849442
-63.403959548602586
-63.40305731898385
-63.41789199246542
-63.43837138819247
-63.427776919815834
-63.45659880603751
-63.44219696768556
-63.470413836805854
-63.46263603331766
-63.47514095356663
-63.49394433466146
-63.51655985135829
-63.52023045651932
-63.52720858044449
-63.520827837909444
-63.44451418422372
-63.41379500411435
-63.36471043052421
-63.317999805847755
-63.31386661403974
-63.29087069505929
-63.33182149068866
-63.3454517005785
-63.37074017420565
-63.38674737692958
-63.38755055544028
-63.383578080962955
-63.35875493872632
-63.39972058418945
-63.38774253197514
-63.39909071733758
-63.417244941298264
-63.40075475228835
-63.38838853894049
-63.37017808075666
-63.33666514544959
-63.29290965785586
-63.2556114512636
-63.22387370258277
-63.20389889961316
-63.201586061283614
-63.20679634721341
-63.287438654009286
-63.29236177380154
-63.291771123061665
-63.29716103907236
-63.252476707083666
-63.27655185449182
-63.28971921555808
-63.295702886323205
-63.32409743450662
-63.30485814868601
-63.30974914444164
-63.30757895909966
-63.30496669982819
-63.25940484062997
-63.18707096493089
-63.18928695018454
-63.13755976566284
-63.117156313649794
-63.1319390812617
-63.08321838051223
-63.094937366379845
-63.1290798540266
-63.1542907025434
-63.1656459352589
-63.172065294560525
-63.18050289181872
-63.19032287465095
-63.190199524077705
-63.20080370282921
-63.1867820869653
-63.21526147708632
-63.2306986811941
-63.211769134956484
-63.19698490643563
-63.11655007594228
-63.05758408196596
-63.04630875723162
-62.998862677622405
-63.000275140553526
-63.01841532537065
-63.00812805490079
-63.0221459663746
-63.0556252016704
-63.067940485934486
-63.067973222838965
-63.054297637768435
-63.06616219224185
-63.06998959658648
-63.107035989667224
-63.103689744903704
-63.14454046450172
-63.13637927588092
-63.111919604203926
-63.059822073664776
-63.008776150077985
-62.957829070382495
-62.93975156352713
-62.89346499509113
-62.89928113039203
-62.92146424418441
-62.93368868591455
-62.9309935734719
-62.975897352022365
-62.98743735149818
-62.98845297833979
-62.99463400463321
-63.004164973511756
-63.017378278902726
-63.04290802670855
-63.049161848144074
-63.06271236370921
-63.069458553896254
-63.03242353078797
-62.99074190372678
-62.94093689977971
-62.88457877784561
-62.8647674944786
-62.84020824989907
-62.82086371016279
-62.83611260291061
-62.87441414355908
-62.91908827340583
-62.917626534001165
-62.918964780316564
-62.91074163466865
-62.91742996791175
-62.932482611155855
-62.9180193568448
-62.95932572295101
-62.98188665462786
-62.981487658797185
-62.96354888936141
-62.944986454079356
-62.93175478598504
-62.89633109993022
-62.83075259519689
-62.803761746012356
-62.793291497979105
-62.76351766207866
-62.75424748889659
-62.793495258032884
-62.812300258598555
-62.82053137926062
-62.83903106408823
-62.8495990452656
-62.86299414478129
-62.85871027854811
-62.8585708348193
-62.87232949493622
-62.882204696183976
-62.912158167818
-62.89350120344658
-62.891926821970884
-62.8902569399169
-62.82710336912703
-62.78540195728886
-62.74148592004115
-62.685797075235655
-62.69891264792114
-62.687597338543505
-62.7048987992913
-62.72496125357954
-62.73039297083124
-62.75566973798889
-62.734840719397624
-62.75520691479509
-62.78701071434176
-62.80110490000779
-62.7982700795372
-62.79382077220384
-62.816752005579154
-62.82018081071596
-62.81173479436601
-62.766205775602685
-62.69083436761212
-62.65915197277806
-62.61764864848458
-62.60992019432816
-62.60696635863468
-62.612081493262174
-62.64291919842078
-62.67408893077794
-62.702761529578595
-62.685878071127036
-62.65030491322889
-62.69457107089633
-62.702303460323236
-62.670698798920206
-62.69644237056917
-62.730076829095196
-62.76568537526423
-62.76182420875546
-62.73966201955135
-62.70259638041258
-62.67174638289617
-62.659862150313934
-62.596524355226734
-62.56257952951753
-62.53031851325604
-62.55745697338378
-62.579524524113104
-62.59417030924578
-62.613267069255414
-62.63307642820906
-62.60907662108159
-62.61047483938646
-62.59623422300297
-62.63816376563704
-62.67044023756525
-62.6967872793764
-62.70036046518114
-62.67326440675646
-62.64845591125251
-62.61641046922188
-62.570780991048906
-62.53990204798597
-62.538040994709796
-62.49594008733934
-62.458501995719956
-62.458588864078756
-62.49771166828011
-62.515794654834956
-62.547788433572045
-62.561771002126314
-62.56399649577644
-62.5446903121697
-62.5647825070184
-62.59977869021032
-62.59206861302844
-62.6093659197279
-62.61448341733355
-62.61511201030152
-62.59639412439686
-62.52208124915585
-62.53765631290554
-62.48069554991707
-62.43928842163063
-62.409234336474505
-62.40473478306057
-62.42131637109144
-62.43089619905436
-62.468050241843315
-62.48077176626936
-62.50228631577352
-62.51451897085909
-62.51610076147926
-62.518072420579955
-62.518569985971965
-62.55535996586236
-62.54838891334409
-62.55263016377908
-62.556840128236864
-62.5430199358614
-62.50942351198014
-62.45247742717964
-62.401327001766354
-62.38419234447878
-62.365909360481815
-62.341383071470595
-62.36526604272978
-62.3854595877438
-62.39881336009608
-62.41841897204652
-62.44686310737
-62.46003937066407
-62.47138547419687
-62.49718800805589
-62.49338878228491
-62.49790698304619
-62.4827471380872
-62.51657215248154
-62.51967511044194
-62.51406615431471
-62.49277742503269
-62.443930333225524
-62.3675695167195
-62.32828015016131
-62.2936705213551
-62.30132187249595
-62.298070720174415
-62.321020593077975
-62.35803990376738
-62.38401412040179
-62.3843038370797
-62.37060208850706
-62.37983819966948
-62.40257813858491
-62.442890937189816
-62.44204014482026
-62.48033794075567
-62.4800813943225
-62.47181097874426
-62.441529900934505
-62.42346778939771
-62.41245224612686
-62.36834545306987
-62.324867182150875
-62.264920865261224
-62.28799543542417
-62.27881341553257
-62.28828512565542
-62.33479246980593
-62.349306076890194
-62.34890278390737
-62.35913108276272
-62.3655018310157
-62.41397508989049
-62.416931565648696
-62.44382612326788
-62.4008281652656
-62.435148057475025
-62.442810241715456
-62.44095571498759
-62.398103426859024
-62.32736712440627
-62.314854844377315
-62.28226451109689
-62.2299409069549
-62.243628828607974
-62.22563859729207
-62.24174975164778
-62.27869076565127
-62.29346481028992
-62.3157606792735
-62.314207652993304
-62.35117404668699
-62.33930176896425
-62.35060207112008
-62.3633585574216
-62.40456142512792
-62.397573253963536
-62.41176209273143
-62.382869254783394
-62.34121035792529
-62.26867033098187
-62.259611376853464
-62.244448501488385
-62.19604495230393
-62.20461390047543
-62.185076989960656
-62.22647800951202
-62.23911953655593
-62.27001283925338
-62.27395080843325
-62.25619101137628
-62.252350930446234
-62.263091362018166
-62.28144560323699
-62.2640167734441
-62.291437677640964
-62.32604594013753
-62.35570150455437
-62.34218547063367
-62.274434628927786
-62.219870741655264
-62.21318926736308
-62.18575053081386
-62.15574440389349
-62.12364137580584
-62.12018393162601
-62.16867982500957
-62.17193103729982
-62.20046957191048
-62.192248597373435
-62.1858249618845
-62.20784242070054
-62.18565252974185
-62.256260851742894
-62.28789064336741
-62.285708953995226
-62.27271928338711
-62.27344127723121
-62.2670856613908
-62.22317492727685
-62.19045846660253
-62.15925655431142
-62.11280806548828
-62.08122437738393
-62.06884138817307
-62.04744261769542
-62.10771385397379
-62.14517564754436
-62.136381081313694
-62.15263446602202
-62.16904841437677
-62.19198587932022
-62.225056473680695
-62.20938470239005
-62.224879441630634
-62.24430333496904
-62.24263964269991
-62.24408131181995
-62.21693162224219
-62.20432335827369
-62.162358161970865
-62.104195851593055
-62.08308366378088
-62.087400767234776
-62.02830351319165
-62.06144934403682
-62.05046575957553
-62.08049830502201
-62.10250036225653
-62.12813688456436
-62.135652063154076
-62.10695351705994
-62.13200880509245
-62.16272431013653
-62.173985028649895
-62.16753216084049
-62.194194453892834
-62.198035564887704
-62.18738857913319
-62.14873885242639
-62.10193023773051
-62.08238042705952
-62.05565646570296
-61.99910683647323
-61.98588465083708
-61.99313821777727
-62.02371237157919
-62.04570282986534
-62.06656961295325
-62.12317510028506
-62.10177352918797
-62.1046810728264
-62.13052859816019
-62.1292345900569
-62.16658097374411
-62.17308294813029
-62.17368790175582
-62.195271781251044
-62.172515597311055
-62.105497353944685
-62.05797822215075
-62.00530917906641
-61.9845101029278
-61.96732735886417
-61.95731542193141
-61.94637708336418
-62.006539125874404
-62.020156104813
-62.04415954081248
-62.04430684710159
-62.06061480065483
-62.0514334717183
-62.06903286935796
-62.09906794873441
-62.08058542408913
-62.076145623033575
-62.10704570330253
-62.08586504274637
-62.08847575032039
-62.07904518116218
-62.00440885998256
-61.98830139564913
-61.95116652880566
-61.92835162884705
-61.9426299455636
-61.927529280057655
-61.93387372926879
-61.955167477803116
-61.99865797100069
-62.03341811990395
-62.00238943542118
-61.99057175335761
-62.032885406122126
-62.06463191585839
-62.08793877975747
-62.05056021723431
-62.066273373373605
-62.08310855998425
-62.08048812204512
-62.062412759409106
-62.000362397688455
-61.94194895151355
-61.92153443447836
-61.918423186560666
-61.87770976233451
-61.86932380919776
-61.86853200887372
-61.94090848561692
-61.969888086379314
-61.94384527628526
-61.971367615271596
-61.98203991405905
-61.9761805689503
-61.991329658971175
-62.005290493660254
-62.01978992341634
-62.03636062203119
-62.064448019838714
-62.01865273485367
-61.980454881706265
-61.93439458301622
-61.896663155111504
-61.85902714161316
-61.83447966707701
-61.82381709387158
-61.80890596588849
-61.84985082225231
-61.89539333918646
-61.904229671776086
-61.910794045506805
-61.91070382127589
-61.94033487876451
-61.95362022678222
-61.95042577512691
-61.96928805945376
-61.98652162366209
-62.0251970001133
-62.00781630988356
-62.00664486390507
-61.95897154616048
-61.90365765953022
-61.890393445302124
-61.85089981777757
-61.816039391361976
-61.7781045980891
-61.78282933154913
-61.808708150020635
-61.8221192422107
-61.8606687982213
-61.871622958548414
-61.875773719911706
-61.905573108525395
-61.9057383190802
-61.935329808132074
-61.96171292065779
-61.94497313805996
-61.986208854076786
-61.97950670853417
-61.96091308016286
-61.900976603270756
-61.875172515399726
-61.84373544114886
-61.81563643969147
-61.795510164068595
-61.77380105494458
-61.7388386743421
-61.7754259977776
-61.838264506770734
-61.89130491647031
-61.86311958848654
-61.865898754398785
-61.88552969806431
-61.89244654665823
-61.91148433892292
-61.918571832542234
-61.926029436677254
-61.94036675977514
-61.938825190623525
-61.967671476153214
-61.91461443561536
-61.86252962284126
-61.867767443180895
-61.79920843597398
-61.76645997037397
-61.78801365790917
-61.76173052971583
-61.79461252215636
-61.83451253746788
-61.8407338323587
-61.869511428506705
-61.870668758380766
-61.88339067645817
-61.88370455859917
-61.91766364693017
-61.9164577939329
-61.94313371638782
-61.95550465105342
-61.95027980715642
-61.928606881565834
-61.91060572763029
-61.85369023771361
-61.811539381805154
-61.795976369765725
-61.756876329713045
-61.77124529937405
-61.76973546112142
-61.78113579561229
-61.8429785208479
-61.84176232005162
-61.81893917231027
-61.81925033945563
-61.858146412471534
-61.87241671524313
-61.881968400554904
-61.8891338759364
-61.930456574895594
-61.92389070744212
-61.9291775693207
-61.91764556251534
-61.87906265927732
-61.82216992704488
-61.79831074078871
-61.76980778845017
-61.714522227561794
-61.70147749154983
-61.683793630345995
-61.71677107651746
-61.760318013466126
-61.782921348450856
-61.786891820074224
-61.76367866613368
-61.77644358622123
-61.821979517549686
-61.84326292963183
-61.86220374263874
-61.88329423707828
-61.878051211104
-61.89654729910541
-61.88408053210688
-61.83162085851847
-61.789075644953336
-61.80626674729149
-61.736063672099846
-61.715772602197376
-61.70614877422002
-61.681187816298696
-61.69417159792275
-61.73328212197407
-61.75461520543959
-61.751947856802246
-61.78131020826427
-61.77480617756544
-61.79922373025503
-61.842281326262196
-61.838712489767694
-61.865721799900975
-61.874138665020716
-61.86790091854419
-61.832280423058734
-61.817928915315235
-61.77886828183578
-61.72176241611232
-61.731108942225006
-61.659821003135505
-61.64308778882437
-61.66879313762674
-61.639394642898615
-61.677708995240614
-61.710454090613005
-61.74235021278839
-61.719075611578546
-61.76524410976176
-61.78394433648956
-61.78648358404786
-61.785335211615596
-61.80661655771352
-61.81660500874847
-61.80552860676221
-61.80752127793926
-61.76846527746094
-61.725652341100776
-61.715424072277465
-61.668896260667104
-61.63720283421019
-61.60566065505778
-61.61687746475713
-61.65386120079518
-61.66810739703973
-61.69923975306361
-61.69021956611942
-61.70027864177006
-61.71139591764
-61.717925783477476
-61.71087490711881
-61.760974373595594
-61.776985857453894
-61.78006098387177
-61.801900608824205
-61.802865539907344
-61.74815337073883
-61.70140087177904
-61.68977432072695
-61.618507726257256
-61.56917066536071
-61.575900269269034
-61.59628018847471
-61.633328022028984
-61.666031066555924
-61.70012858917923
-61.68427577525741
-61.67200951172916
-61.6585502144344
-61.704481101808824
-61.74061149072912
-61.76548493897143
-61.746295219754764
-61.77488892435874
-61.764430503707224
-61.76495632880053
-61.743832383392515
-61.6929032853412
-61.65888824656731
-61.607323382893945
-61.591713114579214
-61.561543751632165
-61.567561418236664
-61.61703609874681
-61.66028969707787
-61.67042513486593
-61.68162181919258
-61.66556381759816
-61.68361589481545
-61.70199167022918
-61.70271624659545
-61.734969854943735
-61.74084107577546
-61.766595289467205
-61.763795823930614
-61.72971698633927
-61.720430367806216
-61.6469017404444
-61.636717750271835
-61.621867522870126
-61.562623799928794
-61.51412676996867
-61.52622547567225
-61.570153770056805
-61.61258558912661
-61.652380460929294
-61.64756539263663
-61.654194301134446
