-64.55561123054423
-64.55561123054423
-64.58328905401645
-64.64231910004926
-64.68792740095232
-64.80216190895453
-64.86225067417116
-64.9033142546106
-65.02556653794163
-65.10316272989797
-65.18039046619911
-65.13481593329075
-65.05426882313284
-64.98276216429987
-64.90690736592695
-64.80391464917321
-64.72964191225691
-64.67210066396495
-64.51841134340664
-64.38450780860745
-64.2955881259922
-64.30905900112607
-64.36350652655923
-64.42419143502461
-64.48969593063445
-64.58924453595924
-64.64770401531051
-64.68060536662273
-64.80605371465782
-64.89715460781976
-64.94477005313699
-64.89920977435968
-64.85070651590605
-64.78571449464314
-64.6989430828473
-64.56009451485183
-64.53880579940417
-64.51296331837487
-64.34019376457658
-64.2224978952686
-64.12694901280138
-64.13488856274027
-64.17848235950825
-64.2115670104847
-64.29729442699617
-64.42419835225058
-64.45185616671719
-64.5028800182273
-64.6101484148766
-64.70116119628621
-64.76205414663274
-64.72738865699502
-64.64776086595826
-64.59098556048266
-64.50570920104686
-64.37388554135917
-64.37027751637088
-64.2976464943079
-64.10566868849243
-63.98766863472043
-63.905928450038196
-63.92993027222675
-63.982126487452554
-64.03414572966872
-64.1235838920412
-64.26141186440172
-64.26502908200847
-64.32208542787578
-64.44538962282677
-64.53821975474202
-64.57894726231119
-64.55510633987097
-64.49439120055179
-64.39724836246631
-64.32219581425433
-64.23856653566465
-64.18322443431599
-64.14368353537058
-63.950074330112656
-63.827430856223735
-63.7558432071429
-63.740313826462966
-63.82622175065106
-63.892088983446875
-63.96171517474868
-64.09341992280007
-64.11044227481683
-64.12416103682492
-64.28059217008737
-64.38324310987363
-64.44801965806116
-64.39313175229839
-64.3202841279754
-64.2387830664964
-64.1390823771183
-64.0596573102662
-64.05061753450283
-63.97478454306244
-63.8074310301398
-63.65530592691141
-63.53681171956645
-63.65704541842815
-63.68158153933559
-63.74099175742408
-63.85045721056326
-63.91775953982603
-64.01807643875001
-64.14323448483836
-64.21313988781664
-64.22879630762021
-64.20334396317276
-64.17348834956113
-64.14462970515869
-64.08411185063099
-64.02587525259534
-63.930582306019566
-63.80828748003236
-63.65877174698427
-63.57253490149598
-63.52443490569563
-63.46944095911365
-63.45276421772402
-63.48943351625626
-63.57077735902382
-63.67548944346
-63.78126019577558
-63.85816147957724
-63.954357491510684
-64.03189902510131
-64.05414998964312
-64.03617783899927
-63.98456521204933
-63.956929267558635
-63.92251945077034
-63.8605684710251
-63.7303955925093
-63.6285828198093
-63.51370565207356
-63.402163151070724
-63.354531843815764
-63.33752468393714
-63.34427342011515
-63.366895921765526
-63.405230188576155
-63.47531192119551
-63.55700868990823
-63.71745280736302
-63.81544592244559
-63.87794597693841
-63.88432430670027
-63.84473211120722
-63.83799036576433
-63.784552836357875
-63.731115306951416
-63.677677777544964
-63.624240248138506
-63.570802718732054
-63.5173651893256
-63.46392765991915
-63.41049013051269
-63.35705260110624
-63.30361507169978
-63.25017754229333
-63.19674001288688
-63.14330248348041
-63.08986495407397
-63.036427424667515
-62.982989895261056
-62.929552365854605
-62.85204069929471
-62.63257857595784
-62.234628025184826
-61.75792226914147
-61.10033712253365
-60.34905873895671
-59.43998115144299
-58.321504789037625
-57.011717353868676
-55.47324882424414
-53.611075787265534
-51.30884629590515
-48.32108900836582
-44.281847648356546
-38.76924425519456
-31.681717558933236
-22.701043074885185
-11.982775849581836
-1.0096358253353006
8.28909384973016
15.204550926503861
20.201840269673614
23.652140524169962
26.006511170353793
27.649011482533318
28.82620158572184
29.645214115625823
30.276768885754663
30.734962433722437
31.067841571444585
31.25367932291081
31.340687422486806
31.36035347157507
31.303554177303962
31.19621959741504
31.028173499712114
30.802571499438297
30.51629077488835
30.237911907584486
30.013611341797027
29.78710120422926
29.587918895400062
29.439740001033122
29.24835736717787
29.04192403697335
28.845469581854875
28.695865302097733
28.572847813403573
28.400850099857276
28.214346650746016
27.986217104977026
27.692994893618806
27.37168144230771
27.05732865302063
26.729748776166776
26.319498267844473
25.919936643584833
25.501913643809885
25.08016454002715
24.68550573646887
24.338572434948613
24.04014319652623
23.75903122328217
23.4523834959251
23.173055199483223
22.91167902208125
22.652643072042775
22.460683335017052
22.239391843660318
21.98891392167881
21.704680651776357
21.396469232548952
21.069565359836453
20.677011229242726
20.281032198734
19.828521119413846
19.352651411586937
18.918887886701647
18.46785283903834
18.021211431578077
17.65111980186179
17.283884386759667
16.948009848485846
16.603085750725064
16.26104259653288
15.985455321730154
15.71985373198468
15.426993967540222
15.200247990120216
14.96822760450936
14.638543425507688
14.30123589026565
13.948764058271324
13.573874663941751
13.143290128450328
12.683846766131541
12.222446738024349
11.735050390430871
11.245775365718004
10.841515141408694
10.437044439376308
10.07183914426869
9.727482302904285
9.41777585565118
9.099797344363136
8.783698195638733
8.52934683107895
8.233716968284893
7.954019753767926
7.695284004267524
7.359589154836249
6.990682883189864
6.565349085693244
6.155597512444413
5.69205257598706
5.196164512419301
4.663893224029784
4.135133044470744
3.630864670321041
3.1085181477318757
2.639242318753715
2.245361761564394
1.8322228825723965
1.4331181934581372
1.0445195577077468
0.6772266114834108
0.33365793612870753
-0.022131300742119744
-0.4021663078896589
-0.7306692864029737
-1.1265436203501502
-1.5707199411513633
-2.0233650869593975
-2.548108471589268
-3.0363525831356863
-3.5831724005526406
-4.145900683989512
-4.7382251282243155
-5.334822901844666
-5.887956554740034
-6.380209113786478
-6.872749578259048
-7.342698889579628
-7.772617174687882
-8.215076141680726
-8.629268589639919
-9.02260188866359
-9.458098298521865
-9.848274530001172
-10.23806526904362
-10.71045063848535
-11.20210497346156
-11.72241414671014
-12.205619756673652
-12.77762827145806
-13.375217698496334
-13.998202119826678
-14.603141895754959
-15.22317788725263
-15.789686508298931
-16.32945877335826
-16.85543750028477
-17.32672823526337
-17.81466436341358
-18.281494190582006
-18.72576061416663
-19.163054243047284
-19.55051569978587
-19.949938947761307
-20.346984633237582
-20.79125771503835
-21.270123729441263
-21.78609158575754
-22.332279556659607
-22.874330815577352
-23.453663007017326
-24.062556554443006
-24.67063215514255
-25.23692155407313
-25.830813812255453
-26.355253864721526
-26.85029102517137
-27.296400901040542
-27.759731301177485
-28.211895046394634
-28.604175566990794
-28.98364493780802
-29.35076932598405
-29.70694364070757
-30.045300460912653
-30.433227419566727
-30.856878814427013
-31.299600962098122
-31.775775527542088
-32.28201556370584
-32.81263850707311
-33.36696209482698
-33.92970908720778
-34.477063589745846
-35.00591712967467
-35.483643081004125
-35.93487744989587
-36.31598119780788
-36.69289797965798
-37.02700370717939
-37.380650998238394
-37.66739830997598
-37.95731691626419
-38.26309431289645
-38.59590751341904
-38.90883176556588
-39.2873641306955
-39.70163669892184
-40.11847408598448
-40.5637275746655
-41.03105014181752
-41.521386982257226
-41.98708300772545
-42.469118313847545
-42.902942268040924
-43.290205616824984
-43.684913344131004
-43.99676626601062
-44.312969259913565
-44.6156310800618
-44.85742545717367
-45.076748358652246
-45.31894549035333
-45.56787890500738
-45.79004050862677
-46.03547592345062
-46.33534203290894
-46.65816422750461
-46.97270954829244
-47.35578420306752
-47.723850636681796
-48.130041804507435
-48.51059179970759
-48.89113551920608
-49.247875704939254
-49.54750761609589
-49.85032714309361
-50.11356997197995
-50.330354434835456
-50.55430619481367
-50.72211550988138
-50.860666723618266
-51.016903174406444
-51.166505662301624
-51.3260916422177
-51.49997087155934
-51.702875948815425
-51.94829042945683
-52.20897238777054
-52.51830004807396
-52.837716041359194
-53.17009868505681
-53.49897833796013
-53.78062142865478
-54.07829310805037
-54.34753509961882
-54.54810998307034
-54.723880776896586
-54.91249333736496
-55.07381105527224
-55.215244275753754
-55.28131517051547
-55.36761979434237
-55.46257280969208
-55.53440187577397
-55.657500760320936
-55.79917595768716
-55.99253359033446
-56.203679124469225
-56.40833175553909
-56.67900280000268
-56.960603379035696
-57.23239165590699
-57.47495716271157
-57.707794652938006
-57.930650751669745
-58.10239473724675
-58.26610362489952
-58.33287377616948
-58.41429617081673
-58.48287242191224
-58.532298719905725
-58.540219828538945
-58.58376510181039
-58.64030666132966
-58.70812872742926
-58.80246276352291
-58.93846188641714
-59.10144491866133
-59.25974292576743
-59.46624943347245
-59.708776158519065
-59.94384298458842
-60.157362972481046
-60.3626137383267
-60.51720424304801
-60.642910178353304
-60.723427450574334
-60.80637336826861
-60.83124211947124
-60.87815134182015
-60.901332535911706
-60.9040212025318
-60.89688699355164
-60.91140765285634
-60.93767393088225
-60.986213275608485
-61.11411116299966
-61.254516661530424
-61.39747471440189
-61.56791480401643
-61.75921946998349
-61.934408156686764
-62.1018032119131
-62.25003185950913
-62.38864765229422
-62.50526364959628
-62.59364923440229
-62.63049008078376
-62.67009306796409
-62.67877366029715
-62.67022280356211
-62.64488555134938
-62.62044681107173
-62.62894394019496
-62.62174741090521
-62.660103548379205
-62.73143175312914
-62.83333382985494
-62.9595513880486
-63.101948553208125
-63.3154286327411
-63.46123599079853
-63.62174631860911
-63.79194543458206
-63.91658292547872
-63.98190933817745
-64.02711748640459
-64.06071819224051
-64.06825314861906
-64.04182440701457
-64.00023211466002
-63.99186814485186
-63.96138135413564
-63.932730590498174
-63.900551079462716
-63.90969838089949
-63.99785140193008
-64.0751042497766
-64.19376034780436
-64.34785708002238
-64.51230997600007
-64.64185212760853
-64.79628096982105
-64.93363922206366
-65.02064999131575
-65.07278206427084
-65.08338642736044
-65.12358337617532
-65.13659017394922
-65.09075833004009
-65.01774269090606
-64.99264651308121
-64.95124478110728
-64.88394703689384
-64.85783075861205
-64.83602333613477
-64.88252623566997
-64.95249131808517
-65.01420024852814
-65.1344951202438
-65.31286241325073
-65.45487303444533
-65.57852468839506
-65.6933129621952
-65.80170790964817
-65.85896499309337
-65.87559529063199
-65.8733086960033
-65.88483764078684
-65.85420205648887
-65.7726209269567
-65.72830039881897
-65.65824044543672
-65.61471053232827
-65.58244743562737
-65.58050451494651
-65.61742484297878
-65.67644381495391
-65.75331205128596
-65.90624438573164
-66.07423836121144
-66.1905252853391
-66.27059258590228
-66.42346068200062
-66.50629560553347
-66.54369375032454
-66.54181370819745
-66.52803145459731
-66.50116262108487
-66.48668460778197
-66.43314132225152
-66.35734744753906
-66.28706384842675
-66.2084705420303
-66.1442843832662
-66.1623533413468
-66.16204209187585
-66.23468827994783
-66.3347560879054
-66.42437933121785
-66.56212441913543
-66.68260443172473
-66.80590092374555
-66.9541064396149
-67.03547183134175
-67.0473253947286
-67.06704756518182
-67.03890318462341
-66.98801040509379
-66.92574984731377
-66.86734217902708
-66.78978887097257
-66.71753020093436
-66.64095538127407
-66.60059158171495
-66.58891236026707
-66.6198773558017
-66.65731837229696
-66.73520301884135
-66.85562421581571
-66.98361289489284
-67.09199031802876
-67.20119224480743
-67.30336137277655
-67.35026856292836
-67.3829204887854
-67.40125890313452
-67.40401180882321
-67.34091118355563
-67.28892247409782
-67.2141225657225
-67.15912313515595
-67.0859871411643
-66.97306051990716
-66.93056439080017
-66.90800374924062
-66.92138779374115
-66.9528522342296
-67.0188017797469
-67.12287538319654
-67.24810080409023
-67.38771151071988
-67.476418178539
-67.57474847129164
-67.639118327468
-67.66795615311999
-67.67650020994786
-67.64592897304078
-67.59520859359996
-67.54053768769398
-67.46078753878076
-67.40652863444832
-67.32563006907472
-67.22895259728463
-67.13369143192921
-67.09440142424353
-67.10378290709498
-67.14444138418624
-67.20919777079627
-67.31526798744056
-67.4466283395326
-67.55142520213744
-67.66261253823293
-67.7580991950904
-67.81041751577762
-67.82573759849836
-67.8076483101863
-67.79978688439117
-67.76098469463618
-67.67885922283234
-67.57883483514826
-67.50237377528158
-67.42054401396355
-67.32058494072085
-67.26562077553741
-67.24286403319915
-67.23412958476412
-67.29304808874309
-67.34125978007846
-67.42467662578922
-67.56123079704886
-67.64040025669074
-67.73904825547565
-67.83796128634668
-67.8794268484159
-67.89364089024376
-67.88650388323008
-67.86000223159662
-67.81921926141383
-67.76352780467461
-67.65179070334644
-67.58080980287188
-67.49119171455484
-67.36887033984958
-67.31564845516645
-67.29974427805415
-67.29942264692961
-67.33574777654728
-67.35735301199335
-67.45314157831974
-67.59690994131732
-67.66930676305878
-67.75522436534372
-67.85291891779481
-67.89068664681923
-67.91873262173745
-67.90884703931054
-67.88194041783
-67.83861064674716
-67.76091486879467
-67.65315230820221
-67.57103660533362
-67.50494107928155
-67.3843095195993
-67.304343386718
-67.25806307006421
-67.27259464460677
-67.3136737853556
-67.37272176769662
-67.46304827418993
-67.601840697555
-67.67589042187709
-67.74592695306018
-67.8454231224284
-67.88466664694846
-67.89415628548551
-67.89942298633993
-67.86142134901485
-67.80242395108404
-67.70908415309079
-67.61515024395021
-67.54632426260669
-67.47511539493628
-67.347341196092
-67.22710382329281
-67.20621074811199
-67.22999511082004
-67.2602760183647
-67.29219136328064
-67.37206893577651
-67.51387814593227
-67.59796773422303
-67.7032691662052
-67.76120110866813
-67.80584953804848
-67.8542200549037
-67.85163996008727
-67.77895631898147
-67.70939406552804
-67.64051043005118
-67.5292070868826
-67.48162364627267
-67.43367055948738
-67.26477593621274
-67.14913498096851
-67.09415222719943
-67.10957754555143
-67.13265226697747
-67.17788256196181
-67.2849594913413
-67.39399054512808
-67.48330207815205
-67.55287267229093
-67.64649656687911
-67.69078630614156
-67.70113258941828
-67.69448987993243
-67.64948329183485
-67.62872914645892
-67.5320096889765
-67.43529367882344
-67.3592619513686
-67.24760282024272
-67.1038967554628
-67.01462588432092
-66.97767865929549
-66.98512299011796
-67.02233313826959
-67.0692696992438
-67.14630119153459
-67.26477990049914
-67.33717062377663
-67.40347107028586
-67.53124660986506
-67.5887755470458
-67.61556161962216
-67.58360581376444
-67.51874727625697
-67.45671868835022
-67.39600977166738
-67.28737909211735
-67.18501317812206
-67.11401328312806
-66.99649978667223
-66.90188142561145
-66.82771728037322
-66.8481741804625
-66.86846754016962
-66.92352364351254
-67.0021621697559
-67.11442084631439
-67.18713017403243
-67.28486820643947
-67.36044376631693
-67.41095039172298
-67.44315567463242
-67.39550541434349
-67.3573122272251
-67.2828308494459
-67.20078370037751
-67.10671439190335
-67.04786242954344
-66.9698358442606
-66.83405002424544
-66.71511935332138
-66.67755575381968
-66.6869483646664
-66.69530658618652
-66.74909309369639
-66.83438278602495
-66.94032965454757
-67.02106629743243
-67.09133515699337
-67.17741323936217
-67.22503609881997
-67.26145081505166
-67.22588063673517
-67.17148170556983
-67.13439302115597
-67.03240861937377
-66.93516871544338
-66.85881113069158
-66.7741213572965
-66.64710775277291
-66.54344230826528
-66.47488243026858
-66.46065995254422
-66.51286877495133
-66.54170108415865
-66.64775614066033
-66.78530576427322
-66.84657607874851
-66.8973480455627
-67.00398378264454
-67.03975083717697
-67.07758498864563
-67.05197727204546
-67.015718529833
-66.93037231656525
-66.84649729221518
-66.73373637418405
-66.6648395317656
-66.56849819096581
-66.4103057761077
-66.34239998717246
-66.28993977324147
-66.29875439470078
-66.3343570817954
-66.37064086777204
-66.4654886668566
-66.5777539976145
-66.63131912030669
-66.68956864191941
-66.8028399401629
-66.84393160198488
-66.86407067006036
-66.85214940993826
-66.79134917783547
-66.74074162389324
-66.65607622172925
-66.52490919214539
-66.46224625483146
-66.38575257309293
-66.22964407076516
-66.14994635794626
-66.07687417834123
-66.09108362954275
-66.09371231047523
-66.13014497937455
-66.23270752018969
-66.32900230417705
-66.38574353967566
-66.46712116950775
-66.55112626098143
-66.62320999738901
-66.63620540058494
-66.62053553654304
-66.58130423574777
-66.52442320750475
-66.435419517677
-66.31213472157451
-66.24172957720756
-66.15375587838862
-66.04424213419819
-65.92814508935844
-65.86019187338987
-65.85755375329605
-65.87669565199488
-65.92430441622449
-66.0191374326191
-66.13960521989844
-66.19223298113951
-66.26702064289731
-66.35473323912403
-66.41261134798393
-66.43171560828378
-66.39991649201168
-66.36550894315384
-66.30087966413073
-66.23328245133649
-66.13114499778008
-66.06197368613574
-65.99363658596383
-65.83861537277787
-65.71151794334143
-65.64708278332863
-65.63144423029611
-65.66142305008147
-65.71565541473053
-65.79602273935737
-65.94021891029867
-65.97342680954492
-66.04538834077894
-66.14211812538323
-66.19677433211041
-66.26664687231663
-66.20662209788506
-66.1278203634459
-66.0796354452314
-65.99758162823609
-65.87944045704451
-65.81600705571606
-65.7327343680959
-65.60651260046419
-65.49742256320341
-65.44188627623139
-65.43481743973375
-65.44944553305861
-65.49114479429353
-65.60889874559757
-65.69762512156443
-65.76222809455174
-65.82828317500527
-65.91710698373717
-66.00559560453024
-66.04668708443836
-65.99349250357835
-65.93983768375217
-65.8933161539985
-65.80891321863527
-65.68404893970049
-65.61781821456897
-65.53049353545923
-65.39905994429692
-65.29254705459628
-65.21837073921981
-65.19907192411573
-65.27503310465977
-65.33032767041
-65.35282590217466
-65.48055564109643
-65.53505657035242
-65.58167152830674
-65.71449044832285
-65.7651619117439
-65.77996802791367
-65.74944018436601
-65.70428650621332
-65.66481515903794
-65.5891548914475
-65.47119115465804
-65.42101901720122
-65.32703381874558
-65.1916240774003
-65.0793237540839
-64.99493340400421
-64.98296841972223
-65.0340695084988
-65.09559676891448
-65.16198605771196
-65.2821473729318
-65.32247201306453
-65.41248357362991
-65.53176273434782
-65.5700541833613
-65.61578704225744
-65.54821336006702
-65.49135163118474
-65.43018897602714
-65.36969920257147
-65.23665837091853
-65.18126491247953
-65.11186408857881
-64.96670323372467
-64.85433502108361
-64.79432460512727
-64.80429749869995
-64.81534790242979
-64.86709012343522
-64.9350426205743
-65.07269207217043
-65.1015658553607
-65.12309720215734
-65.26533798435476
-65.34867002676982
-65.37615356248345
-65.34062990367134
-65.28634596672889
-65.20889328539054
-65.10659281056682
-65.01509325039652
-64.95333985212774
-64.87953917013685
-64.72564744843334
-64.61020164504384
-64.5380328638425
