-60.38361941306128
-60.38361941306128
-60.34900063083336
-60.35184845888116
-60.39953320711915
-60.49787344984861
-60.52344995560544
-60.56682420713473
-60.56632503688066
-60.57913172769997
-60.57007109152608
-60.5769900529207
-60.548932406610916
-60.505469700415745
-60.520976183407534
-60.53241815537097
-60.506277975996134
-60.406276236655636
-60.36632695714187
-60.35672951029033
-60.37666196891378
-60.416086315338376
-60.41034109127105
-60.42707254987802
-60.453378323343095
-60.4927752992977
-60.49354115626925
-60.556741442925485
-60.57622505382375
-60.53256242453341
-60.554834736120554
-60.52042669258812
-60.5154037587064
-60.49178195786923
-60.48786487258519
-60.52520462501379
-60.46162306358939
-60.41388628923848
-60.33165001254134
-60.346405678196355
-60.36925807730943
-60.347808226713944
-60.357897725131906
-60.4027511169863
-60.452154052713794
-60.463363726270984
-60.533308309040436
-60.62548386484058
-60.638248305039774
-60.61562131979819
-60.54978150401251
-60.54873176470481
-60.563364556164096
-60.54072175853993
-60.53520595901132
-60.494342647879265
-60.4730910529543
-60.424682849274404
-60.36783144204163
-60.33803505308871
-60.35190655702081
-60.372127894191784
-60.3573471455477
-60.41471321378895
-60.42692195429078
-60.48512441996592
-60.568049014849564
-60.584184650301935
-60.59123637272105
-60.593755218430594
-60.560010969152124
-60.5377418745119
-60.531338326159585
-60.528109543314756
-60.517494177043694
-60.501514284974235
-60.4539121370774
-60.39938010734429
-60.321820827803535
-60.29962696323185
-60.29786081164333
-60.324491756060645
-60.334123425248364
-60.35924959274242
-60.377493175935754
-60.441889280592626
-60.53472394419624
-60.576935203214965
-60.55912689680464
-60.5608894173986
-60.56082861187013
-60.5371231253979
-60.53665818176008
-60.51783349106823
-60.46622721607502
-60.50112454632853
-60.44291245723691
-60.352863197656085
-60.32234752915478
-60.332158531450354
-60.32686008950678
-60.344664942825524
-60.32456798569923
-60.359399396974986
-60.44882074500192
-60.46218326444638
-60.55484119884887
-60.57828851632926
-60.59160036803995
-60.5809401838596
-60.55381263938553
-60.53914818113067
-60.5167186211095
-60.50651717031105
-60.52550947235155
-60.50149638204944
-60.45585162979609
-60.35102521473095
-60.29567447115916
-60.30011933509458
-60.3260286745428
-60.31188010866332
-60.3278751121775
-60.346595600173586
-60.409803304908614
-60.45701482231292
-60.498665119511166
-60.55333559623528
-60.57567357093558
-60.57833784948595
-60.5387515317179
-60.51032044642957
-60.50573119565687
-60.51886887077354
-60.55621268050482
-60.550882655508424
-60.45363796030117
-60.34318880080373
-60.330593934699394
-60.33804460506908
-60.31350968733546
-60.33042215420483
-60.363187247411936
-60.37485532923864
-60.398736473992976
-60.45988136482001
-60.48311008037353
-60.561521474502335
-60.573675163217345
-60.54613447730723
-60.54237529831946
-60.51204232170618
-60.504341553423615
-60.52329961084439
-60.4875761855957
-60.47281362462616
-60.524377627769745
-60.4936710142222
-60.46296440067466
-60.432257787127114
-60.40155117357956
-60.370844560032026
-60.340137946484475
-60.30943133293694
-60.27872471938939
-60.248018105841844
-60.2173114922943
-60.186604878746756
-60.15589826519921
-60.12519165165167
-60.094485038104125
-60.06377842455658
-60.03307181100904
-60.05412333718572
-59.78003515347999
-59.30524583187806
-58.67080755235129
-57.73607528763431
-56.57192319649262
-55.10515479790085
-53.1331634200031
-50.47607410863181
-46.69838993608817
-41.15016492784174
-33.368478442551115
-23.387442005303836
-11.430179184693941
0.8081552949003682
10.641046209391154
17.514026503705225
22.11972143606904
25.08870337161516
26.952673618675504
28.198236744280134
29.022935844519004
29.590861538414494
29.960316483557566
30.231752771488427
30.40003376170089
30.47688648652585
30.489120584623983
30.45849813489466
30.392813153074652
30.33095623192269
30.1543128107796
29.955924350304972
29.744876654851435
29.519899220022356
29.296360164042586
29.10076876740906
28.94417040285759
28.74092801799507
28.490810854444028
28.240207092495314
27.992978966923737
27.802947193919586
27.57254352068892
27.354060328775052
27.163521575676043
26.93666506649634
26.65041727038897
26.316411596845
26.075162239244257
25.776993162439187
25.48429641407004
25.14526845268022
24.808296870507927
24.481144562587982
24.172136607914375
23.92644244140127
23.685482339002984
23.439184297381818
23.199468524457615
22.91304705886997
22.606135114291703
22.362405214942992
22.111291943774688
21.85472436476737
21.62840116740497
21.382896431726433
21.07250182740662
20.7556493138871
20.421662196995953
20.106327712432382
19.790115445895648
19.42950109082356
19.064374153917594
18.65471273887176
18.296254093947514
18.004501548801787
17.717457781721258
17.435678350417508
17.098865009430618
16.80310875549736
16.494544732205295
16.1706846496608
15.835838559298129
15.58532665989601
15.310368190532927
14.98129856201723
14.618426841993903
14.24290969405209
13.906622400798085
13.532622410962338
13.162806901232733
12.740383433599897
12.31360857116475
11.894786868698128
11.564148448155242
11.229141167933905
10.887828953280222
10.589159155421061
10.243987435276367
9.910342512817904
9.609497131756298
9.249342034409832
8.945031722232242
8.685647948842481
8.359020203216918
8.040736198931967
7.597422037352696
7.225563815805791
6.886312697068421
6.454755757170125
6.016492589914732
5.565660780380156
5.086757679263667
4.629213927338866
4.200266963732851
3.8482453891533006
3.4448821571412744
3.0675768719925713
2.6735746637666957
2.2270082064299905
1.8112833729170619
1.41690453061473
1.0601028732801925
0.651649145096303
0.2760627996012079
-0.13192579016814968
-0.588281978823094
-0.9926786251544409
-1.4924415201779362
-1.9466653538185805
-2.418926751948391
-2.912022822380085
-3.4382922231806736
-3.9711146744607797
-4.434874859478794
-4.907422638824706
-5.3276757842553595
-5.742117719445653
-6.267343201393873
-6.74682879569989
-7.232248317305381
-7.697738825878054
-8.174903916202135
-8.667268375512556
-9.1184591810146
-9.581463392332074
-10.054109759496498
-10.612904001971307
-11.122505656217742
-11.649258359993867
-12.199517709831346
-12.747349742881157
-13.341169940858121
-13.911309268910307
-14.4435727656688
-14.939601393123336
-15.429514904757614
-15.923098122179798
-16.48794187139668
-17.008903138706827
-17.530552418129822
-18.014011104200343
-18.462025677380694
-18.849556393974098
-19.243780953402116
-19.69617106038563
-20.239663910521703
-20.74218499660038
-21.295959335077907
-21.84800239558908
-22.369722999507207
-22.982588911853046
-23.544925178883698
-24.08792709690773
-24.63481989793798
-25.15417840821693
-25.71495074339825
-26.289964931869424
-26.784278910642985
-27.348240445673216
-27.874385152794705
-28.4214007460418
-28.935440286809392
-29.316580119263495
-29.749325838151396
-30.21573421923247
-30.685872326338767
-31.20552961692761
-31.75996721735323
-32.20246017906754
-32.68716500485781
-33.17369467185591
-33.58225455770654
-34.05741540468059
-34.49903286724341
-34.917170103386475
-35.34879880835016
-35.766326809666836
-36.13886851691987
-36.51303498334377
-36.87128150521361
-37.248824770312225
-37.61908208222543
-37.98032978448415
-38.342373611159395
-38.767863154232444
-39.17613599268481
-39.529936840166556
-39.89489069391841
-40.30117927516479
-40.68522799202175
-41.141583949798054
-41.54328580985022
-41.92616826131346
-42.327674003551564
-42.724622909451035
-43.00801045078476
-43.3221013110422
-43.68464069991653
-43.9408954987744
-44.257576469896755
-44.57095414840763
-44.879689295656554
-45.175575742889286
-45.45455325687628
-45.775251595760615
-46.075579270126795
-46.355900559676975
-46.65640741396258
-47.00723198246412
-47.35883893959795
-47.702609058897444
-48.098000455091174
-48.42202373041867
-48.7028069954049
-48.94985240699534
-49.20240798899328
-49.455730706584866
-49.71568863453388
-49.933525004104474
-50.19962147612425
-50.41284708478404
-50.61645562799106
-50.8052090529797
-50.94223032512612
-51.150657057890434
-51.36940720469783
-51.6176627633926
-51.87501638962448
-52.0659110296519
-52.35101948840413
-52.579266669931336
-52.85427322175018
-53.08914680047663
-53.27859466382402
-53.43979179519801
-53.67508957182593
-53.86037743147542
-54.0173031367961
-54.2061925531349
-54.373300122357044
-54.53063537673455
-54.6975572638487
-54.81686791744627
-54.95412730798024
-55.08155814966684
-55.19999661048535
-55.37565958738321
-55.52899252132163
-55.69288129626143
-55.92576940273096
-56.15573346002314
-56.30738101181366
-56.49025237217332
-56.685622212837664
-56.82008038697192
-56.93271721049774
-57.07279231111134
-57.15658616085474
-57.29179389672595
-57.43679176875496
-57.571142938261865
-57.65204792939046
-57.709915175086294
-57.79315074340682
-57.87561283306486
-58.00947549375008
-58.15788389431297
-58.27846991993762
-58.404903966240354
-58.58389569147915
-58.72318050903806
-58.9027611379788
-59.02857884260842
-59.189607964255416
-59.26736154226098
-59.372136395237206
-59.48024376867695
-59.53850529059808
-59.602855479955124
-59.698420688556084
-59.744078050499354
-59.80454479795565
-59.856825554849124
-59.93064827999438
-59.98977397024919
-60.082580500634684
-60.173922480523274
-60.31337221555005
-60.36862636607065
-60.508539098541235
-60.66419034874885
-60.77123607957238
-60.93143937163141
-61.05991852583453
-61.1591697286292
-61.19018122116489
-61.230271854104394
-61.3322679397431
-61.38428606594471
-61.41849715165812
-61.488485619834265
-61.53603338877418
-61.54481674667379
-61.626620244802055
-61.6813597357259
-61.734059475008
-61.83729627904162
-61.88119090196369
-62.01363332344954
-62.11900414264118
-62.192185133587785
-62.35089237273854
-62.47215677622624
-62.55093984146695
-62.6071523358569
-62.66461209772723
-62.70101721866955
-62.75597012432991
-62.79099118836407
-62.864614273312505
-62.894473952383244
-62.89424118443321
-62.92363877854545
-62.94132707713169
-62.98597342642411
-63.0081200431874
-63.11671463129119
-63.13336301071807
-63.254260742696815
-63.314949125643885
-63.41090403617386
-63.530254937720954
-63.621312239522126
-63.70993301599664
-63.746473790360234
-63.81414201835389
-63.82979055606232
-63.8514736666319
-63.89578339586061
-63.93197869205539
-63.948291893860514
-63.98925083760454
-63.96830762848861
-63.989503462320435
-64.00048663456896
-64.04904843648106
-64.06327857845262
-64.13127433473318
-64.21106626446354
-64.31056350968557
-64.43606479827635
-64.51810808051712
-64.5931340935579
-64.64045927860283
-64.66774328098425
-64.7186412422482
-64.73756869129353
-64.71742467415588
-64.76773461273906
-64.79915925349658
-64.81683718057728
-64.8269165401512
-64.8058474975112
-64.8146215328202
-64.83758259607171
-64.83942626536019
-64.85102928894433
-64.94022284702321
-65.01108257259462
-65.05686928091718
-65.16251998359245
-65.26815930970348
-65.36954936647813
-65.38755291994345
-65.42205196610429
-65.4328932549437
-65.4560576672578
-65.44996533691773
-65.46865708491774
-65.48659017695623
-65.46183225591935
-65.48442839823136
-65.4513879413549
-65.44529512729551
-65.4478758640377
-65.47142578227444
-65.50027341021635
-65.57402194778568
-65.64094551701932
-65.72003413490991
-65.7755481019676
-65.81031670162818
-65.87416648307651
-65.92846481451063
-65.92311944578027
-65.93807056297044
-66.00553203550302
-66.0029530324212
-66.04126053630446
-66.08481244360914
-66.0432179405972
-66.01311748022533
-65.98855422819756
-65.99661658276737
-65.97506309113163
-66.01107247458992
-66.02147300796399
-66.07807112622748
-66.13704965245908
-66.2169117645334
-66.28488946755623
-66.36901523690574
-66.3968673381358
-66.42271469144886
-66.45896664464938
-66.48462742384321
-66.49818940194584
-66.50160267591234
-66.51554137447363
-66.45937180354957
-66.49860720569498
-66.507009603899
-66.43906748674775
-66.42945421025577
-66.44267741282482
-66.47760429308335
-66.49553292285984
-66.51349613319003
-66.54649246035918
-66.61441813588354
-66.70818890961348
-66.75158547886882
-66.77857808399209
-66.81698580617632
-66.86967629770872
-66.88638355809931
-66.84420665771479
-66.86530206004436
-66.83951437784916
-66.82241132390742
-66.84791932391784
-66.82942555970791
-66.76708136418087
-66.76171820234659
-66.78245421725966
-66.76724007093924
-66.76605362333852
-66.84255545108495
-66.84460776076351
-66.9004732713978
-66.92264803182296
-67.02008963144382
-67.09934854894247
-67.09554476834566
-67.10296234400755
-67.11264615218067
-67.11904960673978
-67.13717453810425
-67.13683755895568
-67.08869626403374
-67.08065381700786
-67.06434788145356
-67.03321213219769
-67.03478651728469
-67.0100841040303
-67.0041405012798
-66.9805970844191
-67.02693926223132
-67.02776929835265
-67.14323623350452
-67.19105890736607
-67.26604572261573
-67.27475644482685
-67.28547009575428
-67.29274735148256
-67.2854937651585
-67.30507142515815
-67.2914119854905
-67.26928400596891
-67.2412376195653
-67.23295483013885
-67.208956323892
-67.16643108983723
-67.15134026355031
-67.13509139541353
-67.0911929684046
-67.13839201473944
-67.15436194492021
-67.2066620824894
-67.26427184915003
-67.34396024791971
-67.39109864683016
-67.40526503374191
-67.39737846893522
-67.40718446555591
-67.41216225713768
-67.4276589972801
-67.44389924505796
-67.40495708691442
-67.41080213071557
-67.36479266813232
-67.35029811702134
-67.30534763693201
-67.27458890949366
-67.23932335681558
-67.22726062547468
-67.26610590135626
-67.29746820330622
-67.30387835421388
-67.35720547316834
-67.42642885057776
-67.49649763803131
-67.51986628482967
-67.55693073351534
-67.55662218167325
-67.53662709491414
-67.5260043666191
-67.53216318621516
-67.5156220410414
-67.49740182771212
-67.46559744663432
-67.48328006261474
-67.38331836947553
-67.31141684727967
-67.31626441878747
-67.33862020321104
-67.35507737236513
-67.33180353435134
-67.35121387406492
-67.37913491232798
-67.44428334596691
-67.53388458932046
-67.5467059802285
-67.56993915810074
-67.57081740964384
-67.57228780608854
-67.54961286409801
-67.55897772646667
-67.52663200114098
-67.45693367592649
-67.43359019397222
-67.41507627225762
-67.41105455752515
-67.38212543737983
-67.36151002421806
-67.32529923441372
-67.36797283167836
-67.35355686865805
-67.35990140896666
-67.43078550093806
-67.47768475801543
-67.51953474383738
-67.53940953138589
-67.58276474238927
-67.58028347314863
-67.55633261969454
-67.53907172276071
-67.50244172324074
-67.48984410244067
-67.468216968479
-67.43505482355658
-67.4183571410348
-67.3705246442442
-67.31535672713035
-67.28549921287772
-67.27758287158728
-67.30227508061307
-67.3018279890032
-67.36312241040108
-67.38943869260835
-67.43569755018977
-67.47690674060672
-67.49388293882764
-67.5084747154405
-67.47870374655433
-67.46029293564571
-67.50232352183492
-67.42676111483067
-67.40689029026001
-67.40680956069379
-67.38450554809039
-67.35058319856375
-67.2828281093007
-67.26319132727694
-67.26856941431826
-67.21015185256815
-67.20971750011196
-67.23751529429019
-67.26273987510908
-67.29777404618781
-67.3207077921729
-67.39962311498928
-67.39171916287607
-67.3922728689007
-67.39963130101356
-67.39186644346687
-67.37252275320394
-67.32213294635542
-67.29494966775663
-67.32583542189963
-67.30262567094239
-67.28367949766054
-67.21343957713093
-67.1532869350756
-67.12529926055903
-67.12652328474323
-67.08292704488213
-67.13482949896957
-67.12149378512507
-67.164800746003
-67.25880531494576
-67.30661547400378
-67.3043693888603
-67.28193189194836
-67.29303517355815
-67.289924021779
-67.2942600318908
-67.24916863834548
-67.22221374427055
-67.20540965661685
-67.17487858681618
-67.1172781178071
-67.0892709727443
-67.07324682693819
-66.99227678608507
-66.98530495638776
-66.99284083883104
-67.02694334107517
-67.03503222016238
-67.07275670975305
-67.09592049921234
-67.12136903305931
-67.18788968235232
-67.19268789121001
-67.17068161871687
-67.15483632768182
-67.13424734672763
-67.12862336982978
-67.07788647771422
-67.08433442841873
-67.09630416720482
-67.02951904230528
-66.95169471953666
-66.91949913775439
-66.89176071021765
-66.875231313519
-66.87549418791005
-66.88895968112759
-66.90428499305673
-66.95574117461084
-66.98450420767423
-67.03647623553597
-67.05476864428144
-67.03733049953145
-67.06584007397065
-67.0210309074649
-67.07293723949653
-66.96554377252401
-66.91513838235598
-66.91928396298269
-66.84425752164414
-66.81613311809467
-66.80046570610715
-66.75358055317781
-66.74923331437974
-66.7248002182155
-66.70764460365979
-66.72439132211471
-66.7463489470378
-66.75099231981578
-66.84402322651832
-66.86652245180031
-66.84526578215922
-66.88922558309844
-66.86909279258526
-66.88960483819747
-66.86572976469495
-66.86093190691406
-66.81589136975667
-66.73007785012291
-66.72099661421055
-66.73667275647766
-66.6685824554507
-66.62100554000276
-66.5723075283258
-66.55007473078493
-66.51936418968452
-66.54580084883315
-66.57654836783666
-66.61973866267748
-66.62936680191156
-66.6706010407369
-66.68419691142672
-66.71474344493937
-66.7170077544129
-66.72103382508449
-66.65629757940631
-66.63953806487656
-66.63673953486091
-66.57862711811217
-66.59809131757845
-66.54223619493139
-66.50609269489475
-66.45524303125579
-66.41702282206417
-66.37607295111812
-66.36829715816472
-66.3645160378716
-66.4012184927501
-66.44524913476012
-66.47615235147302
-66.53959884426672
-66.57407372448283
-66.5416011542521
-66.53593872576808
-66.54052076507367
-66.509716184345
-66.47076020482028
-66.43644931563267
-66.42150261392179
-66.37738169443597
-66.36489080517126
-66.31224701651449
-66.25427599225453
-66.25529826554346
-66.22484245721073
-66.19372279994685
-66.16449840802821
-66.23752168161225
-66.2581930883992
-66.29623790032505
-66.34633142230953
-66.35604537124762
-66.34869478694667
-66.32188309077252
-66.33772004216283
-66.31153337330439
-66.27437401385076
-66.25270013347686
-66.20077563270654
-66.2133117503642
-66.20583847608705
-66.12129334731856
-66.06954520926537
-66.00754043184
-65.99295917559212
-65.97931094097841
-66.02257842085349
-66.04461366588598
-66.08130026887052
-66.12941422552223
-66.16943645797112
-66.19189500601304
-66.21715764796606
-66.18146883414191
-66.15524666416776
-66.14212522387707
-66.08044647049634
-66.07856623257781
-66.06277451723146
-66.01635611379771
-66.00634268217293
-66.00602860766145
-65.9364541590384
-65.85162749578639
-65.84233374928732
-65.86097774847586
-65.82259874446751
-65.85528926127783
-65.87809070707159
-65.9157823928348
-65.96449254459445
-66.00554173061312
-66.01327552976578
-66.00087753150432
-65.98697571392825
-65.97386108910531
-65.94885114812782
-65.89241118336342
-65.87340163135276
-65.79731332963944
-65.78787337132597
-65.76345605532984
-65.73795542797328
-65.69919930347504
-65.65097545465416
-65.6345922617548
-65.60564596450394
-65.64666035171827
-65.68808792436079
-65.73889498246874
-65.78262616762792
-65.81837054219388
-65.80725596869817
-65.78963982954927
-65.77942876670254
-65.74800903788734
-65.7143666994173
-65.69560557862005
-65.67641608103209
-65.65152078788581
-65.58839057778555
-65.5896259324541
-65.56315031991176
-65.49485297369075
-65.49574277647444
-65.46116468461115
-65.47251926795988
-65.47013143065999
-65.51626862249137
-65.60386493221031
-65.626303970125
-65.6331538431388
-65.66146631576441
-65.6542778125255
-65.64362957565118
-65.59966586072345
-65.56444518808972
-65.55591835205011
-65.56483789512511
-65.50475494713125
-65.47629906039573
-65.43084785156236
-65.37627401812104
-65.35059021662103
-65.29535624016931
-65.34040919537067
-65.34137769404623
-65.33344073731942
-65.35771750578168
-65.41872760794215
-65.49809355908711
-65.48851021677747
-65.45937231685323
-65.45792935273174
-65.42429169206129
-65.43055591772621
-65.43963011321364
-65.38442207434568
-65.31532096118022
-65.3238771100663
-65.26956717559769
-65.23820883892763
-65.20891455248882
-65.1273488254408
-65.11338641706905
-65.11640476343084
-65.13976565139794
-65.16115375808862
-65.16938508425986
-65.22879070929739
-65.26787114514114
-65.24297265888903
-65.30466668493243
-65.30843972569498
-65.30033553706396
-65.28495872747463
-65.24242874197184
-65.21251378071676
-65.18690714171787
-65.16308166557158
-65.14859650933325
-65.07454897288736
-65.00550121153083
-65.000422471373
-64.96267427440687
-64.95646974529745
-64.95443627193097
-65.02230265813246
-65.02117012564919
-65.08026641296934
-65.10763093077291
-65.17383428396202
-65.17201016349756
-65.14934993434633
-65.1295647109452
-65.10859995249294
-65.07314447445532
-65.06899471716694
-65.06524280453458
-65.01425933249575
-64.97683083437252
-64.9291910756111
-64.88596912694395
-64.86269165896631
-64.79701960859053
-64.84459218255029
-64.83479461003456
-64.84855765786226
-64.87764862766895
-64.90416784668602
-64.96050661185812
-64.96889487017087
-64.96141618761607
-64.98995516201136
-64.97988611635446
-64.96937746352403
-64.94654314343057
-64.8868661149779
-64.89532904300879
-64.89006606840871
-64.81571762221293
-64.7959027195815
-64.70805154560942
-64.68371685038635
-64.66246446955687
-64.65219239020865
-64.71934786547773
-64.66777965750745
-64.72568833676493
-64.7894066361164
-64.8321233475226
-64.84915305081873
-64.8387946284425
-64.86967248490164
-64.82468615454948
-64.8419820510954
-64.8009343621411
-64.7605173198893
-64.74066378145741
-64.71083443968213
-64.70175148500127
-64.66659940046941
-64.583240153447
-64.54643861852828
-64.52469207897494
-64.52005949754472
-64.51874540707087
-64.51482444095339
-64.58877421288885
-64.6091098041427
-64.67025131595746
-64.67772085960131
-64.69123711276215
-64.70122640587418
-64.68312335837767
-64.67382979604317
-64.6243500664613
-64.58304627059256
-64.55848750030042
-64.56160488686773
-64.50334664492931
-64.48137744849528
-64.45043485939686
-64.38062448502023
-64.30616243600976
-64.35106375868803
-64.35050276243973
-64.3614058443614
-64.43072564397748
-64.48046406144645
-64.50127350599142
-64.54135919257591
-64.52664597290085
-64.48994247446386
-64.50753767647636
-64.5110813538022
-64.46657642375213
-64.42857907425284
-64.39525328392999
-64.3676487490256
-64.35627175054726
-64.25666464224274
-64.21053013385622
-64.19884562624732
-64.17320767271364
-64.21687595737912
-64.23854488917308
-64.28708059431641
-64.26667468388167
-64.29422495269769
-64.34577775997244
-64.3724625930349
-64.37527378354127
-64.36807797965427
-64.35280454002695
-64.33991806544164
-64.34662357492876
-64.30176810205008
-64.28036267737251
-64.2639048382423
-64.23666486599696
-64.18809536433567
-64.12756824247755
-64.0829102703649
-64.09930333047345
-64.07093093002692
-64.08356521533737
-64.12707171590428
-64.13745989436867
-64.17867956228545
-64.25157467630127
-64.25661263918502
-64.28234408234188
-64.31581757142688
-64.23098498068198
-64.16916341423367
-64.20044335482154
-64.20114960405971
-64.17310423670884
-64.14441886682167
-64.06150488249618
-64.02131998554758
-64.02564248082959
-63.985466075821265
-63.930664625399764
-63.91924188403657
-63.969217287349174
-63.977938959297965
-64.02303768780367
-64.05714324295691
-64.08178443453635
-64.1376273814887
-64.14037959627454
-64.1115336138305
-64.06147774177812
-64.071533785456
-64.05429494827305
-64.00494685799853
-63.979098941914735
-63.938274479378485
-63.91126856515225
-63.91949258566409
-63.865901304410336
-63.82623406179893
-63.833594855299445
-63.75250281527939
-63.82348843857562
-63.802877244189965
-63.816915332356515
-63.880107907299994
-63.90828534936444
-63.97332136838012
-63.946960234429746
-63.91937116921829
-63.92493589955618
-63.915782652107964
-63.93099088844911
-63.88400166457381
-63.8421536441257
-63.804082910308196
-63.77690901342469
-63.76539830549934
-63.71904228660412
-63.63658474704267
-63.653505883045376
-63.670539476183805
-63.65334460126017
-63.68393323310561
-63.739415422221704
-63.804557804969896
-63.8136633593817
-63.84019388844352
-63.85959645961883
-63.87749682215296
-63.88155653974469
-63.881477827956125
-63.85966870839684
-63.764659562574685
-63.74831168888969
-63.74101844818971
-63.686313934307194
-63.62539637565733
-63.61968372197979
-63.588928799716975
-63.57274842146363
-63.57106659090106
-63.5760534012028
-63.55266201642111
-63.59891645061834
-63.63964681638131
-63.68448263552101
-63.70103583931734
-63.71021084975421
-63.69739890275279
-63.72319115616016
-63.696863393988416
-63.68056103555695
-63.64361418582636
-63.624866977018065
-63.63180075926147
-63.59431459097986
-63.52670749046207
-63.5106099512975
-63.44356653036113
-63.40236795149071
-63.4232560775281
-63.42917721701843
-63.49489098728584
-63.50958484506025
-63.551272072641005
-63.60374949889438
-63.63019030191457
-63.6345792432496
-63.585945881319425
-63.62366022896214
-63.637643569104775
-63.58047066726421
-63.55332780341913
-63.53857299778207
-63.487039027943545
-63.45645437557483
-63.385326079938146
-63.372429672984616
-63.342227669637445
-63.341834788520984
-63.30216197327646
-63.32930096917062
-63.361857289678355
-63.41266563333812
-63.464139644451826
-63.45057964802742
-63.54786804870839
-63.565812623672876
-63.54067372051879
-63.552035413154066
-63.49845041490624
-63.49194803194896
-63.46002850863313
-63.41942874399958
-63.431430924310725
-63.362945640274106
-63.33595511448291
-63.312051827739865
-63.27700578721692
-63.26619985382221
-63.26993889180562
-63.272956171336375
-63.25865140271549
-63.328981581964186
-63.36447642495276
-63.398728001076414
-63.41490546997327
-63.41448131141145
-63.3703217807405
-63.38224841543462
-63.371973824669965
-63.33461210858909
-63.33308532115409
-63.32296857431147
-63.268405227520915
-63.273172315263686
-63.21771429648289
-63.15669923463849
-63.11768869598351
-63.108913027903235
-63.105333421786135
-63.13804256627212
-63.145544123185694
-63.20809486179466
-63.23280619557625
-63.29997414222476
-63.28774756340126
-63.29144163195513
-63.34777591701728
-63.30408579984303
-63.287409784608094
-63.29332429036377
-63.251547447795296
-63.22040380864752
-63.16693378066951
-63.12941837812291
-63.08557889582924
-63.08520440238808
-63.06527211850135
-63.05261841055765
-63.04326389130858
-63.07835017308241
-63.09209099601951
-63.16189713733643
-63.17642093164098
-63.19874048624054
-63.22681288813491
-63.22483772796886
-63.20428635042418
-63.19092998195093
-63.22408542137644
-63.18538753075082
-63.17534238333436
-63.174454491100725
-63.153101580362225
-63.10415726887463
-63.046244433644745
-63.00492035128597
-62.97943998151188
-62.97283931721803
-62.97714751314856
-62.99206230352055
-63.02017114052059
-63.03304832648997
-63.07525318488166
-63.124152615992536
-63.17347792754121
-63.160305436054536
-63.10245487296333
-63.12352290687463
-63.10657455702371
-63.08205677893441
-63.038370777517564
-63.051703972977315
-63.034676232201654
-62.98717951524002
-62.984051463998696
-62.89621673531529
-62.854193003359626
-62.83077671196755
-62.8458741076474
-62.853669426793154
-62.85601105477438
-62.88840876918854
-62.941418045572505
-62.99040259083487
-63.025093940727665
-63.0844044702459
-63.060864697638735
-63.037591981986125
-63.054355909846585
-63.023683975138034
-63.00223712907323
-62.97069017106806
-62.88402160828963
-62.86493871969697
-62.82294489272689
-62.80613391866
-62.770213372716015
-62.744268720187016
-62.77244570056161
-62.76590711360792
-62.8170208524926
-62.85087190777971
-62.87366256041067
-62.90802995681541
-62.922851860817524
-62.91750535937067
-62.943939315604176
-62.920673410969265
-62.89930612381497
-62.86414454208847
-62.83377280337798
-62.84648851187136
-62.849185588761834
-62.8046279727419
-62.7799612160038
-62.74841647800458
-62.68305348169203
-62.67070527381456
-62.66926549809098
-62.68438550826397
-62.736347363509516
-62.72461695851626
-62.77291089579044
-62.86814125324492
-62.89239456575204
-62.887404477356526
-62.92099751779427
-62.894508312918354
-62.86637931992832
-62.84690396603868
-62.774909790515224
-62.78984321755105
-62.77945938566037
-62.755618030581374
-62.69429613129962
-62.63497545920403
-62.65543525426301
-62.609242226313135
-62.58383956044715
-62.6062025104286
-62.68028457308044
-62.716553140305216
-62.743565644265175
-62.825696600625996
-62.83733626885686
-62.851252988881924
-62.85266296396635
-62.83005952652134
-62.787864358783324
-62.779607681222345
-62.75317049277443
-62.743678431624744
-62.71617090881879
-62.70427032040244
-62.68337171103231
-62.64924208787916
-62.60563303536802
-62.572715826657216
-62.561055876855846
-62.58665488270436
-62.59898755924801
-62.62144518917625
-62.68563623975681
-62.7296836526637
-62.736603715353866
-62.78427926416297
-62.781050245055845
-62.77097910070393
-62.70534700088776
-62.68706463119724
-62.71760844396151
-62.698159302227
-62.69655970557339
-62.6378774988333
-62.5877039733082
-62.54467126541899
-62.50545516118968
-62.508776401044074
-62.47368361771287
-62.51542106306976
-62.57024953898489
-62.565868927474106
-62.63030832478576
-62.691291653818624
-62.719576978807346
-62.715810880757275
-62.72053307397143
-62.68132344195443
-62.6819581045711
-62.62474287427357
-62.62738011804838
-62.583898398132455
-62.58779329276583
-62.5732666447305
-62.541976434495844
-62.47075660817536
-62.45210818134048
-62.40953597957593
-62.438196704297454
-62.451308532964056
-62.44793577464686
-62.49140932371082
-62.53164383448783
-62.602997009086536
-62.633277392355694
-62.60772130407579
-62.60306626703836
-62.63815106353187
-62.57532317048198
-62.59585524216203
-62.58272946680894
-62.54119056762975
-62.465457189582125
-62.46724674239507
-62.477511872409174
-62.4227449730934
-62.3876552097483
-62.39273506855154
-62.35513102202425
-62.366708945238095
-62.382486258172904
-62.39944239095574
-62.44868778416305
-62.50195494552974
-62.552810703094096
-62.56997295172737
-62.58259682329412
-62.57838246968394
-62.52301780595298
-62.4993631764849
-62.485614749717946
-62.447541770664806
-62.44471337640998
-62.41190069009434
-62.375153302294514
-62.35292006627123
-62.335428257337426
-62.30436145231182
-62.29670405061652
-62.307179947150644
-62.320858033598995
-62.41513347678403
-62.44476636909801
-62.467344368704005
-62.54094950497002
-62.53300073201977
-62.583381393191985
-62.530458072721444
-62.47812599629152
-62.44937519140278
-62.422360450689176
-62.418737703120726
-62.37900798864566
-62.36351624085328
-62.33257277357063
-62.281931974785984
-62.3038047790656
-62.25840533910809
-62.24606154023171
-62.27132500754583
-62.28841076986173
-62.30786310296741
-62.40024793241831
-62.44531036862793
-62.45734918227076
-62.47878328038935
-62.468116851762645
-62.45402218090963
-62.47519253074229
-62.46488891989799
-62.44173813820775
-62.336035144559666
-62.35078039488234
-62.34864789537881
-62.279245912440274
-62.25733648518115
-62.226184675196876
-62.212689491270694
-62.19292453341159
-62.228171099395226
-62.288164427439696
-62.30429573317591
-62.3451767698063
-62.41474567815265
-62.42495688091662
-62.47057098599044
-62.43887317015901
-62.43453438705262
-62.39635958468674
-62.40913779304369
-62.402660396568955
-62.36004102915096
-62.314204793878844
-62.34600755980165
-62.318962936164134
-62.25065803288384
-62.213687936835576
-62.15782500737304
-62.160670933259475
-62.19586435288687
-62.197363667976504
-62.230684713831344
-62.313514513969196
-62.35662826202167
-62.35521154099994
-62.37449626058515
-62.347311134449626
-62.3559607030664
-62.33406315175903
-62.320563011941026
-62.31619563143496
-62.276307291150154
-62.252984704248995
-62.25355715104247
-62.20705863567168
-62.153991627976545
-62.07515720328805
-62.06187351828845
-62.095713920075596
-62.09287390286607
-62.17238404706228
-62.198905866687994
-62.18998624765247
-62.25959826720726
-62.312755523441446
-62.285132736163625
-62.28384964228955
-62.29247363338864
-62.28527756475967
-62.30095094875725
-62.255981244938006
-62.215579447023984
-62.19912880732788
-62.147480148313264
-62.13408841901056
-62.05242472876636
-62.045194555723135
-62.01573851887151
-62.01720242519519
-62.065077729876364
-62.046990717185864
-62.13525033930467
-62.17127849049273
-62.20215548199771
-62.272828174354444
-62.22374201000199
-62.23867069519321
-62.25828914957007
-62.245702382434175
-62.175649493317216
-62.18464745435152
-62.177246144691644
-62.12781423759873
-62.115697750715604
-62.06749879700764
-62.066701839319016
-62.02154450050908
-62.01538819785154
-62.0099351530896
-62.02752079803996
-62.04367387313995
-62.08045730763782
-62.109902827794386
-62.20563835889726
-62.21072243863549
-62.20843902875273
-62.24511583549686
-62.20406350250458
-62.202088923696536
-62.17503238492214
-62.14193897565199
-62.14908424350711
-62.087794149355965
-62.0889614505449
-62.05786011709739
-62.004219196191166
-61.98621948353249
-61.926030176281316
-61.86413826297299
-61.90541871769066
-61.93949952105855
-61.994652337677465
-62.039817056748916
-62.10237163648122
-62.147049714500035
-62.1256298226855
-62.16245928518066
-62.17784253745079
-62.13359842996823
-62.10706236982993
-62.0957821967193
-62.04884532884718
-62.02091782288712
-62.027839331578676
-61.98533046219196
-61.918174755618985
-61.882818556460784
-61.89879525482731
-61.88729706620811
-61.897583076903594
-61.960388804486776
-61.99241005922723
-62.04891373202323
-62.05430052680972
-62.10112520730085
-62.12820696489211
-62.08797385943841
-62.13367798178399
-62.12038228656234
-62.116942347422714
-62.07107645597732
-62.05582212926692
-62.00288114106962
-61.99383171242963
-61.977104381117606
-61.929096605192875
-61.89292677097368
-61.84685827964876
-61.86853972861339
-61.890165429944936
-61.93219326770702
-61.995539392236985
-62.00692775976351
-62.04949977972351
-62.087341182796145
-62.11376995656148
-62.10552344547495
-62.1001877542069
-62.095188601051014
-62.066917840026825
-62.03520504164385
-62.010014214416515
-61.9737160026872
-61.96637547428442
-61.910539243806106
-61.860587961114284
-61.85387362447351
-61.829109635425354
-61.82586105908679
-61.83185119104057
-61.88600806692625
-61.91665036102103
-61.97202547349697
-62.0448753190554
-62.04529385381955
-62.0766448688505
-62.072561350297164
-62.04821354577863
-62.03945938774929
-61.99274943437506
-62.003375677814
-61.97344870305915
-61.95406831174686
-61.904361551515535
-61.85682620912554
-61.870833622260804
-61.831020751450126
-61.80316841566502
-61.806521710447974
-61.82318659406853
-61.87427462322586
-61.88297739475422
-61.953176642570504
-61.99964545292847
-62.03596896531805
-62.04989411910242
-62.04994597582828
-61.99530994857495
-61.982381492850394
-61.986304807898655
-61.96052571604303
-61.94855184122404
-61.91996502885042
-61.867116125890355
-61.81405476089179
-61.83898054556928
-61.82001314353239
-61.782015047712775
-61.7609588382338
-61.771639900994
-61.8233207253374
-61.87491624891163
-61.90926137634996
-61.97435808510803
-61.97736403768925
-61.99380761296072
-61.99944551227221
-61.98346963250806
-62.00404736167401
-61.98395424016614
-61.95176347718852
-61.92784065571485
-61.90168416606078
-61.87080633912361
-61.85019995054431
-61.77927757948372
-61.75102382663066
-61.75250078576778
-61.71440799124139
-61.776882738852194
-61.83753197778462
-61.850200202893824
-61.87437309326865
-61.89726855985625
-61.96068450749019
-61.963784957525846
-61.953215656596385
-61.97059365362218
-61.95108762271552
-61.94060524898263
-61.91834468086149
-61.886537732120715
-61.84033153359572
-61.82955037804545
-61.78632636632984
-61.7614669362763
-61.7785757176194
-61.744590552913785
-61.71812202951228
-61.734988294686865
-61.72765834756649
-61.825295912108096
-61.85509835949251
-61.854083280031986
-61.90004310892202
-61.92371349308142
-61.91205242757045
-61.88520180427111
-61.90677408869861
-61.906199354331974
-61.86624049178526
-61.87418771707201
-61.850072940045486
-61.798631848301234
-61.78463531391932
-61.71246490118143
-61.672826207058925
-61.653324218142316
-61.70328767238335
-61.67204361617577
-61.6680860817422
-61.77183405885722
-61.81317310588338
-61.86667399877278
-61.85696409218686
-61.87622388260256
-61.87453265015403
-61.87303661637243
-61.88711628525615
-61.850589478514074
-61.81950382916618
-61.79734429551242
-61.79696607243394
-61.735650229856425
-61.7092387757469
-61.6998167602516
-61.662820884557554
-61.6668526154714
-61.629428558612666
-61.63116363629142
-61.64542694276746
-61.71660677861041
-61.76314145421501
-61.79916058223756
-61.83764218491177
-61.851888494850705
-61.8371862469859
-61.85799985787948
-61.85908045655125
-61.78799777919793
-61.78529618265434
-61.76386294253283
-61.734751918411966
-61.6991048910543
-61.66272299373228
-61.66176316735458
-61.588818880844876
-61.61076444111747
-61.63885960325952
-61.61385338523113
-61.685695940136235
-61.70218326759489
-61.72946302681028
-61.83012427473882
-61.80971359244143
-61.810970581388496
-61.82985877331987
-61.823343637625236
-61.822742128329075
-61.78384972687438
-61.76924046485288
-61.728963542415315
-61.71775272766562
-61.687336807847544
-61.63460703633256
-61.60933590520737
-61.60475137750984
-61.5766758137147
-61.54445215314163
-61.570059590397406
-61.63268821926243
-61.642068369143054
-61.691636677683505
-61.777949922242556
-61.81961733425401
-61.85082605234398
-61.83464080116669
-61.81361269747003
-61.8269465054057
-61.81367599075874
-61.77025950165385
-61.762276009812986
-61.75380334898556
-61.70863769477659
-61.71093671750081
-61.659115439486925
-61.607108362239266
-61.591083861551816
-61.611253134121355
-61.629923114512074
-61.62758014599938
-61.70128181964336
-61.73220798982425
-61.75830786851265
-61.82275951093734
-61.814347029659324
-61.8051194269114
-61.79917974323737
-61.77771231747634
-61.781597731248816
-61.77805961096648
-61.69728410778028
-61.67552227657802
-61.658748165596094
-61.614393720666044
-61.59913816099901
-61.543178125906365
-61.51601473146421
-61.51852357204151
-61.52282022092969
-61.503239666699486
-61.56120398071332
-61.635169865410724
-61.642339059034434
-61.65843446191844
-61.695816081533
-61.68973089846479
-61.68436622193734
-61.67028374876586
-61.63216520237673
-61.60096940860008
-61.58742247162955
-61.605120714273234
-61.56326953494188
-61.53529503174639
-61.46582060076734
-61.42813094930705
-61.457608253198224
-61.43674687426593
-61.44678304775268
-61.51773114305826
-61.524235494085154
-61.628980035439284
-61.69395134148578
-61.68389899393693
-61.70015242007329
-61.71660615548184
-61.67972474110498
-61.690997288559245
-61.65011079798295
-61.63123817688582
-61.577258743109795
-61.58254786876944
-61.5885668813134
-61.5060490325579
-61.483546324882674
-61.45737750652541
-61.42210738125205
-61.48342379394627
-61.46093705440668
-61.49583966092036
-61.562055637142294
-61.57653133571019
-61.62340669841727
-61.68855660752991
-61.711559785119064
-61.72342755863861
-61.7120994859681
-61.69102030153953
-61.692120746681034
-61.66408540536717
-61.62896759038525
-61.60252309203995
-61.57166945692518
-61.54970970450304
-61.53529738210397
-61.483515745032214
-61.443249033818695
-61.4435108815101
-61.48658542825443
-61.509811108947886
-61.56817733567717
-61.5892278242249
-61.64325902964811
-61.683308982668684
-61.660943202615826
-61.706661782653306
-61.688488791037855
-61.64984352350809
-61.61889443266669
-61.616953125219595
-61.59999933961843
-61.576302764936706
-61.55301389393891
-61.528192606601316
-61.46699814511646
-61.42238445404593
-61.42866306483881
-61.44768970788414
-61.47591047234442
-61.547124396237955
-61.525850186250246
-61.5649536072878
-61.61477328516584
-61.62638925258204
-61.65698579972461
-61.65819928949048
-61.62728852967574
-61.620065398966126
-61.659044716617146
-61.6213493353148
-61.58215107733724
-61.56064231946839
-61.535585978924935
-61.531768480793154
-61.48233185413047
-61.43571256339711
-61.40543950223473
-61.38623658313757
-61.42594052186938
-61.45308065853212
-61.47078212001525
-61.531170499968916
-61.56020428873622
-61.62284537819386
-61.629667811159024
-61.62519382976546
-61.61546815318102
-61.597295717719135
-61.577828912392825
-61.58032303354951
-61.577613032279494
-61.512738637548914
-61.48055196630181
-61.47445765350536
-61.429732671306006
-61.356504662817386
-61.37071459349988
-61.37932356620219
-61.37863702607539
-61.44787441592988
-61.45420117863788
-61.49429288232254
-61.57608866527587
-61.62365678855016
-61.64184700634181
-61.62786472642715
-61.65036881778808
-61.617844130475994
-61.60661563399872
-61.6022449522664
-61.55950688716219
-61.53166809544029
-61.531404565816494
-61.47543340505562
-61.438214004789
-61.45686995241708
-61.40895166796952
-61.408025121374145
-61.432973344134616
-61.437821430577586
-61.50886155376039
-61.55873219756404
-61.575734799975145
-61.60615751540648
-61.66123266837741
-61.62380205644047
-61.61638710961854
-61.60043116139564
-61.55898375757535
-61.55999358222994
-61.522598296247686
-61.499147201467515
-61.48579823820929
-61.41438993212455
-61.36968076470795
-61.37312639266189
-61.354974108488996
-61.34705355058947
-61.321147049938396
-61.359225662432344
-61.42983068497697
-61.4505120666211
-61.512861178132006
-61.535860154518446
-61.50520514402177
-61.507743966993594
-61.53305503261844
-61.50397934807347
-61.50841485580133
-61.48153935161762
-61.46929879017688
-61.460647816844734
-61.42082803915002
-61.404121956189705
-61.37726527504954
-61.33253745634666
-61.31622954097407
-61.29702971515611
-61.32333562110271
-61.35822022994904
-61.3642190550546
-61.4286227188738
-61.479341867237096
-61.476341633906095
-61.515475938586974
-61.52828245549307
-61.51364248070031
-61.48902031744733
-61.460562721235455
-61.4773193981429
-61.48234580852567
-61.44732725082415
-61.41831158907308
-61.362445254646445
-61.268926432700646
-61.26703806595747
-61.27449604482839
-61.290708302935954
-61.290170058752516
-61.31773457637473
-61.358654344453434
-61.4341528846796
-61.493515230844416
-61.48404513305763
-61.4958950508343
-61.493751878260746
-61.45549360648579
-61.45940529522323
-61.453073988213895
-61.421109048630555
-61.41736005797629
-61.425258645651404
-61.35872324155914
-61.28764618254099
-61.3002046149167
-61.30237461037624
-61.26841083295137
-61.26926528025979
-61.28702828594427
-61.286216291230026
-61.31279517699231
-61.39282281731412
-61.43943297033091
-61.489557634738944
-61.541944437866654
-61.50749063937469
-61.45665079010071
-61.44967144171802
-61.44089636714203
-61.451686675878996
-61.413263658233554
-61.35517434847401
-61.36615784438819
-61.35902680304091
-61.315501508563706
-61.27155863444059
-61.236755132680074
-61.22842641165096
-61.286298366197954
-61.30794161363762
-61.32906379962253
-61.378959291626536
-61.456904037804
-61.47944705262512
-61.474030879920484
-61.47397291251161
-61.49731167042747
-61.4645781635726
-61.45237723738854
-61.418647667639675
-61.37948313899725
-61.36622778908726
-61.33638010432211
-61.32145478828445
-61.276548468254255
-61.1867617774467
-61.169072029677196
-61.203295463812694
-61.22041042780649
-61.26631331061047
-61.28176249725989
-61.36696563608252
-61.39695839100558
-61.41018096322414
-61.445623945285966
-61.454908718421684
-61.4416225192595
-61.42275922798772
-61.37190978184718
-61.39833347371073
-61.40301455938187
-61.377343765170174
-61.34602300936768
-61.293624384632416
-61.265146836227196
-61.23170283152035
-61.238488910423634
-61.204829132253785
-61.235262276452644
-61.27961273861576
-61.35623306704338
-61.39079048522757
-61.41244158998977
-61.40881032523071
-61.43799026985432
-61.46806729546677
-61.43169994397955
-61.44374189495408
-61.44685883081745
-61.386078272653585
-61.36619290615896
-61.32801934693517
-61.29756607671659
-61.24889244690949
-61.19770264684556
-61.18037178775851
-61.139119863162136
-61.15213378497997
-61.15165220848144
-61.21809703059127
-61.24110392935869
-61.3083793742508
-61.37627696390617
-61.39476417514082
-61.41114981923499
-61.378414065600076
-61.386677001965644
-61.38551689789182
-61.36544443344922
-61.33392190435619
-61.346818114676466
-61.33005147209328
-61.30098837933297
-61.250845021462176
-61.20285017787216
-61.19526750936108
-61.155000650184896
-61.15419175495703
-61.160719750790825
-61.22617352360222
-61.302936989599665
-61.310195732806584
-61.390914850145876
-61.370107817028675
-61.37782239512033
-61.38214282872932
-61.3750603780448
-61.41364603565767
-61.371205346186194
-61.374601523058
-61.3292317769059
-61.304887466980254
-61.253607017814765
-61.2248120271307
-61.208544242314424
-61.21001511869729
-61.18877544790381
-61.127665645579384
-61.1847586307076
-61.22828762899519
-61.250041140501324
-61.30022232363517
-61.323210298388425
-61.37403032492437
-61.38334956620081
-61.41126153327275
-61.39533899521317
-61.359499194031045
-61.352634514254774
-61.33977788659827
-61.33196128542004
-61.30026377125597
-61.250763639543116
-61.2161051962026
-61.16253956328388
-61.1628927510194
-61.12609467684654
-61.1683470495765
-61.1335435139625
-61.17501293737878
-61.2319326103093
-61.265685868580064
-61.31158551714936
-61.35151068933424
-61.35960465692426
-61.37930689174949
-61.38188817793987
-61.392240629229676
-61.35888868458496
-61.28650959151167
-61.26420742966583
-61.29574190641574
-61.27157604216453
-61.23191155183697
-61.1807178571681
-61.165636996662805
-61.11779742229424
-61.14564418627937
-61.12310372546568
-61.15485915867738
-61.19494150687296
-61.24980831148299
-61.30019384595975
-61.356942576212596
-61.38428297026112
-61.42708699058261
-61.384789259464
-61.34262137267634
-61.30181319992353
-61.30846570743196
-61.25249574857937
-61.28244264174545
-61.24971976296962
-61.20618446601581
-61.21158555151927
-61.1337225353491
-61.09979186555771
-61.098730779667406
-61.15267545475167
-61.198909827298856
-61.22052659051923
-61.26396706963846
-61.306802213722946
-61.33636857284004
-61.367594216287614
-61.3534214585791
-61.367959946946705
-61.336336887677405
-61.34698585169172
-61.315511683746315
-61.263572555247784
-61.26411967682844
-61.24965745109988
-61.24535101305992
-61.20753216510325
-61.13061820763386
-61.13223962979081
-61.15050697523413
-61.09660802072198
-61.14835651674461
-61.214568359920825
-61.26358462293971
-61.265515685664845
-61.315079691118385
-61.35720716347815
-61.35119199350474
-61.352216251067965
-61.349606109829075
-61.32719744076822
-61.26484575302269
-61.259642109663154
-61.30063254812347
-61.207634272044494
-61.16085584261155
-61.14483320580691
-61.124453124814224
-61.110803012830296
-61.06770252809214
-61.06796370637401
-61.10434543274216
-61.16325962173938
-61.20647344785225
-61.23091226045203
-61.30273846698155
-61.32003263563099
-61.33621485324626
-61.321600909035574
-61.30664508260172
-61.30585336511533
-61.27544347877989
-61.23553689211231
-61.21191091316704
-61.211728712237694
-61.156322232423896
-61.1148078085584
-61.105166533147745
-61.10734786894242
-61.067950651195474
-61.087170206620826
-61.12989082374103
-61.15721272435884
-61.19770144634662
-61.26649637856048
-61.29376953271562
-61.29618323711784
-61.284485719342904
-61.295931803784185
-61.30187158703923
-61.28014720945957
-61.22040088694475
-61.22820336401411
-61.23277016132397
-61.211263376774255
-61.18867489851187
-61.12664371257224
-61.0817588346045
-61.103893569771905
-61.102752145897455
-61.09572116883442
-61.062419726051836
-61.129441456843075
-61.19127399452418
-61.235430671133074
-61.27599991066034
-61.30605174560809
-61.291029388874826
-61.280931025136674
-61.2418105967197
-61.23878557372147
-61.21215570442911
-61.18267714222139
-61.16200424384273
-61.12246857593322
-61.08390836959906
-61.06106779763714
-61.04385872045612
-61.04442537147056
-61.07442489517079
-61.05281000563392
-61.05777384853929
-61.10464004553065
-61.192160979890225
-61.25792028673205
-61.27761024226233
-61.318442997887416
-61.27088238640258
-61.25673680824139
-61.22613686281337
-61.2477575794896
-61.230249714600916
-61.19902948248125
-61.169397306811504
-61.161814808104246
-61.11084808119135
-61.10243766210283
-61.06465789962521
-61.045887302055526
-61.03833964609077
-61.06395685162168
-61.09047905139208
-61.10940008252716
-61.18078027186231
-61.218411259517744
-61.23604830780456
-61.25080882424929
-61.26302832324035
-61.225078232112814
-61.26272987149754
-61.24616751899386
-61.22846717854859
-61.19687737810417
-61.169667206808676
-61.144762484336994
-61.110461161000885
-61.08453401761811
-61.01014756763649
-60.994624859596506
-61.05242882969981
-61.04226473959135
-61.08630598465292
-61.13628607087837
-61.180540655981325
-61.20895996928017
-61.23632127253601
-61.23825812431279
-61.28008861569659
-61.27059948068628
-61.24244798771982
-61.25781585497558
-61.18677435755719
-61.16477475547343
-61.12994880386333
-61.127176680465695
-61.132702527092555
-61.078040473031606
-61.022426615289454
-61.044146675770556
-61.01414221989745
-61.03294727765455
-61.045719182985586
-61.08758322298273
-61.18604101650679
-61.20764084365073
-61.218974504688575
-61.26725114563919
-61.264219657044464
-61.26486844034944
-61.23943647456135
-61.21828142332343
-61.18363495146499
-61.15231720763763
-61.15757918740764
-61.11729106470094
-61.08583770637626
-61.091894173488924
-61.028965080098665
-60.9867341662798
-60.971043668485656
-60.98381084301583
-61.04574428035205
-61.076684821867325
-61.116240606061176
-61.174039282099066
-61.19233652769224
-61.16402432150601
-61.171128313129095
-61.197841489618575
-61.15480748107404
-61.18074080545052
-61.13642465841033
-61.110509658428604
-61.05275695992652
-61.06434458389709
-61.04861610805779
-60.97165017450418
-60.93829038164693
-60.93142475447747
-60.917287238359734
-60.934381687869006
-60.98522434515968
-61.04885659948131
-61.054182736806375
-61.091266270733804
-61.12481978629768
-61.151112791243406
-61.11585574373589
-61.10751372925912
-61.12114220350646
-61.12268399234968
-61.103472931984825
-61.08910654996616
-61.07690616060733
-61.0620703406139
-61.04643840956653
-60.98993407093763
-60.96872065013615
-60.95721016770369
-60.949274166251136
-60.99708422954444
-61.01633841272142
-61.02174302604946
-61.083458925667294
-61.14107549835149
-61.24670707591817
-61.21699792734536
-61.17697297844864
-61.21596728550943
-61.19002573336039
-61.15948823404841
-61.1162197528148
-61.08006908971042
-61.08943057241576
-61.120444743760686
-61.07633298443058
-61.02995469232145
-61.00136230706661
-60.94218731867512
-60.91295942409333
-60.945833009646456
-60.97099901314992
-61.02047903315242
-61.07022668728494
-61.11348807915662
-61.171958967550935
-61.12643395006258
-61.149182388284956
-61.133152170787746
-61.13504308962935
-61.151998835907726
-61.12333645991776
-61.07044106003229
-61.07355716840342
-61.07570341661239
-60.99993158864366
-60.95425570456082
-60.9059527623035
-60.903882974824604
-60.88352736386779
-60.96004005572242
-60.972842634287026
-61.019814309751006
-61.04131653018898
-61.089250141906696
-61.11909993985129
-61.16005430820473
-61.17575682739448
-61.138862918957145
-61.09683158482227
-61.13749319183944
-61.11565690638325
-61.102804056895856
-61.07122325676475
-61.04422199098695
-60.98605990023213
-60.933864185690695
-60.944441995601686
-60.90273751663373
-60.910082393038735
-60.924990331098
-60.98434671491915
-60.99924772895724
-61.046199201317634
-61.121028432566746
-61.109732984748
-61.13593948274415
-61.10745042733625
-61.15547139662507
-61.10884658012386
-61.06641317764893
-61.05935078808972
-61.052687453366
-61.076490350846825
-61.05334674556815
-60.964963581017
-60.94972958383539
-60.93354320786033
-60.92736540578067
-60.94084249240877
-60.94455963183481
-60.95842730868167
-60.98376658091406
-61.08034255788387
-61.05167867044644
-61.09404431409126
-61.11071064120157
-61.16319423576624
-61.12906186970803
-61.09476376803404
-61.0888821443881
-61.03639093842924
-61.01339850240665
-61.017043858224476
-60.978062714405446
-60.92120720640838
-60.91998734535764
-60.87199052181372
-60.845468544083424
-60.86305072343733
-60.88754041226821
-60.88937814562674
-60.93369546490469
-60.98286846875458
-61.04175996794106
-61.06474090925037
-61.08434487207288
-61.11832575073167
-61.093278865746655
-61.073536884892356
-61.058438552219215
-61.06376143606209
-61.04242301858081
-61.00296328190593
-60.97608599674205
-60.96838796919496
-60.97320119898495
-60.898436714704886
-60.876988645065424
-60.8881934688873
-60.89423505402866
-60.94453481619398
-60.94890634596194
-61.01667912323637
-61.0852561012472
-61.069556199226625
-61.073857326756276
-61.09339315341669
-61.10441026826527
-61.07006918661404
-61.07140074620934
-61.07099375701587
-61.06144575964348
-61.01563276837804
-60.942845021728814
-60.9478045009224
-60.92622470809043
-60.91281940217299
-60.894796222121165
-60.899788216702845
-60.93632463941848
-60.90818263359152
-60.97471955565719
-61.05653615304413
-61.09226338386212
-61.08716916796143
-61.09204584451816
-61.0902030894858
-61.076324250489854
-61.08058777273665
-61.05482150051279
-61.03606281660484
-61.00628368499175
-60.99623762470198
-60.973062342208245
-60.94536961077991
-60.89628911590773
-60.88021121898006
-60.846667541840034
-60.83154284016421
-60.871134203395115
-60.89198967859529
-60.927440245475616
-60.96443611515128
-61.00934757361322
-61.01699602061324
-61.02937593565116
-61.03895437736321
-61.05854127906188
-61.04725473583755
-61.007416764659226
-61.00277414856358
-60.9527893728775
-60.93529829480797
-60.94264561682595
-60.90879600306807
-60.882618794943205
-60.85634187602206
-60.80115714738651
-60.8216098337568
-60.823675860395035
-60.851274250278024
-60.91893596434012
-60.98514816610676
-61.00478093860557
-61.05104153227192
-61.02978885659961
-61.00522781303473
-61.01933644894302
-60.9866325730758
-60.97608700598998
-60.97925792340051
-60.98056693552834
-60.931586947282106
-60.92793744866246
-60.909455578931464
-60.87508839692345
-60.8355745305487
-60.776986656066775
-60.81149955863482
-60.8310279397803
-60.81232998540083
-60.86665233517319
-60.91589165922194
-60.95491385273723
-61.02587795565263
-61.04185562766991
-61.0488622523219
-60.999161556200306
-60.9937954881453
-61.00878513108721
-60.9802393969053
-60.925905878472285
-60.8904175624371
-60.90741058852187
-60.866258145678714
-60.84869187853929
-60.80695315023422
-60.81492753610677
-60.798508301015104
-60.77449406449908
-60.81906031582495
-60.86807948292161
-60.893929517966114
-60.966220725584556
-60.98696358116394
-60.99526326334073
-61.00310416888543
-60.96440289558624
-61.017868574576646
-60.96780099653989
-60.93941780841011
-60.929404798575284
-60.9246836189695
-60.86110740086633
-60.83040899330514
-60.80561528148752
-60.792608806312614
-60.748479556736356
-60.77355906551229
-60.81038231013606
-60.84579050162977
-60.854419592125105
-60.93227309883828
-60.97877281792233
-60.999457769007044
-61.0091260244298
-60.99570305099224
-60.99576451459236
-60.97615645396321
-60.9908234511618
-61.006892846478216
-60.9476633850481
-60.9400902896169
-60.924168179357544
-60.87964797130467
-60.81809451813637
-60.76572294283881
-60.78461248306066
-60.78946810817662
-60.80685056518956
-60.80839643511068
-60.841602826092874
-60.89101759091356
-60.9665212087152
-61.00703784059383
-60.97825688620781
-60.944627406480414
-60.95286812743954
-60.94388972553969
-60.94355514791
-60.956250584056285
-60.9432713913062
-60.88533922277271
-60.88625108040235
-60.83625969398674
-60.79083916885587
-60.789973656944404
-60.77448503400671
-60.751969566987825
-60.82805058210242
-60.82576207625076
-60.83788924009097
-60.88634156700687
-60.956162361835766
-61.01127806695068
-60.983517295204216
-60.98864190253893
-60.974450943905005
-61.0019856662859
-60.954147805858156
-60.91974550142028
-60.94988620669521
-60.93039260556661
-60.89940322391764
-60.86619321969698
-60.84322406689416
-60.84088288347555
-60.770032683053316
-60.785646011238605
-60.829930151673395
-60.85867894183726
-60.87342089904983
-60.874597857396225
-60.94754625928567
-60.97416606901278
-60.980178139748475
-60.98765766301867
-60.98464961100036
-60.973824530675905
-60.936131606020254
-60.93566587409182
-60.949428798364025
-60.90324580966783
-60.87752701155078
-60.85707430154616
-60.81056605849832
-60.76133617403746
-60.7546649001301
-60.74595675024874
-60.79681600181984
-60.778046950422684
-60.83424973588202
-60.87854063424488
-60.9051144615553
-60.95535549190496
-60.92931366902894
-60.93631907350702
-60.99783243885488
-60.99235360861009
-60.98223300581295
-60.93694874226079
-60.910742421360446
-60.85798735811481
-60.8493900351474
-60.7802322629257
-60.75407225786628
-60.753127525522544
-60.78438720006549
-60.781500069958334
-60.79187138171683
-60.806435011265194
-60.80004634638537
-60.88982659908719
-60.94756016195429
-60.930377065106164
-60.95565794792346
-60.9817175509595
-60.98630558886489
-60.96965844630125
-60.92159371860503
-60.858083325730426
-60.852240560248504
-60.88682153271053
-60.86898610932059
-60.827683540532995
-60.7804254232536
-60.75755686091913
-60.73830802817526
-60.70222230274195
-60.730083452897
-60.767404715649754
-60.812452072817216
-60.84478784056277
-60.90633391148291
-60.97400346349395
-60.940099346156714
-60.92868083364937
-60.933562183945575
-60.884088281363084
-60.916103565738254
-60.86456219130928
-60.86711520172175
-60.87959869589867
-60.86972768003212
-60.81389346685205
-60.77824363588975
-60.73972569768455
-60.73624843751814
-60.76385804065534
-60.73479136098326
-60.75498048321082
-60.78375000212025
-60.85998151564281
-60.882511603801355
-60.943683896532995
-60.94370641966339
-60.950213777870054
-60.96565832933857
-60.94523473223175
-60.910078976814624
-60.88529791945786
-60.89847709457586
-60.85532391500691
-60.85420420386256
-60.84151925633821
-60.764973196180556
-60.7332197493001
-60.72136288305397
-60.6943982730461
-60.73775555298062
-60.768939763404454
-60.82372777822858
-60.85148803286996
-60.8899864168564
-60.91718506311965
-60.97630782958515
-60.95107135942463
-60.95104632464553
-60.94549676825362
-60.89647733020383
-60.9303635920039
-60.87554953004379
-60.880058175195984
-60.84650613400771
-60.82848964092508
-60.80613367556249
-60.79212356161697
-60.726633419682365
-60.70918012358224
-60.756874344574705
-60.79311085725236
-60.82620734170008
-60.871502231054954
-60.90117437989666
-60.96704190980705
-60.953508374902995
-60.943839200223735
-60.93338617679064
-60.9110175801012
-60.8816281479746
-60.87911769558939
-60.877335552909805
-60.869912010450925
-60.84100817990962
-60.78366162111887
-60.73575371739826
-60.704142709361385
-60.67048074092856
-60.660750816951165
-60.71084166005106
-60.7509604260432
-60.78285851947765
-60.80722247926178
-60.877694963958454
-60.928660952461755
-60.926284951565684
-60.9142013202196
-60.897852423962
-60.89085017670124
-60.868210426919475
-60.849879788280695
-60.860697149283155
-60.823718681097645
-60.76937229631345
-60.751912850411024
-60.71207780994557
-60.66878077230253
-60.635015520590514
-60.63710168466188
-60.664599776384215
-60.674390071442346
-60.725277233576435
-60.80496614572419
-60.84465268504094
-60.8685715406113
-60.893035758302
-60.870251061061296
-60.85129909904085
-60.85934312597686
-60.84963866643172
-60.82103511453322
-60.81507036659083
-60.787776894940706
-60.754963694619825
-60.73962886222754
-60.70970496732679
-60.72622466971467
-60.672687923975445
-60.65872504628879
-60.70313742512557
-60.72224061820861
-60.76575986505524
-60.81136501877178
-60.889960554086656
-60.88344812255974
-60.86432613373395
-60.88049792823875
-60.87285423094104
-60.83861753381654
-60.804100893863165
-60.81696226447052
-60.83192546999288
-60.76501611520222
-60.75461867789751
-60.75968973263084
-60.681293765200834
-60.6221405945526
-60.64299903568752
-60.63947916573905
-60.673323402911976
-60.7006590868368
-60.707091679020785
-60.79111923796956
-60.82615415253877
-60.8835657819281
-60.88111441156105
-60.89803523830797
-60.89443406090684
-60.85472140527846
-60.855523106422254
-60.82006174855231
-60.825704077313276
-60.81477578359197
-60.75632160806255
-60.722869057894165
-60.69651389750975
-60.675054413167956
-60.66042536147024
-60.65630396506055
-60.71397500548221
-60.70644909173409
-60.69933367151638
-60.754730603025514
-60.790848663862114
-60.824382199822004
-60.8230631391009
-60.85753937858214
-60.872171146796695
-60.8431242642735
-60.80689911509454
-60.78173960805808
-60.74624021157972
-60.75475751124183
-60.74294411682881
-60.7272701421471
-60.68616371333744
-60.62503506784583
-60.618676711940374
-60.61930681474786
-60.63823388850106
-60.675016962079134
-60.69442215707788
-60.729178032998334
-60.81690924381471
-60.846160604878754
-60.829397900251806
-60.842188662854696
-60.85072513801917
-60.83837256518534
-60.80103087944049
-60.80113713304447
-60.78630922080431
-60.78177073908136
-60.71582651507828
-60.70447526192117
-60.66867600377491
-60.62584274549632
-60.60886966217595
-60.61447230973841
-60.609983068059044
-60.65506981024472
-60.695342043709466
-60.77374724472118
-60.83092605457058
-60.840653098465054
-60.83568845180677
-60.8166476386446
-60.821549081026085
-60.81327992159101
-60.815896195774556
-60.77456258240853
-60.78141354836619
-60.78028130740537
-60.73811370107825
-60.71994426593356
-60.675150702175266
-60.66252144470226
-60.5980155183546
-60.59292497154191
-60.62967591473896
-60.66168796238008
-60.72079887857342
-60.73382237192443
-60.80804387333101
-60.86837611982056
-60.81057841346294
-60.82406807538798
-60.7922099811968
-60.807777498786436
-60.7830588680393
-60.756426732727355
-60.723792984029714
-60.696325673434444
-60.69249405821664
-60.65264852013303
-60.672159506102716
-60.63837032767562
-60.60640952362951
-60.592175384838775
-60.6372494301054
-60.632543289751354
-60.63949252201405
-60.687525516919074
-60.77796631601483
-60.82930502047191
-60.884487575020934
-60.837695755591334
-60.78804139439882
-60.808830882716315
-60.78831280841576
-60.77835100055399
-60.7649989595417
-60.72626171047859
-60.682199885070006
-60.68519290103977
-60.661931338932035
-60.65349655660964
-60.59395261724362
-60.55417302696816
-60.61297885914815
-60.61505455943353
-60.67475041945071
-60.693216466681065
-60.75209228715784
-60.779416646649786
-60.794476127586805
-60.78655714569269
-60.82511680662044
-60.824928158191916
-60.790630350365454
-60.787117483624534
-60.74471430335734
-60.71505246499932
-60.684243019594454
-60.657392580515285
-60.667099270944334
-60.618218959406065
-60.597428898293366
-60.61465662435993
-60.61276082432256
-60.659498255355466
-60.68552343302423
-60.715733468505796
-60.74534575995369
-60.79395726047287
-60.81350856138289
-60.79519357572479
-60.786749514683706
-60.7954946988828
-60.7629702105991
-60.73477235867558
-60.6943189200199
-60.667145615623454
-60.67754865183013
-60.644916531829885
-60.61161793056343
-60.58069194859111
-60.55340153918237
-60.57396488593445
-60.6007363624799
-60.579995190879856
-60.65575831854005
-60.72674840940623
-60.73769603097647
-60.73667250396447
-60.77286313936448
-60.81784810318084
-60.808854585203214
-60.75638929381575
-60.76220732756376
-60.73195341759249
-60.751370730898266
-60.698389426114765
-60.73592405920672
-60.697928404206735
-60.64460435027223
-60.62482794690359
-60.61327474310908
-60.62095426542315
-60.650716518418115
-60.646503242850955
-60.72205582118348
-60.75497019352452
-60.818360648871206
-60.85942291777995
-60.876019512784886
-60.8485028138819
-60.82639246925777
-60.80116556770539
-60.83995015225781
-60.8217278906572
-60.748008692363896
-60.732731945990444
-60.71541378266325
-60.67716465551615
-60.637070296349194
-60.583292295972946
-60.57335224213583
-60.601195980828905
-60.59253605358096
-60.625520801933476
-60.6892893178479
-60.73755077033143
-60.76700991716732
-60.80420748166157
-60.80611118392205
-60.814378749081754
-60.823529197353096
-60.797619727772336
-60.76650852777453
-60.77721565596267
-60.74606093304101
-60.73330617736097
-60.686898412285146
-60.62437915651268
-60.58553727154267
-60.53793230999651
-60.51954480653952
-60.54978484701122
-60.58257129101518
-60.59644053588886
-60.65704012748962
-60.74137333476859
-60.79490211344692
-60.81199950450973
-60.811406954519086
-60.796873401440834
-60.830469961269344
-60.786170007545
-60.78225675006059
-60.781477404096144
-60.76419294587648
-60.71903752975003
-60.67692968368574
-60.65544725004396
-60.610043487707266
-60.5761754698613
-60.55967640483923
-60.5905388058293
-60.6105307576333
-60.65895457716907
-60.68904638281799
-60.74620277748384
-60.79419189701736
-60.834562252688485
-60.8530399163888
-60.87570620216987
-60.816300843736144
-60.82955675762277
-60.78517186524075
-60.71836021086943
-60.72446860049139
-60.70885029231591
-60.699326862707615
-60.67052842374595
-60.603074534773455
-60.57653243977302
-60.610092340481195
-60.60045940864495
-60.61564260135531
-60.63219351847808
-60.7060926608042
-60.73443394310958
-60.79679405223391
-60.84324655489923
-60.7729330506558
-60.80634496810794
-60.86464128624126
-60.7685631952715
-60.771932650703434
-60.7531065855204
-60.73691190295142
-60.69812251673918
-60.68038336113374
-60.67379220242491
-60.62164704644674
-60.551786649999755
-60.563592359885675
-60.569057033308056
-60.5630154934882
-60.632724910324306
-60.69089471779874
-60.750083547735194
-60.74073721151871
-60.76921695110122
-60.819483751949754
-60.79213464581734
-60.81312024538166
-60.78303569153387
-60.754386274047384
-60.718669711584724
-60.734789340467465
-60.71787552814722
-60.63428385176028
-60.62600433123998
-60.579168034114296
-60.56465922356623
-60.5504145750607
-60.54484552071244
-60.54989679064444
-60.589711653430065
-60.65120000900192
-60.70951845550801
-60.77056188046384
-60.75621320092755
-60.78584799851499
-60.80022478287315
-60.77166805516156
-60.77192152394216
-60.73026611088265
-60.71565943371626
-60.69815452171552
-60.65741285386881
-60.68244440114495
-60.62689176078776
-60.56948539350696
-60.54915837292384
-60.507282845451144
-60.50044443533934
-60.53637625924999
-60.56949275305862
-60.621627872657044
-60.69533011929777
-60.721925373355006
-60.74300129163549
-60.76730415334004
-60.76541562130935
-60.765408567684844
-60.76514327498893
-60.752298518586535
-60.71177897169482
-60.68978229741342
-60.67021631338076
-60.63381169052569
-60.602797409087565
-60.54236962179669
-60.52031510304894
-60.527389823780986
-60.506285576251344
-60.557160952867754
-60.59985103623885
-60.618586929358734
-60.69525527334268
-60.71845778932215
-60.76774837583073
-60.74278446363861
-60.73116584742593
-60.74390272793552
-60.7481196851632
-60.7146014546306
-60.69910530625361
-60.71704727817105
-60.67375086548639
-60.61349753826352
-60.603623490777736
-60.529199144970015
-60.499793298356735
-60.48857468067827
-60.534094503540814
-60.54422327514353
-60.5773003796152
-60.610348386146775
-60.65110034695406
-60.71290243555994
-60.738544456286135
-60.75845206584477
-60.76197391324591
-60.73596083550655
-60.761963080712796
-60.7619180503417
-60.69772856268908
-60.72458989580408
-60.701885024175716
-60.621747207339105
-60.58737792466061
-60.565122848861925
-60.55383428781047
-60.508644157772764
-60.52152430274534
-60.53791207134388
-60.55964450059581
-60.64607216070359
-60.67189021645235
-60.69884887698288
-60.76686394529679
-60.75164037752042
-60.81318341641743
-60.75138538884712
-60.751566954948075
-60.748376101408496
-60.71021771890052
-60.71581205755672
-60.67445054031445
-60.64995886282096
-60.606737444056236
-60.56443191455321
-60.51165519373516
-60.482809439690065
-60.51329500651479
-60.50376906384171
-60.57816514849247
-60.62207170502442
-60.70475636671699
-60.762340820998524
-60.760452127165436
-60.78818107742431
-60.798209843380775
-60.81013136777633
-60.76175312827329
-60.728859240213104
-60.722025130316254
-60.67767695296417
-60.682600772420884
-60.636445434588396
-60.61639034662738
-60.5913756168069
-60.55832804343247
-60.532944624495485
-60.530365732617575
-60.52330349707447
-60.54389970889606
-60.62210657126959
-60.65541262911144
-60.714810452065294
-60.74079490510354
-60.78122597412238
-60.77783551370885
-60.71991883824894
-60.74122323272234
-60.72698096392184
-60.693391943567875
-60.669138295954035
-60.64112011460974
-60.62899994180194
-60.6064780353089
-60.542626125772586
-60.51734018286056
-60.52734417417571
-60.49410295282512
-60.51690571121829
-60.59897087416521
-60.61271547591049
-60.66203757269127
-60.713244034907575
-60.76095021367684
-60.777471570408544
-60.72650178753376
-60.76624718126749
-60.731913207617076
-60.7110258100315
-60.69592798260141
-60.67006733801679
-60.655444818465014
-60.597004181553515
-60.53629457125984
-60.52487397522756
-60.49780196427694
-60.47604011609586
-60.49441267063081
-60.50070010246211
-60.51474783346149
-60.597291712157165
-60.646008706243435
-60.72067221371447
-60.753235596927375
-60.725220003170406
-60.71281973322004
-60.71791137248555
-60.69958242476902
-60.68339059872807
-60.6749005710505
-60.65048692881885
-60.63076569767408
-60.60452930354729
-60.533592336559465
-60.50046762355181
-60.45216588052289
-60.44098791640975
-60.467809383368255
-60.50072726871578
-60.509596545864106
-60.596428297061685
-60.64783099775813
-60.67115034240208
-60.71027421693457
-60.73639829300744
-60.73309404870903
-60.74085727880891
-60.729322714425415
-60.67453090474042
-60.63509140727
-60.62457670612429
-60.653318870506645
-60.61888068656651
-60.55962730676871
-60.52094505658162
-60.46322957215331
-60.483163486002226
-60.47749500196229
-60.55906513142428
-60.560180179866585
-60.574479422677136
-60.60316717574698
-60.68885702398679
-60.69185746213699
-60.68395647122525
-60.71489201103087
-60.703185826437064
-60.735825849711375
-60.71047194039845
-60.67344683340819
-60.64148689383985
-60.611948317864424
-60.588790517724235
-60.55360681216246
-60.51863061336361
-60.52953312124303
-60.45383110184468
-60.495749852776726
-60.52763991942169
-60.57831307874439
-60.63488617142694
-60.675910113769
-60.70828179955883
-60.77355381201968
-60.769861627344696
-60.718182544690286
-60.70845936992584
-60.721448391035246
-60.7120127505958
-60.721102006999885
-60.64090520630474
-60.61950374154613
-60.61159730600763
-60.54421403071235
-60.55133263697007
-60.50380661608473
-60.45705885951532
-60.46236539050104
-60.53436560513075
-60.56875997483519
-60.55979100648195
-60.63230067567593
-60.7093978830385
-60.73636179662749
-60.71920696383921
-60.72525324916739
-60.68583751012566
-60.67795746980814
-60.654484749640275
-60.66697312426064
-60.63829983919337
-60.601535465508064
-60.56984302862424
-60.54586350595945
-60.513008662772556
-60.482082284749886
-60.4638200791073
-60.47605855367356
-60.49803282526255
-60.52831925799792
-60.57186351931365
-60.58392758791158
-60.65813620872752
-60.6905187279534
-60.70822175562738
-60.73067139134121
-60.70850543735602
-60.6850160629378
-60.66946306332293
-60.6821067945823
-60.65637841715983
-60.61746670644691
-60.569975580926204
-60.518699997764664
-60.50275936225419
-60.51171697074094
-60.479628510429635
-60.48701138208332
-60.50509201490292
-60.511891036394005
-60.56184068450956
-60.57737207156115
-60.63813569665363
-60.68703349461379
-60.693780449960855
-60.706850536213366
-60.69211972305742
-60.67038164815368
-60.65272654986079
-60.586377396069324
-60.59668627102469
-60.58046554807173
-60.53018459509311
-60.52159229418214
-60.47878938454061
-60.46798134478687
-60.448613278576495
-60.44182896712333
-60.507431388548746
-60.54892708881527
-60.55193068446151
-60.61625390661896
-60.69970024962164
-60.70398058966071
-60.68710142583418
-60.67378576861199
-60.65675795109059
-60.66592773511151
-60.63566598526184
-60.622803689356886
-60.63442220188623
-60.573091726933
-60.5425793445586
-60.557018994029406
-60.50864067239377
-60.45775372575752
-60.450496236355214
-60.4419741303487
-60.47526901110946
-60.52113374761114
-60.52011772205208
-60.5654151482113
-60.594661999046465
-60.66166456930329
-60.68575362135589
-60.65835426452151
-60.68415121682762
-60.67933910648196
-60.64616747047979
-60.645362255063766
-60.62708563215635
-60.588865940335005
-60.54509107026466
-60.508923049177156
-60.47296804533607
-60.44574926404989
-60.38772938234429
-60.41327682455683
-60.44717927100064
-60.4742421931973
-60.562783665399245
-60.60009184510096
-60.67196285008949
-60.681438817476185
-60.6866430129563
-60.67644029175857
-60.68504236668332
-60.66644457197928
-60.663873366107445
-60.63883099475346
-60.60802187349871
-60.59686398077067
-60.549938604589606
-60.493820129073754
-60.472197873712226
-60.44503218558899
-60.433219604109844
-60.42338839642772
-60.46894456508352
-60.45705218107521
-60.519799791737164
-60.593308194428445
-60.657648259011026
-60.684908990735416
-60.71489181817833
-60.701028477190555
-60.666224825356515
-60.6382748841437
-60.64700637491304
-60.61206835966142
-60.60233387039055
-60.575722504811026
-60.55120054080781
-60.4861515560586
-60.45074072189994
-60.42369690399227
-60.46521994820797
-60.42999542053712
-60.42071179388274
-60.46267119220818
-60.51727706321152
-60.57422070481185
-60.62491498190314
-60.67572048646381
-60.655730551134276
-60.673873587174455
-60.66538729584029
-60.65375177719995
-60.68543455526501
-60.63801842826954
-60.60965024078007
-60.630939551474114
-60.56873547828148
-60.50483881280484
-60.456814605822466
-60.425075275243195
-60.41606220837275
-60.43922351942481
-60.46507363042728
-60.46730957358346
-60.49636766025477
-60.55920560465747
-60.64547861422445
-60.66488821289305
-60.680104915105986
-60.70627658981163
-60.66522065299305
-60.68151771869382
-60.63925758012171
-60.60372187031556
-60.55836542703504
-60.56425136934847
-60.529406431006315
-60.46977566407696
-60.44248717886477
-60.44788046149563
-60.39823818804764
-60.45333015415164
-60.43342687370775
-60.44470012059815
-60.514174092157795
-60.58544784919822
-60.646962620195225
-60.619759999871796
-60.66686116853851
-60.66531860020399
-60.61639661210182
-60.639758018734256
-60.58394157153451
-60.57563593303992
-60.5861306899402
-60.59068396580425
-60.54105236548602
-60.45706534997907
-60.43032924083429
-60.41146579983465
-60.404909074167655
-60.4501248120996
-60.45098909657329
-60.47092889103018
-60.50728282077596
-60.536341257298055
-60.61858133291014
-60.67452257170406
-60.68311116503957
-60.69980984421308
-60.66622030240479
-60.682441956886976
-60.64600806174381
-60.653718654140384
-60.617415701280684
-60.546789658854905
-60.49558838729922
-60.46438492188995
-60.44844563052401
-60.41215406938421
-60.40554895823011
-60.40983614441098
-60.41332334377562
-60.47774170175422
-60.49824496868896
-60.5485155159089
-60.55884042471162
-60.62928972291049
-60.64307657002339
-60.65935475214371
-60.663918639433504
-60.60151651648085
-60.59626857070457
-60.601184543082624
-60.58213282644257
-60.552240960859365
-60.50034198018898
-60.44933685839515
-60.41502120143571
-60.401180713173765
-60.390689176543724
-60.41530987699058
-60.443142703487695
-60.454763727126384
-60.4941177601058
-60.58750767561963
-60.609985135861564
-60.636121021086375
-60.67909419256871
-60.67605275216494
-60.61876181238182
-60.622776460787136
-60.59790992174464
-60.61069631162813
-60.6026156305118
-60.529952317532775
-60.505899472123374
-60.45468139799654
-60.40202062765815
-60.3924411688833
-60.372579494234664
-60.417947947694344
-60.434127912979534
-60.45162831144539
-60.50499632962343
-60.52136804507505
-60.6029853488469
-60.64656565161618
-60.651990940595155
-60.67043891958916
-60.638734571887504
-60.64727654884077
-60.61268618102294
-60.573020900617315
-60.56450807359244
-60.56420716063162
-60.51700867866906
-60.43709139504635
-60.43799062723185
-60.373960409080496
-60.351990691778965
-60.3692877107257
-60.38979740854104
-60.39661214088612
-60.469150855837825
-60.4894874633982
-60.57065892701882
-60.625001723292044
-60.62643860143924
-60.63302338658535
-60.63614518392583
-60.631787967703765
-60.61373572214792
-60.58831178776739
-60.55926283675744
-60.51600491917036
-60.52484380235993
-60.451947777365596
-60.375043417112
-60.401651523591624
-60.3392045291338
-60.37230877908807
-60.41040807196564
-60.45029574885602
-60.447747704781975
-60.50950361147524
-60.570473509018214
-60.61473002027395
-60.63529572624744
-60.6048658181287
-60.62075783007207
-60.59634654726163
-60.57760971747177
-60.570420865690785
-60.53049720238473
-60.48341122142473
-60.48916474278908
-60.458770041729345
-60.44094312672473
-60.38467744494898
-60.37641194174669
-60.399494268765054
-60.38882569610645
-60.43228701025969
-60.48266778110196
-60.5497467184693
-60.590043476013186
-60.6298807418065
-60.63267515312091
-60.62452144699797
-60.57705682623576
-60.60999385256379
-60.588796162397905
-60.498455137087824
-60.517695571641084
-60.471652809403814
-60.45687690029477
-60.39820635610513
-60.36556063132944
-60.35288762327264
-60.3363620844542
-60.330663720580006
-60.338110257285436
-60.38806720326026
-60.43558190378578
-60.466516680961334
-60.564044657304386
-60.6525551019021
-60.60976768689559
-60.593366175107356
-60.57388042339873
-60.54974260020278
-60.51529166691335
-60.555572219476446
-60.50299092212401
-60.49364393547095
-60.48767258243686
-60.418696995208805
-60.37915405060479
-60.347131841067366
-60.35894477267264
-60.36727344494415
-60.36317193053243
-60.3949934135237
-60.43886263057358
-60.465225156068705
-60.540584250477245
-60.55798375235489
-60.586598325425925
-60.61446836444998
-60.60667450118835
-60.55328400272214
-60.53977544397871
-60.541959775760276
-60.547737071551374
-60.512566374854806
-60.47144126596989
-60.40555136126592
-60.34439463791911
-60.32182007798131
-60.32723501300825
