-55.33159827732442
-55.33159827732442
-55.33407191144626
-55.28937622105779
-55.37031160186719
-55.36777527670607
-55.326484393449775
-55.443839584307774
-55.43458175411026
-55.48833932295135
-55.53084803031483
-55.529925024976066
-55.46825507305205
-55.46940084218646
-55.5359682616107
-55.42707694272109
-55.47105814245782
-55.416290429057526
-55.37236561999494
-55.35580681274307
-55.381096240266686
-55.28913012951803
-55.28133760393759
-55.31296142157059
-55.34139849724045
-55.52760738112279
-55.57156943645813
-55.53955112778451
-55.55406146728528
-55.552040555500604
-55.638029593935684
-55.66109495909901
-55.67747913746429
-55.56802247305203
-55.614361777878386
-55.606335169980085
-55.50746806995878
-55.55498276770932
-55.52051621812253
-55.52423449939098
-55.46905752833063
-55.44895254141146
-55.44525293030314
-55.25239673287895
-55.352722149427834
-55.49916694606168
-55.551342729177165
-55.5660023985964
-55.54232512726618
-55.53846354547644
-55.57095587033332
-55.58297693437726
-55.57999799617835
-55.60744626959731
-55.62570860392232
-55.56204056514487
-55.49978164716615
-55.349344296331424
-55.39934946628747
-55.45743424066262
-55.453665292856655
-55.366758923397086
-55.425061443844754
-55.436911584812194
-55.438206086427996
-55.53215509460608
-55.51088112924864
-55.614443023511726
-55.65256870283272
-55.64732391332011
-55.677513124294514
-55.77420387331317
-55.814186287813186
-55.82442429203222
-55.78082226150051
-55.800986119426774
-55.7082495236038
-55.58816724638083
-55.63147698335233
-55.61260551626217
-55.576348524321915
-55.5797083489904
-55.652668690797874
-55.55548410475926
-55.53668071814964
-55.488414774424996
-55.63452791700762
-55.62639964899783
-55.66896001569671
-55.77848352584713
-55.662808891383726
-55.6023199231631
-55.68744081147638
-55.73525750902279
-55.65322894981621
-55.69317691203636
-55.616290746059086
-55.59275572649492
-55.581758063523374
-55.44914875408993
-55.38666864547194
-55.41165914012298
-55.34389310531519
-55.35260441580971
-55.436606571916364
-55.55813824402914
-55.54735698558166
-55.55858753981299
-55.56777074019478
-55.65143333430058
-55.615094579786046
-55.69922919304256
-55.67992906232448
-55.64551373573298
-55.628409597969664
-55.592155317726075
-55.56553011982012
-55.552292821861386
-55.399721603685784
-55.44118305620217
-55.421142022419495
-55.3107056400544
-55.338598352271916
-55.300098161690855
-55.263815193196514
-55.332621215226936
-55.4159704916989
-55.51323573083066
-55.63347436377844
-55.55416314235924
-55.54899726987975
-55.63143656702947
-55.508712324909695
-55.600202759228424
-55.55208514276511
-55.5898956039464
-55.5823681668355
-55.478078852024154
-55.43548625311996
-55.261753348492036
-55.30364209885236
-55.36002970214709
-55.37390736292342
-55.33093880299712
-55.3552615964634
-55.37262564528705
-55.45137207839315
-55.52969300965358
-55.46355237752706
-55.54580216627791
-55.478673730589165
-55.47862305492456
-55.597361555905344
-55.55626932205708
-55.59113498123215
-55.55978559134839
-55.50219786355588
-55.457018473164325
-55.4889086504323
-55.53157032003378
-55.524744680603156
-55.572597854613164
-55.57164018321053
-55.47044022225411
-55.52427024095721
-55.529772437358154
-55.57509241336696
-55.67049143387358
-55.68167403271142
-55.67241415358755
-55.73292184524844
-55.82250102891047
-55.75368733590368
-55.75192844139455
-55.69571033837873
-55.638234187943866
-55.50554502247405
-55.446801165647535
-55.40965539009066
-55.44959835740558
-55.451645165563455
-55.39492211494782
-55.36223656772779
-55.38364987877513
-55.47287612098163
-55.55198753745907
-55.563218703157915
-55.52403372527631
-55.61495062487887
-55.681176394177655
-55.597866568941654
-55.557983146285345
-55.59459233719264
-55.68393381549644
-55.81683095184023
-55.85317025604926
-55.65465090253772
-55.497447236954145
-55.4295115711909
-55.39728184179646
-55.43910731828553
-55.29869164482127
-55.24002721141507
-55.266507155938505
-55.34461580134132
-55.354441936018645
-55.43759979426834
-55.59216209583356
-55.61723534700781
-55.60681488771028
-55.62444767512769
-55.69982643191728
-55.68098360717056
-55.61513442835137
-55.78583290609289
-55.7067336019165
-55.59619084369292
-55.533124150629796
-55.52325259866715
-55.607120617230734
-55.51461154468831
-55.502406999198726
-55.48936191117372
-55.47631682314871
-55.46327173512369
-55.45022664709868
-55.437181559073665
-55.424136471048655
-55.41109138302364
-55.398046294998636
-55.38500120697362
-55.37195611894862
-55.35891103092359
-55.345865942898584
-55.332820854873574
-55.319775766848565
-55.306730678823556
-55.29368559079854
-55.28064050277353
-55.26759541474852
-55.25455032672351
-55.241505238698494
-55.228460150673484
-55.215415062648475
-55.202369974623466
-55.18932488659845
-55.17627979857344
-55.16323471054843
-55.15018962252342
-55.205959949087614
-55.23880020828077
-55.36806374979544
-55.37668919608893
-55.29441075080988
-55.380386578110986
-55.34404809834141
-55.31647512254526
-55.166764811496954
-55.12645302755916
-55.23118782674667
-55.087165359388884
-55.018828318294254
-54.98548062111862
-54.946583355392974
-55.05938181150943
-55.07502237671048
-55.22813260860594
-55.21617485868554
-55.12545792253296
-55.10080475995903
-54.985492231169815
-54.79570485536948
-54.63619177717628
-54.535735162923665
-54.15035514540155
-53.66330426140513
-53.04404088208908
-52.29023691921358
-51.08986008574698
-49.46818827217242
-47.482170198138625
-44.60675636029597
-40.6488827108818
-35.204616380627456
-27.58331914655019
-16.91696652613673
-4.130819044752627
6.536145861485531
13.680938227754922
18.521986381829638
22.195551356623334
24.90501453787981
26.796521449218535
27.98111530801941
28.792665435272305
29.47471943978864
29.860894742399886
29.991778831345624
30.056463815019082
29.953251285852197
29.875912695689635
29.687953417955736
29.38598196935027
29.145729318653203
28.794706098778743
28.400301811384942
27.875856456590366
27.43519619101813
26.956891109333345
26.517420115653938
26.13881015251342
25.66403686582505
25.209100558211123
24.741920111094437
24.252409022364613
23.798131896100177
23.394650862142466
23.022709379009488
22.460790889451765
21.88917453764835
21.378963029330123
20.900404601320822
20.423155574329023
19.893524100826063
19.280855218399736
18.743535179798073
18.10180740563588
17.57411710565274
17.022399280173488
16.528904729671105
16.086548995614233
15.3126416307562
14.635638336352708
14.143009187607054
13.421307134761838
12.781090044185607
12.26340557677924
11.726927806666724
11.054384125605441
10.38327791155515
9.807679276994211
9.097497646664722
8.476467521683816
7.7478197027507365
7.133643915158312
6.392499237230998
5.595953462934133
4.8567837048834255
4.036916754687181
3.2343517584788977
2.4332040569102324
1.6144052843998125
0.7868448801597656
-0.156935943576126
-1.032192597555984
-1.8406498430679368
-2.659209895609791
-3.4827483091020985
-4.4313008424383336
-5.374850294490852
-6.222470158847317
-7.173590495216642
-8.182953513519756
-9.084854896686412
-10.097878773034937
-11.15297847055181
-12.200997584634479
-13.23028184235053
-14.391093833976688
-15.435435694580468
-16.489872861514247
-17.630273998882068
-18.769611634318885
-19.891602428275228
-20.941194340169446
-21.86468190140107
-22.86958736678323
-23.95889291131204
-24.840642819797864
-25.88754829666854
-26.806606313004266
-27.782503072122722
-28.6661041311228
-29.54410194592118
-30.567868467691504
-31.517473349143273
-32.33236974893509
-33.24423003685269
-34.129830341503855
-34.92209983332791
-35.68474215428008
-36.5256596939379
-37.14320201102864
-37.86405470874301
-38.53600234697437
-39.1905766439611
-39.84101873635908
-40.45626209191475
-41.10544391409082
-41.57717096819386
-42.15698449351451
-42.80066934884301
-43.2966253063237
-43.66790790186424
-44.30636582277667
-44.89115383050714
-45.50109242894859
-45.936960844577996
-46.481539558793166
-46.90023046707692
-47.42703901902785
-47.900996581536404
-48.30258262448284
-48.79696581276333
-49.17399663984975
-49.600812044201476
-49.84441599298148
-50.169677044457835
-50.595566416094606
-51.00667816171049
-51.409273658767404
-51.64689225922318
-51.94044026198086
-52.30072556023684
-52.62594757879533
-53.08268082876272
-53.420957831935766
-53.7707912273255
-54.15698891496051
-54.34378168820223
-54.68672490919848
-55.12831828848992
-55.3250130406296
-55.792381933845945
-55.92758305076084
-56.01026654075093
-56.32076398952829
-56.5682276019365
-56.762970495626064
-56.89847249979523
-57.23773996522691
-57.38148730798476
-57.643970338496004
-57.9296251386139
-58.21169017577521
-58.48470962829073
-58.66102757500331
-58.952772101612666
-59.108917617884444
-59.43504048396551
-59.63228559394078
-59.752356443571465
-60.020829973848365
-60.14150262422113
-60.35231175627931
-60.5415348963463
-60.512183523720225
-60.59648689712175
-60.74907238564373
-60.93877328266152
-61.085479303639545
-61.25640078940215
-61.34557971075905
-61.433127133881634
-61.68452509643394
-61.86531939086257
-62.143955819517274
-62.236778532783795
-62.30397644182517
-62.4691963361427
-62.55051445922622
-62.69205697759121
-62.84067697980966
-62.95486199818032
-62.986022784247176
-63.024104051153664
-63.14304695639786
-63.22832857412768
-63.207728780463185
-63.30097675197023
-63.358077375609795
-63.48598661478476
-63.66123113996073
-63.753308155921104
-63.80358748773644
-63.94057670413836
-64.15439471991343
-64.2661445997738
-64.3417309319295
-64.46206583201317
-64.49677929544953
-64.60059893222623
-64.71813338731536
-64.7456869050213
-64.7717371611764
-64.86760741170133
-64.8164352969118
-64.82537423631491
-64.88684277404842
-64.96614374271586
-65.0341600849309
-65.1047700104183
-65.18395716998486
-65.21396113274281
-65.09973429686558
-65.2637361120933
-65.4478363401238
-65.50546516007233
-65.57667609968216
-65.63836821165783
-65.71904934405367
-65.77520682568813
-65.80852000404954
-65.81768208862074
-65.83821892677545
-65.97446861115948
-65.8839375348168
-65.82662443964887
-65.81381039758251
-65.83503104052849
-65.87990640612448
-65.91320750560541
-65.97300098624038
-65.89464763728128
-65.92330217768713
-65.89254817872765
-65.98133981443434
-66.05339186483624
-66.12940494122834
-66.31983747216809
-66.34429540891902
-66.32960973951178
-66.3133288846731
-66.30471619944483
-66.25579808723937
-66.39149682624948
-66.44730661240035
-66.29129705949967
-66.28118297321114
-66.29487063184182
-66.40466972123991
-66.41113058191463
-66.36822137125507
-66.41255330992017
-66.46839537997923
-66.48182758901176
-66.59478566427919
-66.72730601720025
-66.72744954265698
-66.76898482751821
-66.8076463512072
-66.77832191826522
-66.85873136978155
-66.7986308550468
-66.74918609964911
-66.78011618767614
-66.73296688252063
-66.65747169447641
-66.62973948890951
-66.57430201247193
-66.49019557008634
-66.53575680651105
-66.6036237420674
-66.44625889642191
-66.39195057823409
-66.45324075783864
-66.5468401089852
-66.62960205960854
-66.70961440260271
-66.71742993156488
-66.68992853896718
-66.77130806659486
-66.68361985484876
-66.72558177030187
-66.60701476970219
-66.66975474073648
-66.62798549437589
-66.6353857312524
-66.62410440181324
-66.59397232085703
-66.57601794689577
-66.42628588814564
-66.5097300418398
-66.46622516117546
-66.40386077354286
-66.47185379225289
-66.45322850174631
-66.51670808272799
-66.57139940695714
-66.59873520825113
-66.51570331548713
-66.52816764080919
-66.52205166834479
-66.54987536595797
-66.56561648862595
-66.72525063954984
-66.65365405203383
-66.59310858832758
-66.55489634039671
-66.39080523285642
-66.27110440447049
-66.35154690256938
-66.34486085508384
-66.27195394036576
-66.24070585811913
-66.23574360158018
-66.27849109088383
-66.38103518732946
-66.38180817080392
-66.40071660447056
-66.39513004047808
-66.49445008981338
-66.52371499837932
-66.45807989001345
-66.54660002869309
-66.50032785094152
-66.51911931029707
-66.40171549582728
-66.28503165240633
-66.21914585265566
-66.1555698080616
-66.16754876100507
-66.15240683544577
-66.19353659406548
-66.13483045100918
-66.12656388991363
-66.21326488186848
-66.29590642935139
-66.39373066053673
-66.43191442538765
-66.3816172443767
-66.37226777732705
-66.3789050973522
-66.27165732787466
-66.21517913693731
-66.18966334107552
-66.10611727227987
-65.92562133743829
-65.94915964817372
-65.88875442424124
-65.83029958681604
-65.89829189679295
-65.79872917316162
-65.76446024198171
-65.82509899371102
-65.77507629157667
-65.853986629995
-65.87707900772355
-65.919330743041
-65.94049087623891
-65.95088861972252
-66.03566916880288
-66.01410042033612
-66.03036729486243
-65.87028244576265
-65.82968503469274
-65.74095231282398
-65.7538496416945
-65.66997947790271
-65.55521701373637
-65.60734418903503
-65.51324810298283
-65.48006108671707
-65.3827043535668
-65.41226090689423
-65.5056907449459
-65.6124399925598
-65.5839508530794
-65.6968536230492
-65.6360049608807
-65.58863161931401
-65.5274109099952
-65.51689710189892
-65.61080875142721
-65.53556886404206
-65.49284591497425
-65.43696037066113
-65.50062034269503
-65.43419504901898
-65.34779975893107
-65.37629512158784
-65.20308649267744
-65.21034018947164
-65.1116556165601
-65.07099235132908
-65.12432608163111
-65.18588030885344
-65.21713084386045
-65.1048590368885
-65.14669278629876
-65.13397728783602
-65.08795858701576
-65.11681649692684
-65.08522531018254
-65.06388236561948
-64.94741582564444
-64.9924675972029
-64.97443491790202
-64.98918603786431
-65.04104716454324
-64.97807403272405
-64.90914294164043
-64.98519100045154
-65.02300072070048
-64.9712798480528
-64.99695223194418
-64.94262009515896
-65.00543992432834
-65.0878032052124
-65.05715197611543
-64.94042247498125
-64.98596787132243
-65.01099750739621
-64.87232111335757
-64.86707661846708
-64.79402053991424
-64.75675735595107
-64.741835057445
-64.6935264544326
-64.63028461677325
-64.44182450796448
-64.50496950168211
-64.44702114689268
-64.35254140355121
-64.32848527084172
-64.36762669032339
-64.43034394633955
-64.43817741726382
-64.43106815010903
-64.34365027859586
-64.24525384826138
-64.20686525156583
-64.21521636225798
-64.20796906260594
-64.2287176515438
-64.19617071421641
-64.07509179450261
-63.99859831069117
-64.10761479490085
-63.947249010670305
-63.89980677353568
-63.99204658196902
-63.99955662576567
-64.00108455178685
-63.98917048144938
-64.00403930730756
-63.93632102561577
-63.92713425506766
-63.88605488458421
-63.94968440720095
-63.85491393487907
-63.97687398751962
-64.07832837228975
-63.9670643338496
-63.936600041748804
-63.85220584155758
-63.78885168220328
-63.85314616152283
-63.72573839256661
-63.802007414853804
-63.8799481051802
-63.75982027789563
-63.67453315123937
-63.6155118804385
-63.66512276186022
-63.76986372339221
-63.79065881912877
-63.77212025550708
-63.78601274872333
-63.83962899600226
-63.89161935166072
-63.8954248156016
-63.85247820171876
-63.90190117213184
-63.8652892683812
-63.91543673425932
-63.76463496354277
-63.65678976540421
-63.57796069373878
-63.55214824222803
-63.561810162802
-63.4447278339861
-63.3870244681591
-63.470867725590985
-63.45836045269391
-63.44288031025711
-63.42570875061572
-63.44971449949835
-63.410070017981
-63.39005444269075
-63.475848743410154
-63.51415007612159
-63.378915087574704
-63.29685880926515
-63.19793677938187
-63.18348684701365
-63.09890981765557
-63.04617762031181
-63.09057108175764
-63.214373206466476
-63.20635603310329
-63.09726469339082
-63.03570365380891
-62.93258103222057
-62.89508274148337
-62.915653117466306
-63.09668302374153
-63.111506531995055
-62.98468449135299
-63.110023268312965
-63.117908913235354
-63.175403443688865
-63.06809005178813
-63.01686325896384
-62.95462764485124
-62.87172863271523
-62.86657189348491
-62.748904254512865
-62.702855330497904
-62.75892233897601
-62.66357574728458
-62.68244889287562
-62.58729073384433
-62.593493708778986
-62.71368678762449
-62.72246000960756
-62.72846176152175
-62.70022751622923
-62.8835946561634
-62.9180628953949
-62.850072121370864
-62.733593509442265
-62.770023668160505
-62.73238918633164
-62.70321806314628
-62.64950875150686
-62.46421013157586
-62.443985881207915
-62.34570722558605
-62.31147261685836
-62.240180635376774
-62.21389286765005
-62.28048364528174
-62.19532865032615
-62.24159322684001
-62.28072699341398
-62.24653804173774
-62.22459022459875
-62.29293394699518
-62.35344719118596
-62.54231179757581
-62.54093400327908
-62.442462123189046
-62.454402881668
-62.332368484493465
-62.29676383055081
-62.25356920485284
-62.21161344607715
-62.123646707390186
-62.07143729851307
-62.021562323468196
-61.96430755916184
-61.959432366021915
-61.8780980684371
-61.97329503169017
-62.01743983751993
-62.002993301867924
-62.011397814834766
-62.19124264472314
-62.29284393705261
-62.315903227510134
-62.29926504686371
-62.2511076878004
-62.170856482766546
-62.11957821060562
-62.11893560612081
-62.11561523922671
-62.05921011817274
-61.91194626783457
-61.84049442077675
-61.71325937406972
-61.696486559079666
-61.73780156195697
-61.674027318763066
-61.758645657745944
-61.802044320940254
-61.86662188501748
-61.9317456636172
-61.871327497681875
-61.79615029472868
-61.82762712805486
-61.74760603591515
-61.82570148665563
-61.856229379588044
-61.84687456277883
-61.7815133083598
-61.69872390434907
-61.57717981356116
-61.49143249265487
-61.470839170005206
-61.420680714111185
-61.34925763937514
-61.3283582431627
-61.35693192259149
-61.462170364259485
-61.38239480430785
-61.47112781747417
-61.39065766217601
-61.33658455235343
-61.45498425998327
-61.46659721132666
-61.45092805354957
-61.37529628221512
-61.370033544465855
-61.38540129180583
-61.36319829266205
-61.260843393824004
-61.28394173524649
-61.30241287537312
-61.265008761752405
-61.20930755621872
-61.17198811541582
-61.191123113494385
-61.08543926204626
-61.13471237278577
-61.142635330254485
-61.09299953953405
-61.19725590633991
-61.228822480392566
-61.22690278395015
-61.279455143573195
-61.376083417367376
-61.461896253217866
-61.467163833880264
-61.387305198244704
-61.31919198579931
-61.23053129372879
-61.14181556541274
-61.11438269884327
-61.182106747976434
-61.10970941537126
-60.990605350959285
-61.034123250349715
-61.044276903238824
-61.09022361532112
-61.10152855985907
-61.110622509015705
-61.100589640866886
-61.126720209356066
-61.0739290687852
-61.093909030695514
-61.109245720151115
-61.139101214633605
-61.14851232009694
-61.12098803073151
-61.139110063582095
-61.01131421933877
-61.078040851305175
-60.98830768370757
-60.94166207218025
-60.92136006015191
-60.93304348403244
-60.89705296335228
-60.85929870352087
-60.80007513144449
-60.73280136255668
-60.93429697678397
-60.86842186176007
-60.89285092877036
-60.96471401179112
-60.89830359465846
-60.856573743271305
-60.899076637532154
-60.90944468687316
-60.96858726928675
-60.93669745739012
-60.78933853002801
-60.71789178064897
-60.704074322551904
-60.84605170504956
-60.72118173497167
-60.69140869545856
-60.69612572158938
-60.65167290983002
-60.67155545086198
-60.74597250530227
-60.7266585164254
-60.85703301698838
-60.89103736426065
-60.95644571348354
-60.93583940874721
-60.9069702998224
-60.897693436611505
-60.85739693249957
-60.88486807230062
-60.8537509547887
-60.74313617355646
-60.75956440001554
-60.733972409776484
-60.64246327175307
-60.626436595472896
-60.53745762016608
-60.616335367279476
-60.58580901748449
-60.496944839901346
-60.49760393761678
-60.621519355588894
-60.66169564421874
-60.77484473771674
-60.82776534207786
-60.74788418129147
-60.65964688745815
-60.813157970542875
-60.671502871101794
-60.579966744257504
-60.6888527186195
-60.78395368421783
-60.74527989200665
-60.579515516178574
-60.55365669832334
-60.43940174928416
-60.484371744400015
-60.380738030819735
-60.379916826493705
-60.40237426489589
-60.23079781807451
-60.32464764158046
-60.30914496597287
-60.41066375318182
-60.5002362570831
-60.45463075744017
-60.51187842081522
-60.585261655510195
-60.6323676823918
-60.6121808401885
-60.55777456087331
-60.508775199252646
-60.50605689491594
-60.46533731276541
-60.457070459150444
-60.35035493440928
-60.30869262571309
-60.091233764747116
-60.049632488117936
-60.10091885095245
-60.16935366742979
-60.22134904163799
-60.21970724318517
-60.317593736473654
-60.21893823492449
-60.38143030693275
-60.567167793506805
-60.515713607201576
-60.39282538625705
-60.374252737664406
-60.314554939891636
-60.26982009627746
-60.148834651415235
-60.20894277018091
-60.06725798746618
-59.97893214691466
-59.99311797689055
-59.959424742249496
-59.905901644627434
-59.888753496635005
-60.026016054586535
-60.16228484977076
-60.12721947881297
-60.15018054032512
-60.20042717062186
-60.2441207740682
-60.22138980864522
-60.162644165394866
-60.173215663338866
-60.15959390200247
-60.03930442228917
-60.003250181396126
-59.97771741694945
-60.0583674530281
-60.01337777594815
-59.86123771736438
-59.88736748804348
-59.91561252518155
-60.02644426783068
-60.02140106012422
-60.08503718576772
-60.04888095065174
-60.07173265789768
-60.22197408816819
-60.244615205051694
-60.29705770704935
-60.360526189503695
-60.34861058635088
-60.33522098589975
-60.25284839228775
-60.22019085791494
-60.170349938132595
-60.110832850944746
-60.08499484594356
-60.0292453371179
-60.01846424834632
-60.09193053620349
-60.08304919076896
-60.094485038333936
-60.03670421079363
-60.11347070979461
-60.126064816838266
-60.043216995713315
-60.09838382881084
-60.20837054041406
-60.10432600487478
-60.06180589764658
-60.041743639923745
-60.02633566890139
-60.13301632176841
-60.0493976944784
-59.958466377382024
-59.84198783456701
-59.85929532154999
-59.76635278868703
-59.631828946278745
-59.679749842998845
-59.68481612439864
-59.65139714959245
-59.70381343568423
-59.67074243446656
-59.796449806754005
-59.89771539887818
-59.96526523431826
-59.9099433760104
-59.89268950738077
-59.89329829579449
-59.91937717764955
-59.930234874238906
-59.831555229097376
-59.76294942893924
-59.687114042941936
-59.71262469641605
-59.6498462574245
-59.665708178491116
-59.60155099320373
-59.57880832404409
-59.53141994556338
-59.59863654832968
-59.574916324702784
-59.528370515733755
-59.64710307544343
-59.58281153522228
-59.559953855651486
-59.82908446770798
-59.78280128439019
-59.7321342968376
-59.69356117856148
-59.682993159142256
-59.73676543357565
-59.53145714258792
-59.42505206233825
-59.43834536625125
-59.51576774050145
-59.50112201667029
-59.4557339621678
-59.43498532027835
-59.56023234134202
-59.51801920945801
-59.51045516880563
-59.57348994994427
-59.64681845394821
-59.64602431293488
-59.59365001415953
-59.655749848077356
-59.66774219494566
-59.59642264612715
-59.77511860134159
-59.67589012911873
-59.60244258992318
-59.621823893258444
-59.48075825800696
-59.41862840997372
-59.3622936136322
-59.26884547949991
-59.21065589512631
-59.149108930537615
-59.18004182276807
-59.16072317585448
-59.1782070722427
-59.31527564499039
-59.202699760667585
-59.34064471947685
-59.42843825896624
-59.5919891239343
-59.61255954159003
-59.57324263822379
-59.59483074036355
-59.61176435537834
-59.5943777219549
-59.45830388221869
-59.37694935364874
-59.38896144187262
-59.333320441468835
-59.399012554843395
-59.323789855460504
-59.3163759518779
-59.39159373286991
-59.297804714366734
-59.194171275472115
-59.180080053716345
-59.19044797711323
-59.32817630701372
-59.441353788389186
-59.454124077435516
-59.425156600684225
-59.3780423154686
-59.36914883182794
-59.37362848217134
-59.38995122177911
-59.40449146708634
-59.2694407018158
-59.27712227429144
-59.215863037098394
-59.16438432876032
-59.073230577163415
-59.11389757040206
-59.04762195340768
-59.069343148758506
-59.07226929395637
-59.03711234698475
-59.15343824008073
-59.12391329258817
-59.130141354051105
-59.190703165757576
-59.16673322665673
-59.18765228873504
-59.25695777008074
-59.23723874732334
-59.09186225268311
-59.06096873984389
-59.01590407067222
-58.90616895747138
-58.844854974316476
-58.88702086707724
-58.81684757886311
-58.817704718143624
-58.93396417887325
-59.03077528864517
-59.0567524728206
-59.07873068545814
-59.13758073219469
-59.172670945637904
-59.284690859940234
-59.299834215811075
-59.31146288613495
-59.386534718179085
-59.23893281035968
-59.12595564079531
-59.069422109316505
-59.07207740292735
-58.98340842381824
-58.97699395604651
-58.87898187502056
-58.83555955700732
-58.78355651811754
-58.7264637182826
-58.78437607423824
-58.841058036011745
-58.9220761521193
-58.81897457850026
-58.84981589491008
-58.990421652835025
-59.00220215126452
-59.02360511447207
-59.096222938885454
-59.05270059175557
-59.04878770724224
-59.00821144765756
-59.011460829338
-58.98252575303735
-58.91359897970467
-58.87773390644097
-58.78962534734438
-58.880815175518705
-58.73485917482169
-58.72302706795868
-58.76715979241841
-58.90862782744652
-58.946089568232786
-58.87118155617505
-58.91694318023777
-58.945770161572476
-59.00988004144857
-59.03437049890722
-59.042887195734764
-59.07362211520736
-59.01329091148443
-59.09557656083712
-59.00410073806279
-58.924274672192986
-58.86382668002483
-58.83898541782444
-58.74828841903385
-58.719571837272134
-58.70932757959317
-58.77350044954636
-58.68354862503702
-58.723771124345944
-58.748222772647715
-58.70112295494857
-58.75454713504812
-58.76548143489341
-58.88338243892632
-58.96624953899434
-58.90637828101457
-58.94419997941996
-58.976009846595375
-58.96951220183496
-58.91139957319367
-58.78609193674747
-58.803604045637464
-58.80533354735627
-58.70350783374833
-58.70314271307956
-58.70893691226613
-58.759017494856174
-58.664633408880285
-58.64347069713733
-58.69295091664615
-58.722767569761515
-58.837465792236365
-58.88976488892532
-58.92752241822458
-58.94746039362972
-58.89816956646473
-58.86746025475352
-58.88838278210608
-58.996796246186804
-58.822768069351966
-58.7461747959466
-58.86724318783699
-58.717886796941755
-58.72351782205593
-58.62698800714732
-58.52615964298893
-58.52362497582427
-58.50325636943434
-58.5376034754792
-58.50806699583249
-58.463017844613645
-58.64640779635782
-58.66465720537279
-58.64582758315679
-58.77320665701012
-58.84487477579021
-58.830746025099586
-58.90736221752652
-58.90767388934862
-58.66627261516567
-58.64770834255577
-58.66562484082448
-58.62492306259727
-58.53506317006685
-58.51993910195603
-58.53483605996022
-58.494305639203866
-58.51592504036049
-58.53840922630168
-58.548734644441325
-58.60100068462
-58.63671317919543
-58.7082062215513
-58.76084921693623
-58.73610745628273
-58.742928406596306
-58.74210806760088
-58.754609915986975
-58.74126157135112
-58.78725910923922
-58.78104791930217
-58.712034756227524
-58.630255014151125
-58.56725364150335
-58.57754359433083
-58.493483690763085
-58.49081791673031
-58.40323812316849
-58.52146506719208
-58.56603732133442
-58.59088636141803
-58.662805233176826
-58.51218057553901
-58.56472131728221
-58.71000208158599
-58.716576633933656
-58.74445948781114
-58.753037550387674
-58.62258728325711
-58.5942307569929
-58.65575718831358
-58.54247115507303
-58.520111393713606
-58.46880092538271
-58.44551381934108
-58.35697794628713
-58.30959581780695
-58.34810008137647
-58.34442454666149
-58.34346297632676
-58.351369092236425
-58.54645122258903
-58.53716669112475
-58.461416836250045
-58.505080599293606
-58.597461831434714
-58.5689098608057
-58.50306915800727
-58.51870016190941
-58.548274259167236
-58.58575497936247
-58.55141836567414
-58.530583090467516
-58.35777333948009
-58.4669165410164
-58.40961088443854
-58.41578102351751
-58.463546464312664
-58.41028656700729
-58.33988623339294
-58.38625967302786
-58.3951424165903
-58.55331777388333
-58.637550117200064
-58.674587543075766
-58.75509596823474
-58.66552357342982
-58.65432605727442
-58.651257688399745
-58.55219017939656
-58.41876523717544
-58.438196149388794
-58.297834560591596
-58.186568929896836
-58.217337222064806
-58.182646912957196
-58.17598678804448
-58.225905311135776
-58.29486165033609
-58.329632798440194
-58.283639988494585
-58.28627096311126
-58.273818678747844
-58.40308266105872
-58.41647151452954
-58.45690601680381
-58.46400386334075
-58.59197807659289
-58.64455030821957
-58.511261765033055
-58.467196000635376
-58.34662964301028
-58.34911895339968
-58.309386347421665
-58.31825731413178
-58.28710677737424
-58.20512675256431
-58.014522802873536
-58.11612504759639
-58.15034103999504
-58.16386150057559
-58.29741266096461
-58.370721019918946
-58.41469690120971
-58.42238744109653
-58.492923161874
-58.64121197717084
-58.49801763447266
-58.48433258122907
-58.42780635426546
-58.29598689176813
-58.332161944467956
-58.18503638341601
-58.17858358665863
-58.10339194606352
-58.01875751455839
-57.9671991753592
-57.98319976331662
-57.98316841561077
-58.04548921527809
-58.03130328423399
-58.073549703102245
-58.15382720075924
-58.22804923522607
-58.251300044825506
-58.354506541009115
-58.240242598944576
-58.311919475988944
-58.37280252360199
-58.25969378417308
-58.20646943341014
-58.23447754079674
-58.118176448546066
-58.122014300873865
-58.08101605186475
-58.032911089377116
-57.99530564442729
-57.98581980410789
-58.06726494426995
-58.074605360574616
-58.16535843880489
-58.19509942445641
-58.214626107407824
-58.35494373312967
-58.32655076148812
-58.402275041634276
-58.430308760981276
-58.44608909029337
-58.4080558105613
-58.351198083044004
-58.29969331417618
-58.19268684876636
-58.171110703057195
-58.114048987217004
-58.138542934307154
-58.16177440191076
-58.11424950850831
-58.14453821068768
-58.12477346968583
-58.192991305939174
-58.205422526008725
-58.154812515708954
-58.196410997254155
-58.25420577166877
-58.311179467283466
-58.30039432123857
-58.21616150185455
-58.27700314377063
-58.309189290559196
-58.308377846987334
-58.21298009617517
-58.12936242516071
-58.126751828296776
-58.14453717845752
-57.92465431066764
-57.91515319225349
-57.929312696684065
-57.92055563487459
-58.086809164672616
-58.099384359600734
-58.04972631229572
-58.07083729918453
-58.15750899308762
-58.23368465317785
-58.361461031190494
-58.31839491741814
-58.36030164025867
-58.3591172313243
-58.25316813269511
-58.285014605172464
-58.28367916813774
-58.25481584544325
-58.27224895089258
-58.072791963071836
-58.088336012994965
-58.04121015493504
-58.015395847054016
-57.99253978752703
-58.002068397735286
-58.13540446972637
-58.192303351811475
-58.147105845373325
-58.014298327381695
-58.02329291323072
-58.03296148781048
-58.1158605701432
-58.14591767641904
-58.19517703574174
-58.172208187632386
-58.04870161157278
-58.08320245177977
-58.11814582794282
-58.03705591179257
-57.88686814621476
-57.85148281904967
-57.86688130201641
-57.84973353063318
-57.836345152354
-57.89969941200839
-58.005708761509915
-57.97865076229647
-58.06522571140058
-58.11191425939902
-58.076828136377266
-58.12830397480201
-58.1977652768565
-58.25545410706443
-58.16439052034502
-58.13173769763256
-58.20553874854581
-58.202037657525196
-58.17781678873873
-57.98112660012644
-58.05526825060703
-57.97936017686644
-57.93827664339134
-57.90695477137126
-57.996491364963525
-57.98180663700905
-57.93291205971555
-57.95434612001181
-57.992334086211066
-58.05559079922468
-58.15381958319542
-58.16607448520042
-58.20649309445675
-58.339296593834675
-58.31499705585524
-58.30334104232755
-58.299570517102076
-58.2570013328567
-58.220124095264374
-58.23102743035287
-58.11316178322761
-57.98071325329886
-57.9348304940883
-57.9549422980606
-57.951766446073464
-57.975738528620596
-57.90082316071787
-57.99728331059406
-58.152427852359175
-58.03469020925313
-58.05580807529854
-58.07335571250218
-58.09133059401462
-58.16201290969262
-58.137186182916345
-58.185986845858636
-58.16555005496733
-58.03819951861694
-58.00706668738064
-57.93762616293956
-57.919299827968885
-57.93519326470812
-57.683907158793694
-57.77704353870472
-57.928976489930065
-57.966609391926774
-57.94208749162807
-57.9155240795698
-58.05851212046558
-58.11693585952728
-58.151896154119
-58.17259619120652
-58.183029357564024
-58.19065308290435
-58.1832583164768
-58.17631734501263
-58.16141474030517
-57.95162976581412
-57.8363811257107
-57.8892088042532
-57.88646266289224
-57.82968474590266
-57.8313768660132
-57.82933454552345
-57.818838956533696
-57.83652813556912
-57.81913072792512
-57.82110649164052
-57.815587308769054
-57.862784838153445
-57.89305342414091
-57.873056462014596
-57.843080171916824
-57.98448084921215
-58.0078270043829
-58.07006822763825
-58.054667970206125
-58.10982344454278
-57.99217405213723
-57.939158242621446
-57.8591544554361
-57.85172437023882
-57.819128846500476
-57.79351934925486
-57.78502727499548
-57.82410799284372
-57.8409841344771
-57.845607259870214
-57.939650121253024
-57.93984522160505
-58.0419332077332
-58.06048034595854
-58.0006865045306
-58.00226653606776
-58.009163378831865
-57.999303557177356
-57.929211616237545
-57.94715140804924
-57.898491885045665
-57.837750259104226
-57.867307730965436
-57.964892472752375
-57.89693931183505
-57.93325956731479
-57.92859634948057
-58.00451572642754
-57.979886193515334
-57.98020184064461
-57.94705848320575
-58.011104537857705
-58.06137807730683
-58.02353226164814
-58.03344934542245
-58.121991707806366
-58.06378510482394
-58.080940861055446
-58.064112477745915
-58.03036829079933
-57.952755723481665
-57.83363290257347
-57.72986851105829
-57.7539216898619
-57.73673470083438
-57.763947650035604
-57.81097198009722
-57.846591085671
-57.88248370850035
-57.85117665063528
-57.9091761465462
-57.88487950154793
-57.9881418468093
-57.971096505194545
-58.03000895690351
-58.047015567012906
-58.088765396922916
-58.11012655704968
-58.0554991149697
-57.85707539416377
-57.812147883007846
-57.74777731724237
-57.74965219339042
-57.73261857073013
-57.72233449446868
-57.69346525087084
-57.6501833455625
-57.63767644419001
-57.47260044253725
-57.55057398972732
-57.67309538212466
-57.74664270307833
-57.855192255910666
-57.915153015343456
-57.88006294743072
-57.83066655806689
-57.88438929311036
-57.82769263512406
-57.81220319631795
-57.82535482018094
-57.76203509844463
-57.757920007393885
-57.72918276267344
-57.630541539483524
-57.561049830403135
-57.50797911189352
-57.44799701259179
-57.48218754562767
-57.500892317052475
-57.56575453388765
-57.53119843246759
-57.59212150559222
-57.56207336622998
-57.60777578416098
-57.79062268402758
-57.740076836874266
-57.764034651542204
-57.715783755095515
-57.65836929940074
-57.58354117842409
-57.51096243006991
-57.528862202241726
-57.55373153927577
-57.53141499848275
-57.44398683798681
-57.49000619699071
-57.44685772666393
-57.4269852002182
-57.50431468238801
-57.5501217898449
-57.62383263278201
-57.79655518313574
-57.82563167923163
-57.73174371083693
-57.816478439583115
-57.764109574003726
-57.69655333730161
-57.76810452196357
-57.79869336382313
-57.661602174673796
-57.61890218222207
-57.5099778054874
-57.42879294043992
-57.33367443629443
-57.451973601862676
-57.50540464859048
-57.51157440962663
-57.50153823814308
-57.52026488605334
-57.4690732679879
-57.61697484605984
-57.766629161134745
-57.731934992975496
-57.66320060337572
-57.707570108493066
-57.776259283624555
-57.689922873871865
-57.67097016505509
-57.66649444439555
-57.67736485812461
-57.66833190422286
-57.61600102974521
-57.59534833269887
-57.53095463081631
-57.55725856553498
-57.542444747779086
-57.40765513647384
-57.4016252868009
-57.441373746259686
-57.53196929679846
-57.5974136816839
-57.60796059012895
-57.51759407669662
-57.60693605872827
-57.76282680829779
-57.86626230202317
-57.82702406796983
-57.6848641869365
-57.609909856295175
-57.55878036712683
-57.56127824047267
-57.57410773343057
-57.457028771197294
-57.40638629340534
-57.35116004449402
-57.37687425892866
-57.34788871082869
-57.434997088578974
-57.49692093439766
-57.52761693673669
-57.680758402258604
-57.71810142145921
-57.69100014223352
-57.71202736944416
-57.778918103813695
-57.75292634095388
-57.741635034428455
-57.77108097069835
-57.73200260917967
-57.683740096242786
-57.66600152696439
-57.72448539787213
-57.586710779085955
-57.55564549672291
-57.46970346750631
-57.46359641687211
-57.434444793915134
-57.39299830245858
-57.39076362106639
-57.50453932366715
-57.55320028845832
-57.586196356429355
-57.64018726006391
-57.58266588072471
-57.6416771379373
-57.791346231096234
-57.71959105824474
-57.736440932724534
-57.710949185303186
-57.575989581302835
-57.547760852497916
-57.53922796786137
-57.335890146556345
-57.32559746115187
-57.37179266550635
-57.48480307012667
-57.380956376287486
-57.46425313142036
-57.367336137872556
-57.401929695842306
-57.49025616198753
-57.53997589773121
-57.5664427845105
-57.5920491693209
-57.74362264936765
-57.76632695313833
-57.665629429012014
-57.60047862324486
-57.57535784349231
-57.47277346136601
-57.399293369850355
-57.386756723682836
-57.307092304711816
-57.32347734018789
-57.26194770971184
-57.20690760611004
-57.222575385743745
-57.241324871865075
-57.27374776461306
-57.35849299378365
-57.31357322883334
-57.33554847121329
-57.336224008962596
-57.3918571232994
-57.51158687869084
-57.58064761811736
-57.524332378732865
-57.52000610536629
-57.52035398012748
-57.4965135474214
-57.548047389583
-57.45756500864538
-57.3812457481103
-57.34063944123286
-57.337844648376425
-57.332670222697665
-57.258722331991486
-57.26492057177519
-57.35577256495081
-57.301103739052266
-57.264155426407946
-57.41811257753692
-57.44881358234848
-57.39889681955365
-57.473984038835056
-57.63547871778472
-57.60893896460401
-57.64025313950143
-57.68787182644529
-57.61883382303631
-57.52590656226395
-57.53499588950964
-57.42455015509182
-57.38235625086425
-57.27205458147499
-57.31128078646102
-57.36723249673872
-57.40028624453097
-57.45454629324574
-57.402983248145745
-57.477738268108354
-57.50008582691466
-57.45825363447975
-57.41745184103511
-57.505702414718186
-57.194638335592956
-57.22643066299586
-57.27238820656962
-57.27595870516179
-57.38144435152243
-57.29870461871942
-57.210095055817554
-57.14373400032563
-57.12382291300374
-57.120923912326234
-57.05583295763196
-57.03135988521467
-57.00688982669548
-57.08628462848613
-57.2488734279144
-57.269816012710535
-57.23614579148078
-57.25307389480448
-57.35622795335083
-57.318159126385595
-57.28602142503554
-57.248530713392974
-57.25374983837811
-57.24514613383724
-57.238099692504235
-57.25145587739549
-57.28357485674551
-57.243107869232894
-57.13681675727371
-57.13577041476067
-57.2121470564951
-57.208851224164256
-57.164814274780746
-57.1841834849379
-57.13620756162747
-57.15470982512706
-57.22497878372261
-57.21730924116664
-57.212516543262815
-57.1740591115162
-57.202566752765904
-57.25108618956473
-57.20496626048087
-57.17296248135109
-57.1513053535592
-57.15983037930672
-57.0754342756761
-57.070886741897894
-57.12603029615972
-57.134453876189085
-57.05312659188952
-57.076243294625286
-57.067281425681905
-57.00339631858441
-57.11304525792019
-57.016189797008266
-57.0796316069349
-57.143591347960964
-57.09575809987348
-57.107671144521404
-57.1465537728561
-57.20825147538719
-57.10341725682734
-57.16566131498051
-57.11157493945997
-57.125278646584185
-57.136461793207175
-57.08527832834901
-57.03936975167545
-57.02145475539476
-57.00689779888705
-57.07320250128794
-57.102154028188544
-56.978054966166795
-57.06599221226696
-57.20459154850984
-57.1556680549494
-57.1138028609091
-57.0239086690694
-56.94040111771845
-57.02397025361514
-57.0954013362663
-57.15995895701658
-57.14695315334827
-57.11838171757341
-57.002164527029414
-56.96299271360333
-56.942824711283706
-56.96141393924455
-56.947200854024786
-56.98363533778561
-56.88641989351161
-56.94865003527011
-56.95555390151452
-56.97759471345705
-57.05624059056684
-57.06440153121643
-57.12198055291128
-57.09321119640814
-57.114750966330476
-57.20063789313891
-57.214317413018556
-57.1666445421213
-57.108928962159936
-57.08092572598177
-57.009915365548125
-57.15202094914232
-57.169385191832
-57.1527447788787
-57.1655478172792
-57.06802758581373
-57.02023596792975
-57.14672335853883
-57.19930297987588
-57.16689571908719
-57.14763819938846
-57.094789998620534
-57.16483720441126
-57.12794162532983
-57.171598284917785
-57.19553889108774
-57.09477102191325
-57.05654166091417
-57.005328019975266
-57.063226931904715
-57.11275436502855
-57.112519686485015
-57.092593548373316
-57.116209017634844
-57.083928872199195
-57.01734907530975
-57.042436025280985
-56.956333682229
-57.0241733671642
-57.09412591383098
-57.14310885283474
-57.09262801023741
-57.11295220970553
-57.186710291423914
-57.214543824277044
-57.21566190742459
-57.20426236327593
-57.21115819251806
-57.17790677196892
-57.18728316142443
-57.15106034939275
-57.15536004129226
-57.10390575833969
-57.09256940718997
-57.10901994831448
-57.05801750566167
-56.9285023933342
-56.95778182822414
-56.88323126547772
-56.915681114794516
-57.00510103660673
-56.999756767444104
-57.10367322637867
-57.16858587559534
-57.117449426046065
-57.071026201961594
-57.113207095256016
-57.17870929617045
-57.10909756489848
-57.08629954180166
-57.17091049131439
-57.183492791347554
-57.18230558368465
-57.09526204706958
-57.090765938114735
-57.00387262001916
-56.9452979144318
-56.991825104852275
-57.02065234750489
-57.07595646636729
-57.058586536647134
-57.03861187624743
-57.02501486647496
-57.13104679688992
-57.10483799335343
-57.20476872137673
-57.221126284134144
-57.198152596404384
-57.10380117873492
-57.08242410297926
-57.11624889913355
-57.05290391049533
-56.96756665639464
-56.99544333738379
-56.8305413217624
-56.74982820021505
-56.86949021515793
-56.92657955952338
-56.83832844288685
-56.90708194734371
-57.00992058475474
-57.006929266010374
-56.99540687651936
-57.05410964123149
-56.979253617432505
-56.95231420532942
-57.02912029982459
-56.972296935210316
-56.94168477083044
-57.00340880234228
-56.975596889336906
-56.892214684909405
-56.933326982533764
-56.91768688484973
-56.9015374097415
-56.94889447823476
-57.053518639382744
-57.03236555528808
-57.078250534559814
-56.99316503611266
-56.95336316733858
-56.98236161006465
-57.00612041732607
-56.929422734917594
-57.00142751981245
-56.97324524708297
-56.9484716535777
-56.98125037926062
-57.01603228546079
-56.94855524014679
-56.9530812837196
-56.987263202914335
-56.87460882707287
-56.91879742352328
-56.940690267935544
-56.967700923287474
-56.87022798752038
-56.930611939411165
-56.8873256608372
-56.962001534985326
-57.08889422499802
-57.05623209312695
-56.99822926880985
-57.0646412787054
-57.09426449694094
-56.97167108292928
-57.01000321126878
-56.94372055185285
-57.03107133244832
-57.03539743069382
-57.062209746045255
-57.030792744060065
-57.00708171147967
-57.02300902175436
-56.971019511016586
-56.89809484864893
-56.92071738319936
-56.96469916144425
-56.99585800502327
-56.986038922413535
-56.922165898025824
-56.96533767414255
-56.970781182685165
-56.95118358517745
-56.96006214695494
-56.91766755049624
-56.86971564426891
-56.82090142336815
-56.98513623115893
-56.98079934085739
-56.93306027621983
-56.82176046384173
-56.83549362986652
-56.75743580231828
-56.665329199196194
-56.78578128505202
-56.71866150673717
-56.796615858599225
-56.81882764639564
-56.84880204631954
-56.80185993582762
-56.7886148531981
-56.88234951397959
-56.95034286418739
-56.8933451393635
-56.89223612446572
-56.99752294296418
-57.0444773963285
-57.09690498061415
-57.060357690833634
-56.94548207766022
-56.755343559971855
-56.76995873050002
-56.74795822083373
-56.69609090052927
-56.718436521863204
-56.85420004183256
-56.80808157884974
-56.76544504268744
-56.78916919400334
-56.84530812601154
-56.86971872612296
-56.92391148574934
-57.034755080165404
-57.00586886807538
-57.048622453924224
-57.01331376127369
-56.88287808818721
-57.00568667821629
-56.953551129726385
-56.96372517198406
-56.88043142899986
-56.8169385221879
-56.936406487394244
-56.92640391614956
-56.766657388106026
-56.76655199237141
-56.769045863857016
-56.81288070598507
-56.82211156598299
-56.7799663093189
-56.84660295512977
-56.821141227186544
-56.88739021331187
-56.88990685376223
-56.824103688484556
-56.899806373095906
-56.99937274938261
-56.93636911523048
-56.8641429549329
-56.840471878822726
-56.837038802683864
-56.79605410631508
-56.81434810553054
-56.83526451125906
-56.87255307252813
-56.80651615647571
-56.82127719933378
-56.95398600457891
-56.89236585952019
-56.959805825775184
-56.93351565836465
-56.93645412445703
-56.92879747997497
-56.88891785152335
-56.86525945573294
-56.90117063881581
-56.96445062038996
-56.83184143214144
-56.796907205688704
-56.77040390187184
-56.857468737701765
-56.7592033596521
-56.81518270146326
-56.76082578356287
-56.72685677033089
-56.72743397338038
-56.812218770925355
-56.73900434701822
-56.75497766060855
-56.752558991185154
-56.72706222030264
-56.90708128384082
-56.98610911654966
-57.0062795906005
-56.965071522818995
-56.95276382312174
-56.941540407208414
-56.95188065285654
-56.90866623184445
-56.86433925623536
-56.91591236189235
-56.77236478401669
-56.75264785095759
-56.79892620033551
-56.79455758493483
-56.76677244815714
-56.710865586681074
-56.60263156589588
-56.681496036416185
-56.7146833918606
-56.688817864522
-56.810668688254964
-56.79361192121255
-56.821214652051665
-56.923276369359996
-56.877926393916596
-56.82130497990706
-56.93817940713704
-56.945762944181766
-56.910350706747934
-56.84434417743093
-56.808122974803645
-56.86072788438039
-56.83493393028614
-56.828561355418515
-56.74829182169243
-56.73910340704198
-56.712759356087645
-56.69667076928431
-56.72445386668935
-56.791005503236875
-56.86299470839468
-56.816937772696825
-56.903432392020385
-56.86175798058681
-56.776229302128776
-56.74424848893151
-56.81666063118595
-56.77050686974634
-56.79317045006492
-56.773324581374574
-56.69638326749921
-56.74346950600799
-56.6717876641316
-56.68668472159476
-56.64894588751255
-56.653709487341374
-56.56106485019897
-56.60156616523185
-56.62459813949366
-56.62377314935243
-56.618937411476466
-56.73221779805821
-56.699421505354906
-56.7177643870499
-56.77329922006692
-56.80455826879736
-56.79994059550889
-56.75710216380139
-56.736819901076764
-56.64467126578104
-56.65011257662793
-56.725254523609486
-56.67176835090059
-56.64297342659311
-56.595179403156045
-56.5584949338712
-56.67551322947719
-56.67569876929114
-56.68997692104099
-56.81862942508426
-56.799406925874834
-56.81497033362221
-56.855410338339844
-56.83959314987088
-56.84497896204241
-56.79881711233861
-56.76381892105145
-56.81076482604335
-56.78034882942829
-56.67348043650789
-56.74163391508855
-56.740407374517325
-56.58024571395688
-56.55362467165357
-56.59265495639395
-56.64919908205995
-56.712739049891354
-56.639022541670144
-56.61027418989666
-56.690032669602985
-56.780021575214924
-56.747338622774336
-56.916395817925135
-56.91675368853212
-56.88199046615392
-56.96688720731474
-56.94547421713732
-56.8412985556565
-56.76581917999268
-56.832162426135554
-56.82091752373337
-56.69540431281016
-56.658347893046596
-56.64700095248823
-56.56774764644624
-56.599175498784845
-56.64115206003116
-56.55893172665085
-56.62031277921379
-56.77681167058413
-56.72054350158503
-56.77261117873277
-56.72437491128485
-56.789567902517035
-56.828728909572376
-56.82826584298274
-56.8093860472815
-56.772720829791275
-56.739009052909616
-56.67777415808503
-56.67746172085818
-56.63007258816481
-56.67391388030144
-56.59912480433728
-56.5711977690479
-56.61773820655448
-56.6570276440803
-56.692358065240214
-56.82411217083442
-56.791977881521596
-56.808970356491486
-56.786033325812504
-56.812618149800244
-56.80972762530174
-56.74051834006777
-56.79603642112612
-56.78136018950281
-56.78845166285504
-56.74624878729296
-56.71377125967526
-56.6590894906988
-56.657222538026645
-56.66957012750222
-56.67764897316975
-56.669191797335316
-56.75490807941916
-56.76319881764853
-56.69486057756378
-56.735386886102184
-56.74165724261701
-56.72542480372027
-56.865045855333506
-56.84328795550115
-56.888078823974446
-56.82550220628199
-56.670682355694126
-56.61529804814472
-56.63031935421501
-56.66805502190799
-56.50692024276183
-56.50390527724248
-56.51963035038922
-56.55643292671359
-56.53655426857064
-56.524858733702956
-56.4933171886438
-56.522097784561026
-56.68688105322084
-56.602569872822684
-56.5315639910494
-56.57273063976678
-56.56794169076187
-56.590926632590104
-56.645093109246545
-56.70922956362625
-56.51847565563943
-56.53364881920798
-56.53489147912304
-56.51980976119772
-56.57155526559874
-56.4496067339918
-56.33670864028035
-56.35486039555214
-56.391759904525955
-56.42793829692217
-56.481724998989556
-56.492617996603016
-56.522923285891025
-56.553027847269945
-56.54429433132164
-56.57105505148104
-56.46631435762149
-56.62447532679056
-56.52383185888338
-56.544486042801246
-56.55782564000907
-56.55685154414497
-56.55086219258711
-56.53832522488822
-56.56739787910351
-56.45961578810225
-56.421281744567736
-56.32790492047756
-56.39577662361593
-56.429403676784226
-56.38670435817187
-56.51758062357179
-56.582755562715576
-56.670811660618405
-56.628007921897236
-56.604582959989315
-56.685502165047055
-56.719523872690445
-56.63840045219315
-56.55999411688126
-56.55436844075568
-56.60533881622267
-56.51651497322471
-56.487409792644755
-56.468071262464335
-56.41532517429712
-56.344362074966604
-56.40926603800794
-56.41032118637315
-56.29528317132647
-56.40934846937895
-56.43563255865945
-56.48435253893304
-56.533176743443036
-56.53487459760835
-56.619116308132696
-56.64550452845591
-56.63858007862363
-56.629377960300836
-56.704631742193996
-56.611214823317525
-56.5418144393048
-56.49409618334842
-56.42085967218786
-56.449462274711166
-56.42795507639535
-56.440231629814306
-56.36771228113362
-56.381218863792085
-56.44655595761723
-56.38717809089459
-56.34015405220716
-56.34251534046789
-56.38471787195458
-56.43797768656317
-56.506401438223996
-56.564167232785465
-56.516615190586876
-56.58609123694523
-56.50799611951336
-56.43679430263465
-56.5670498651069
-56.543426156307746
-56.422436490561594
-56.40782478216378
-56.39604344721444
-56.31881002497605
-56.368002786011914
-56.33970447860376
-56.357815824336036
-56.38386072316962
-56.48631042407859
-56.49145871789176
-56.49155938603709
-56.55496747090657
-56.585042073531426
-56.673474818370245
-56.54061896048209
-56.57207025717527
-56.69994104631189
-56.57628409383401
-56.664208738102275
-56.72384708234887
-56.644604782455175
-56.540201035264275
-56.47161301598985
-56.44780907673426
-56.50627566425887
-56.43255279242089
-56.40886838793373
-56.38713418033991
-56.4184960200477
-56.45000505260356
-56.42676687810949
-56.467296284081385
-56.563019724058414
-56.57590911989936
-56.66288102605033
-56.50208615579127
-56.465594748935985
-56.52220815272814
-56.65088189854239
-56.64001535685395
-56.618129768507075
-56.5733062040915
-56.51695925617537
-56.45339653082772
-56.333302822969515
-56.37669910329614
-56.32849733638325
-56.267831259249455
-56.28530623919094
-56.30430978371719
-56.32438317814727
-56.48477185561903
-56.44112912928857
-56.45115756252794
-56.51329773100001
-56.49830120168396
-56.561508575613104
-56.538152401646656
-56.56509054410789
-56.60966418561945
-56.51406358506166
-56.51647622948226
-56.45685153908814
-56.34427345174426
-56.32780233187352
-56.26329189496179
-56.273711402990116
-56.41909950902311
-56.490577031413764
-56.445525412759366
-56.436998973763295
-56.49962689617911
-56.46628033242772
-56.47916071111771
-56.35818134302891
-56.288362809944466
-56.322180602670315
-56.36833253541846
-56.34335582141621
-56.2586482471266
-56.32034769416761
-56.28459937593932
-56.311064538625224
-56.28466485596228
-56.18942123733623
-56.22934982647324
-56.16649866552517
-56.11745310665672
-56.14028983222996
-56.2018596438481
-56.217730375941265
-56.24140298059361
-56.295615662027636
-56.266755929001
-56.22422974427313
-56.185809441369315
-56.17079530896003
-56.32937200216852
-56.33287869034839
-56.22173574411818
-56.28153374795769
-56.292738620185084
-56.30847893953867
-56.20263756753722
-56.12922427507728
-56.137056669889525
-56.20713487666128
-56.161693144039624
-56.10651779185103
-56.12448977159926
-56.13124565000328
-56.17903096293139
-56.166460383523074
-56.247197132994394
-56.357443999307804
-56.355442748140284
-56.33504591319363
-56.34155728312728
-56.238278555355784
-56.25816167400568
-56.32601253229569
-56.27117998756214
-56.23615039621493
-56.21845748441365
-56.20691372300648
-56.178351998884736
-56.10094642475034
-56.13187523921276
-56.169801676668115
-56.31527170256836
-56.41899538753255
-56.440726209505
-56.40657147825831
-56.389965133995794
-56.311292078449696
-56.281737984869174
-56.38898190559043
-56.435462612948925
-56.452396948020784
-56.36589330842236
-56.41027524640168
-56.404848669508894
-56.39864696223417
-56.37477004497812
-56.319538180352694
-56.28205406966536
-56.314583639990175
-56.31313061227121
-56.3873175363715
-56.422802411915725
-56.26529652226361
-56.31541587126834
-56.375487398680775
-56.48383396291706
-56.4575632015642
-56.397964164910114
-56.39956170195255
-56.35097212188263
-56.292161003913236
-56.283186629844955
-56.304693470870006
-56.24282131492413
-56.15156491211506
-56.18011557206353
-56.180568962647214
-56.23443978317565
-56.25275257462151
-56.19136332423458
-56.239292933128546
-56.25912940588679
-56.27169904989572
-56.22502226833613
-56.216538305723724
-56.169139515213885
-56.125971595106435
-56.25677044159538
-56.34966054249711
-56.26716686839261
-56.26980369581325
-56.29568265677669
-56.20731748301555
-56.17954873417368
-56.30869785761206
-56.184104280832365
-56.21319869454237
-56.16317050744955
-56.06113409738872
-56.0749976549944
-56.14095269054551
-56.159431273857805
-56.12199190540787
-56.20798618103298
-56.21343484282977
-56.27329781162941
-56.42547154691209
-56.351777078910025
-56.41484061422138
-56.41338627738514
-56.280293862208715
-56.234125068801745
-56.22884612356271
-56.16714961987875
-56.16295807193186
-56.255277420492654
-56.19931980037226
-56.21373923578145
-56.23392238729423
-56.23314213757957
-56.24536204363541
-56.25678047645906
-56.177454928527894
-56.29155718330234
-56.36135384966347
-56.31864598022061
-56.33836277371999
-56.29960524738893
-56.22667408422986
-56.2134230300078
-56.17997391382951
-56.2461431418609
-56.28759604129375
-56.20378852842515
-56.27558597930598
-56.22767409311111
-56.10673269993608
-56.069935836499745
-56.14859081746105
-56.31007809276457
-56.23908500201446
-56.18171345838319
-56.272116400406176
-56.24312044809915
-56.19194252363012
-56.186433955276684
-56.21596906869412
-56.201286842285185
-56.18120888496367
-56.1919588312215
-56.174411629650535
-56.16791296866501
-56.13379170604103
-56.13338601522115
-56.06697109498555
-56.047042061281545
-56.067995819703505
-55.99778625667274
-55.971161224667696
-56.08345088075132
-56.00288589886967
-56.10955410736297
-56.214362388434644
-56.20926714263403
-56.21238812164794
-56.15376968651988
-56.09156304711271
-56.201304384913534
-56.2479188144723
-56.21457124133659
-56.20845033052748
-56.095309923940114
-56.07241972190258
-56.10770618917395
-55.969759817725176
-55.948483195570475
-55.90293406108069
-55.871797536320614
-55.92403998151608
-55.987150833946735
-55.96023910902867
-56.109330761936675
-56.096132949422284
-56.1710445638416
-56.18491189592722
-56.19797958481662
-56.262030756509695
-56.396154039033476
-56.35991242341538
-56.36297395355863
-56.29816134608677
-56.118810624296984
-56.082551563812935
-56.06046744209357
-56.03813397734374
-56.030978833959736
-56.00585641476156
-56.04257499547716
-55.96648490602881
-55.935271176822596
-55.976895990713366
-56.03824281961217
-56.05882430941347
-56.06319083794125
-56.0292328896504
-56.06868818250736
-55.99332845802434
-56.0922269881829
-56.13178112836405
-56.0558247898115
-56.03689032086811
-56.01575551302547
-55.99783900597576
-55.97846748988262
-56.0124271135645
-55.83914193256015
-55.79556148651078
-55.855071382927534
-55.856250795305655
-55.89978006572576
-55.78730947015996
-55.84410809414677
-55.89196912510319
-55.94905583118344
-56.040758944225125
-55.995258412698455
-56.068506348467984
-56.038743705938586
-56.01402332204118
-56.09579839232599
-56.152338183949425
-56.11455252725303
-56.138833070020006
-56.15379758714018
-55.963697812138356
-55.886413715944556
-55.97811694539094
-56.00257306513536
-56.047246828575396
-55.98057855946929
-55.94771988419999
-55.889539549767676
-56.00127263674212
-56.00160140342572
-55.98918413074057
-55.988145031957195
-56.04034430759167
-56.054211436403946
-56.11573913778606
-56.08156455195798
-55.98343279730523
-55.923861130696444
-55.89276163012856
-55.83478416020635
-55.84084061712671
-55.828947350390465
-55.84657237709875
-55.84576638249014
-55.976809751669656
-55.982338516385155
-55.92877379915215
-55.96879302341057
-55.95785377510025
-55.96069902340596
-56.00145980257876
-56.0695363517557
-56.121528920362536
-56.09864776874345
-56.027472095746646
-56.12261457974537
-56.12442851865768
-56.01757279487134
-56.03712940804079
-55.96484997930702
-55.88966608350372
-55.894136905950994
-55.837357182371974
-55.81978459450693
-55.82769863772678
-55.92511991760189
-55.92552250725786
-56.00937576349221
-55.997895881121565
-56.02511813272601
-56.0832250547129
-56.0974190435464
-56.18315129408775
-56.13961658530902
-56.02817875043013
-55.95553813560726
-56.06242597786097
-56.02091626322588
-55.98811459343615
-55.93099835450782
-55.93085089184839
-55.98100348666819
-55.95131134049509
-55.98809725298945
-55.92601465117129
-55.99134924548504
-55.929508000693865
-55.92118489874797
-55.971678417158174
-56.050944184284354
-56.06311247764397
-56.06659544021623
-55.967562996022444
-55.9633999204198
-55.970841779103615
-55.98247940544002
-55.92181133382637
-55.859535095521586
-55.965580744598284
-55.97465920689236
-55.8567434552353
-55.84345015719631
-55.92401576418806
-55.869434170428576
-55.85900224706707
-55.8526204945861
-55.925458619017306
-56.00226572658615
-56.11236861833606
-56.07743266957747
-56.0256064043604
-56.055389661840344
-56.10717472829153
-56.132922929613684
-56.10304686278321
-56.059448628715565
-56.009531046918184
-56.0407452545782
-55.95453516488773
-55.99039830376156
-55.94539203873022
-55.91728112385586
-55.92870840237322
-55.92800026747511
-55.93517363786896
-56.01855964538244
-56.02295256977216
-55.95988199698489
-55.93727631207347
-56.137921740777415
-56.07409500238913
-56.124087003168505
-56.05773504936285
-56.10671513707736
-56.06923646464869
-56.07862615508685
-56.09430914846674
-56.049554302090755
-56.09960337433455
-56.05983190974564
-55.90608118790168
-55.9796420830432
-56.04993720648581
-55.969810211058835
-55.956691089903
-55.906315300258925
-55.90295382497006
-55.93807481463349
-55.99021256492497
-56.023579331799894
-55.90713836609223
-55.88518998640054
-55.96007156713208
-55.91191695083104
-55.94776739769553
-55.9935408448611
-55.931289906367624
-55.90076596799597
-55.990892755368485
-55.917205278538425
-55.964282564652876
-56.01682260443927
-55.845371429467164
-55.87910118045986
-55.95277287597126
-55.95366933153184
-55.96161326476889
-55.99129222222176
-56.034822757061214
-56.01986316832307
-55.974322435672434
-55.976528536337526
-55.986922884120744
-56.05913474730427
-56.021640560950445
-55.97968386887872
-55.95192220100846
-55.905659749142465
-55.86077923776264
-55.88062692275857
-55.88975363206921
-55.83841298162177
-55.793871507316716
-55.77937516947979
-55.74976642412006
-55.738285305034005
-55.70062628521591
-55.79793286639371
-55.83205469058636
-55.90591753535184
-55.84631877580184
-55.960743249484324
-56.00168002772839
-56.042939973465295
-56.03988076215095
-56.00383714129231
-56.03170076282714
-56.02217626052801
-55.95164892899861
-56.012805814558455
-56.02419393458782
-55.97917025071391
-55.93999376019767
-55.84522800439039
-55.81068582787695
-55.79464762581233
-55.85781084518696
-55.89990873847755
-55.853782958291006
-55.926843720006126
-55.91315103847502
-55.827236133845155
-55.8198900688412
-55.89319999780154
-56.02012306156909
-56.00731817865318
-55.964735436424824
-55.93917858767274
-56.010050461028925
-55.99422948856695
-55.90234603908162
-55.81184480681509
-55.7766999966751
-55.76128691371175
-55.83893373930488
-55.783365714892476
-55.78289853376399
-55.896364224124525
-55.93544878999577
-55.86423197436935
-55.98569287748463
-56.08410744453172
-56.04653407016836
-56.08449582231346
-56.06754011741168
-56.03664975851433
-56.025936419819764
-56.03143728252932
-55.93174003881876
-55.76925475310105
-55.789264558823405
-55.83503681269224
-55.84444255342854
-55.76846236626136
-55.7834910469198
-55.971587887366425
-55.97821702552653
-55.938864203039245
-55.92752222882564
-55.956350058787756
-56.00803176650695
-55.98951732904197
-55.938973276163225
-56.00414654041431
-56.119600929362136
-56.11049433432389
-56.03652958403311
-56.010704699857094
-55.940769234131054
-55.90887063969329
-55.915749262564745
-55.92412198712034
-55.99936191297765
-55.929383344906
-55.89529537428481
-55.89760776147947
-55.894629594452
-55.922992306716104
-55.913189406060816
-55.90077230962337
-55.9379215125018
-55.92871989662583
-55.942661768044715
-56.02295866596004
-55.956893347851064
-55.86453310818805
-55.92229051302688
-56.01010072417972
-56.02732551087611
-55.999238740902264
-55.891498331835614
-55.86292087942779
-55.89557296407353
-55.97811755938553
-55.907961806676724
-55.82067287554969
-55.785100538990456
-55.85616930680046
-55.88126087809817
-55.855679545217754
-55.907670914709726
-55.98721412033247
-56.04980162208865
-56.01571566046979
-56.02800982227232
-56.13264331801927
-56.14937227400458
-55.96789199242329
-56.049015808753985
-56.09139313014722
-55.97371796798946
-55.97136180906199
-55.99676190629343
-55.94484904835765
-55.944103256640254
-55.96910942934137
-55.83167583688822
-55.864688721812854
-55.9634900529545
-55.987469714857205
-56.056853677754056
-56.02246542636932
-56.02588791226232
-56.02464648286652
-56.03920669644513
-56.005529519102424
-55.98962743688996
-55.94208787533137
-55.99185038253719
-56.01148520924405
-55.96374242941734
-55.826407033892416
-55.869494627694884
-55.8670480838482
-55.81561604839372
-55.793465184463045
-55.69392538553999
-55.80983451940335
-55.882841730827145
-55.85542263707585
-55.98586553294503
-56.06879122936232
-56.024630020795755
-56.05990655230204
-56.11218010625144
-56.031122674166944
-56.10262332856659
-56.046849606385095
-55.94979092949838
-55.79177727707257
-55.774586215919
-55.855202464024046
-55.69291928901821
-55.73891493636929
-55.92277059630432
-55.85836010582837
-55.850592932359675
-55.91980123824764
-55.9097894742138
-55.90528014508119
-55.84882123882862
-55.9822124818714
-55.969779757554804
-55.992804868578126
-55.94168784191176
-55.92028253744339
-55.95814637516263
-56.06883161976358
-56.054616519314926
-56.02310273880386
-56.019716424511046
-55.8899789545945
-55.808557089738585
-55.83111880185496
-55.77453945891621
-55.87305917592364
-55.88106377824588
-55.83811075673286
-55.877417946165636
-56.036601477611704
-56.139247122946855
-56.09163348865885
-56.12912839959027
-56.063721219351194
-56.03983593117594
-55.95421665923402
-55.94191229926675
-55.92539115905415
-55.91770144449826
-55.92054118810074
-55.87733764392483
-55.743064972083445
-55.77307018296095
-55.78080081994257
-55.805188433097385
-55.91686497747251
-55.82951844337224
-55.90625509622487
-55.92889932676859
-55.93658308416029
-55.930481923188516
-55.85752883785473
-55.81381428222907
-55.79246732025905
-55.9400598716305
-55.91051798077065
-55.86679126714845
-55.8788038392506
-55.86811423616442
-55.87001582232325
-55.8540688634604
-55.81772908206756
-55.85586510669118
-55.66745436884285
-55.64631139623491
-55.66720563554283
-55.76428989572637
-55.739891380722824
-55.78718603166599
-55.8617318243691
-55.90181806833003
-55.960355467353374
-56.059561352042394
-56.1001355256749
-56.122694033580295
-56.12982884569872
-56.00786714398521
-56.05042887825656
-56.057996373535765
-55.97367530810196
-55.89676222669111
-55.905684438520396
-55.84297698270486
-55.84240159160042
-55.85309163713011
-55.812441864410026
-55.913236379913165
-55.97543429697255
-55.95747997425347
-56.03953710407272
-56.067649862672056
-56.16257538077461
-56.058530726984564
-56.01934065793298
-56.14324727295875
-56.070626505780545
-56.053079561933906
-56.06339567980619
-55.96891833760496
-55.91956935177812
-55.90177073793838
-55.82673010766799
-55.73927600676042
-55.77130626625207
-55.860334377453185
-55.934528120620804
-55.90201146909336
-55.75582873385328
-55.876296482305705
-55.84472705945409
-55.79518527393676
-55.84820510371533
-55.822137487276464
-55.81731648155606
-55.7470828421113
-55.76851014447347
-55.84425129881483
-55.90922574817297
-55.883931981407066
-55.80221986292868
-55.80644680184165
-55.64590251832762
-55.647469630864364
-55.68666077001941
-55.73296070309186
-55.81260732289611
-55.70995299731029
-55.73415856300581
-55.833868300958876
-55.82871551615493
-55.86530404954652
-55.929313691796416
-55.80695220833466
-55.851876543790354
-55.95518755718314
-55.94679029097896
-55.89715657982049
-55.89224496775945
-55.8915067920797
-55.80664472724955
-55.79320405556458
-55.794520320957155
-55.77555533554785
-55.836027748920415
-55.88691874025462
-55.88221544574172
-55.85257540826659
-55.86839871164036
-55.8175897725618
-55.82599340378547
-55.79053013521557
-55.80407458438115
-55.81323215629352
-55.89103318053402
-56.017495102927725
-56.03301144393909
-55.87159653770878
-55.8490516980396
-55.767889183152555
-55.66930582934826
-55.66941784456769
-55.74439489189732
-55.753174384352064
-55.7868438364477
-55.67946224899946
-55.65066426237472
-55.77064487976916
-55.828739236554895
-55.78039377686505
-55.816896393690214
-55.74668107757064
-55.851487950296416
-55.94015634575246
-55.956879041957436
-56.0556712386512
-56.12909379619915
-56.02829387733641
-55.95087706999989
-55.9294658870955
-55.956907286365684
-55.99225383009657
-55.93821398959269
-55.86827490125766
-55.846391792987035
-55.90135931329722
-55.98285232687272
-55.931502982423865
-55.891136607049056
-55.938714264995326
-55.95193018956659
-55.99036736234093
-56.0828180135626
-56.02040428773912
-56.022920110671215
-56.005116932030056
-55.97871196468317
-55.91727757645447
-55.841242943575864
-55.87731116500477
-55.89611539676201
-55.86654867874768
-55.83104228364751
-55.78902813283537
-55.66790477953731
-55.78303963960862
-55.800503563786286
-55.749311178718884
-55.884394443654614
-55.854539393802064
-55.93339568650879
-56.01615561857655
-55.96205513420131
-55.87696004764147
-55.913154630039095
-56.023462680452916
-56.02007398946645
-55.947274630019265
-55.95630593814734
-55.9374399350012
-55.83549521919864
-55.83399043705286
-55.76330653077597
-55.76915185425753
-55.80585100197489
-55.7707696358254
-55.65437432308769
-55.75487019334342
-55.74391238196847
-55.66107470043137
-55.76791387595449
-55.82896800373493
-55.77746364967514
-55.81984732643176
-55.913631042432186
-55.90849632940772
-55.86085222365496
-55.864837906943684
-55.87675791583756
-55.86448838461879
-55.8194012016065
-56.01614825470928
-55.97021532179764
-55.82527071225858
-55.86587356643781
-55.87291886516564
-55.81709993684681
-55.772834286936096
-55.89362318806435
-56.024553997179666
-56.05145971215602
-56.08352960480222
-56.1229421678396
-56.16213559422489
-56.125315666925886
-56.13559097808989
-56.064433190401544
-55.97584578507515
-55.863418090913775
-55.91150039590811
-55.84018850292101
-55.83469436598831
-55.81430717531917
-55.82630891170068
-55.774323693062186
-55.7290888421061
-55.81171224434304
-55.709369914713776
-55.76951049181665
-55.82329321468094
-55.723432439242984
-55.79674374182247
-55.72867093805807
-55.783527968770514
-55.74483924478731
-55.81389268059635
-55.86738451658291
-55.77665888170846
-55.766875214470964
-55.681219031377466
-55.63369954669959
-55.62170063129463
-55.56729162374175
-55.546212397924386
-55.6575707600411
-55.74532874815698
-55.8790029705746
-55.74831310929585
-55.693877219649366
-55.79132542361435
-55.8806417287438
-55.87832990583538
-55.86049815113411
-55.80468734565611
-55.88020343701534
-55.895451347727054
-55.88505098258192
-55.905330001489894
-55.87455417821951
-55.84208476521432
-55.866630584112045
-55.795768894773445
-55.771439110660346
-55.790903986044384
-55.838576785671535
-55.82386465432601
-55.774320131042245
-55.77876608113223
-55.84281433621152
-55.831918021465825
-55.86226708199117
-55.8373620393485
-55.82920197592872
-55.90671621044284
-55.939535254063614
-55.831796277440446
-55.80202580557053
-55.801353777015876
-55.80313111440118
-55.825393138678145
-55.80639274899592
-55.784794664701145
-55.82780083297538
-55.63272943388894
-55.53432324134933
-55.5641461739511
-55.58621405778306
-55.703598598621355
-55.72205298721218
-55.765633721769085
-55.808626014714186
-55.80067630362057
-55.80972166412946
-55.8262903884549
-55.77578777829981
-55.8813400791141
-55.858449953039624
-55.8033058735824
-55.77118663936865
-55.734088386612555
-55.65428318930483
-55.64214089599693
-55.596692022689425
-55.62064628436444
-55.65595751319462
-55.63066473407527
-55.55828947630765
-55.60197368753437
-55.77620458383855
-55.79332338619214
-55.76350470186046
-55.77220471226455
-55.85446536181355
-55.80232219472722
-55.82881610506921
-55.80691011220601
-55.79537478010893
-55.75560539971583
-55.73342793945367
-55.735034653004696
-55.61536293185245
-55.60516122715016
-55.54739666938035
-55.40673982486409
-55.40180817505004
-55.477530005065454
-55.46074513058993
-55.52233843040467
-55.56144662618517
-55.49256431343757
-55.572331801028284
-55.59137370308076
-55.61429166657744
-55.67103531258954
-55.68355376254093
-55.588331314951404
-55.80105028137355
-55.80679742736548
-55.636948420113455
-55.74362911181297
-55.73452615685513
-55.639497589306586
-55.54972098444267
-55.56472761167838
-55.51611527553003
-55.563991184970654
-55.55265958401138
-55.46964493169916
-55.594671787093056
-55.61670879144303
-55.71933986312391
-55.72392247883954
-55.70148417673196
-55.69210049695683
-55.65078276556834
-55.64594252854977
-55.684717991645506
-55.62402672286868
-55.70024538602494
-55.62074430333877
-55.49880715152928
-55.586255628036405
-55.466636315936455
-55.32022035864659
-55.34426264608156
-55.43393375940258
-55.40442342185046
-55.415464087012104
-55.5361599096477
-55.48373910921297
-55.48944138682954
-55.53308975264116
-55.62552833914791
-55.61848665507331
-55.66665127317874
-55.61502356084687
-55.589164635471704
-55.67176340814317
-55.69568635099235
-55.68746103253951
-55.59663310766432
-55.506958253288516
-55.52756417739511
-55.645269531546134
-55.61462467935756
-55.65696167035877
-55.737292445709784
-55.74853673004823
-55.76543319965376
-55.82677257850376
-55.80267574563544
-55.868450607042746
-55.87452421290035
-55.812112569057696
-55.90837320039488
-55.83277436357283
-55.788352880912804
-55.75760969554805
-55.72780634324762
-55.66498736168239
-55.644411209861076
-55.73632781610657
-55.698634838435474
-55.727051273332464
-55.659046868273876
-55.62612103486714
-55.628006644463085
-55.678879345667646
-55.69960051887968
-55.672277075820794
-55.71888995213072
-55.786541662557376
-55.6933306851333
-55.79350871528747
-55.966410326656685
-55.954902924600425
-55.859864173300664
-55.81642178249981
-55.81476821648816
-55.75303227681419
-55.7597378996707
-55.73132436694853
-55.632142192438934
-55.58869390625034
-55.638921887386424
-55.61286380455177
-55.526120266668194
-55.56411706759004
-55.64385036222492
-55.711842406046415
-55.807183659147235
-55.81873994104588
-55.86153135645753
-55.90059101446563
-55.83018510986508
-55.842232841032704
-55.891646758930584
-55.762037590451214
-55.76979642539004
-55.75025367732568
-55.646599251719145
-55.660516398427106
-55.63573739746315
-55.56553295084583
-55.61006308322902
-55.529903465402455
-55.47932066156916
-55.443886734874965
-55.47220675846527
-55.50836424206452
-55.545858574379984
-55.672905407527516
-55.71711245996987
-55.73100894392159
-55.757165341972474
-55.76534794411916
-55.73758934517385
-55.70024018794011
-55.664217615461645
-55.598672809171305
-55.58663394239587
-55.52092205747783
-55.558924670286956
-55.591257522585366
-55.51056651695963
-55.47539173498437
-55.51879366075142
-55.56817169011648
-55.57516704547537
-55.71384152820768
-55.82154468465099
-55.688958083569204
-55.76372398872691
-55.78792010992571
-55.71739769757721
-55.69743753197673
-55.74012067710633
-55.74303620246785
-55.67050272496814
-55.611180857219736
-55.559335420096566
-55.45726895133449
-55.42446793380051
-55.4449178217461
-55.42642917921745
-55.492438319220966
-55.51958713220097
-55.5730869456972
-55.5848452740252
-55.6198434128561
-55.72824239587031
-55.695919237224004
-55.66716387213605
-55.63152272095361
-55.63958511481411
-55.63630320316146
-55.61790133721995
-55.66100953781422
-55.66039731933387
-55.62238109622035
-55.556711170350596
-55.40317359723987
-55.43461374621936
-55.519925749182974
-55.45039889896979
-55.45062804221482
-55.40200789792131
-55.40828209807144
-55.43597228322901
-55.52152032345589
-55.63988901194515
-55.65793887929759
-55.69374155603926
-55.68173808098258
-55.65995208463924
-55.70416863541334
-55.73641645687193
-55.703026486345394
-55.5970877839589
-55.57517394424576
-55.56029044146224
-55.38240451677958
-55.32300178879319
-55.41660880801783
-55.4444763296047
-55.39622862943315
-55.436424660996636
-55.409661186471205
-55.52205398161824
-55.54943531163438
-55.61968102146741
-55.65655460001731
-55.6228391990497
-55.64292375778247
-55.68890131420731
-55.682962007560185
-55.659767411182884
-55.63490581234222
-55.688856405290096
-55.69325958350273
-55.59345510562898
-55.50557468020446
-55.42901016944268
-55.34557530924228
-55.43465341898654
-55.47243744042972
-55.512890197569185
-55.46437037328532
-55.50691585032316
-55.57191660362173
-55.648996923852756
-55.706572769836484
-55.75759532185443
-55.81250512948784
-55.87962351052594
-55.920966099270196
-55.76312606997605
-55.795428997823024
-55.77466487764364
-55.684807658844136
-55.599166567842175
-55.57109134604119
-55.66258284524467
-55.61940385901905
-55.542629924548564
-55.53955649759272
-55.5557991943967
-55.62535930080211
-55.677071663286526
-55.77250933229989
-55.74380099958827
-55.76761306143902
-55.74927756407518
-55.80198517499982
-55.83658314351826
-55.79015533119333
-55.806283664665216
-55.700975974572614
-55.813797628792805
-55.748441352132986
-55.59098403277577
-55.63656615601805
-55.532694365782035
-55.49555310140746
-55.503330232525514
-55.50759634851753
-55.48762007883763
-55.48508053594967
-55.52130319163316
-55.62064296017028
-55.653604962832546
-55.66720523745047
-55.64893806496521
-55.691969803806025
-55.741245592517295
-55.73887248827307
-55.703088044825506
-55.645842746852075
-55.692020300923694
-55.69942991251888
-55.64783201679178
-55.62926186131843
-55.57990357695119
-55.58394083173164
-55.56398247684863
-55.63194330507831
-55.664083617817866
-55.54448683640301
-55.49917195848294
-55.52295680610276
-55.65735418289562
-55.765458773822424
-55.7661790009288
-55.62542125116871
-55.609549840154
-55.69174238144382
-55.79173617522777
-55.78624338146072
-55.700601590024384
-55.663642970876836
-55.68297594499036
-55.598102285501554
-55.56172723986191
-55.58379247379751
-55.51328177411968
-55.49714263149667
-55.53095582611419
-55.543378667855585
-55.47170425007711
-55.49719514420472
-55.61023948289842
-55.5551887649835
-55.564491947913055
-55.62253998212769
-55.69962608331989
-55.724277777456756
-55.764713565654105
-55.7110687626802
-55.684055666084724
-55.64738811906729
-55.60719237030096
-55.600343365252954
-55.56820717829968
-55.56650816742621
-55.46271342091662
-55.466912352820486
-55.470433374319235
-55.45913811556377
-55.42689759375294
-55.615418142823685
-55.66558148531783
-55.57327163692453
-55.54678765339575
-55.61138571542857
-55.69420519265807
-55.62500249623279
-55.70433031344248
-55.672941106459646
-55.69010468420123
-55.612398829516295
-55.61020160821217
-55.595192950643536
-55.50358900946607
-55.43554181015886
-55.484423839386295
-55.51527796961625
-55.57622893210407
-55.56662599816684
-55.551295864280085
-55.57880186537242
-55.663360226204155
-55.65115495038411
-55.67749003890017
-55.71291097574574
-55.60580737218095
-55.574018381529676
-55.5867426965573
-55.60842671872166
-55.65639551696055
-55.61266637187862
-55.50601299824685
-55.58978712850711
-55.57493117805095
-55.63168588282159
-55.5901962630895
-55.68443716177323
-55.52470028653929
-55.503902588337056
-55.59105730639085
-55.63892544446041
-55.659635059563925
-55.614751177005914
-55.681024090697804
-55.804473278025306
-55.844032640854074
-55.80216615854065
-55.701843737747346
-55.59651793370479
-55.52459287820783
-55.50623292284463
-55.57433110184677
-55.53423457478357
-55.400602211283896
-55.382822054399696
-55.34098977322316
-55.330590494332455
-55.27355166775252
-55.27150676959134
-55.35325085349367
-55.48782689759137
-55.51448183410247
-55.50160082803184
-55.47935869193486
-55.454658733801125
-55.48995402301038
-55.63186102824434
-55.57805910097079
-55.45328170626102
-55.404668392480836
-55.358378912487446
-55.280389266118185
-55.23429662554872
-55.22000647720324
-55.22390466662777
-55.22398395425283
-55.278995293643845
-55.202751168112776
-55.24814111453746
-55.26168960680517
-55.35103173413292
-55.436453574911546
-55.40865238946391
-55.48820899010857
-55.5332737044187
-55.523018023413215
-55.52610408217337
-55.49008326971174
-55.411528603313435
-55.43039555250503
-55.399032454284395
-55.4617070720612
-55.47740743510574
-55.46560119071738
-55.39120726652148
