-56.683160302785076
-56.683160302785076
-56.740678245141744
-56.675327678153955
-56.57002618577341
-56.647429903835175
-56.62782628649553
-56.619580449148145
-56.63213023434855
-56.666104796419354
-56.7526573910584
-56.73089590964873
-56.80475932586482
-56.710029496070426
-56.80000548231279
-56.88166280601779
-56.91631686279523
-56.89289499221305
-56.87641666144982
-56.86784341867429
-56.781047995035344
-56.71253393113028
-56.70363487782008
-56.5946160714368
-56.56770924320329
-56.674965643456325
-56.7285886810007
-56.63772266302603
-56.601709104709755
-56.699227444759785
-56.804182189674954
-56.81847521242512
-56.744084819358555
-56.78411546793454
-56.854327208131735
-56.79348340905392
-56.77218198446855
-56.692417312888914
-56.58191243323912
-56.56597467636846
-56.54295748138794
-56.6078118815998
-56.6005110532396
-56.665758309727416
-56.61173648399569
-56.50539291300776
-56.53063067871799
-56.5976419069881
-56.56433772214707
-56.60921798257003
-56.59611813850983
-56.57840531556913
-56.601466793769326
-56.671999026605214
-56.563969616165686
-56.529798257998046
-56.59592372112679
-56.5078821313208
-56.508264531475575
-56.43226376963808
-56.44989402228621
-56.40402175035293
-56.36750859562227
-56.41876264986188
-56.444050049804936
-56.46545103290741
-56.53426014060346
-56.525027586637805
-56.67479703715711
-56.66549130286303
-56.64264330215871
-56.75687044106843
-56.76548749462097
-56.640548282682936
-56.68219738791749
-56.65111697269332
-56.710541257622125
-56.64343861171593
-56.55956370784357
-56.56329586496518
-56.532653860455106
-56.59808510058683
-56.49084000029002
-56.5094010455236
-56.58673663823946
-56.639961035302896
-56.71982845065365
-56.68006955661809
-56.67759322547946
-56.71617664239995
-56.748435523531676
-56.79012112622403
-56.76662080543623
-56.82367740248053
-56.80880500988546
-56.79424819430176
-56.72132542390007
-56.71916616766847
-56.64164951152891
-56.505803846647936
-56.52128830115878
-56.513638024832126
-56.56569114234434
-56.61569809995103
-56.56300022067218
-56.534259108130534
-56.591879415071105
-56.65079713279069
-56.59738210013701
-56.70526591262689
-56.720711691678574
-56.61227370307456
-56.591662389701604
-56.61764673852053
-56.61955315183196
-56.63685230391459
-56.67176806398634
-56.613437990085075
-56.503848045276904
-56.434588585966516
-56.36364331104577
-56.375127435804096
-56.470687209897655
-56.46731531998046
-56.41911858532642
-56.476345400865895
-56.5203828568533
-56.57710842739002
-56.62859019547695
-56.71468556196622
-56.68623795647919
-56.60928969271947
-56.62281869270945
-56.54078649721125
-56.568399811596855
-56.55247989659203
-56.53359248839923
-56.498584562054425
-56.49321356482541
-56.48076772826802
-56.389304833273634
-56.3371957407886
-56.32005376072771
-56.327420104485064
-56.42184146412085
-56.40357980270659
-56.376625827463656
-56.392082246245245
-56.42830291083751
-56.594511741162705
-56.67869891292306
-56.668227197423036
-56.666755928366285
-56.67582532071656
-56.75451113792315
-56.75929003167761
-56.773969923764106
-56.70339577895201
-56.55502199000905
-56.62521257737615
-56.56396013197603
-56.45135773898966
-56.545453216975545
-56.5800506795146
-56.52578746474937
-56.46020422996769
-56.47917908049008
-56.52295008717838
-56.63038016359456
-56.7096301250304
-56.68510934345304
-56.678953698357205
-56.622897714716814
-56.69896492891335
-56.70504723241409
-56.64156447992752
-56.61979562743287
-56.487975658162426
-56.50891275324991
-56.44922277523204
-56.44588488823756
-56.498056612411396
-56.49478505708206
-56.46757961573203
-56.456985406454024
-56.48457437534693
-56.50822171145676
-56.53564822918033
-56.62455490711957
-56.55548387901528
-56.669802148343095
-56.670600218578834
-56.74522168474564
-56.72909606808964
-56.68011193791601
-56.71858826424743
-56.69657940289515
-56.57026385006089
-56.457412805948074
-56.49819229835747
-56.3995309356137
-56.33004525045652
-56.2909196203377
-56.28332501145969
-56.28694928757722
-56.262371390427404
-56.232742502536624
-56.19106884320866
-56.33236693358079
-56.51266671450769
-56.46037078357616
-56.46836529021044
-56.47804015444852
-56.43615421798837
-56.480567904964474
-56.550040178041705
-56.49957516250863
-56.35869143389463
-56.32577165173284
-56.32289437423559
-56.38885161495206
-56.339648849307686
-56.33429771972206
-56.32894659013644
-56.323595460550806
-56.31824433096518
-56.31289320137955
-56.30754207179393
-56.30219094220831
-56.296839812622686
-56.29148868303706
-56.28613755345143
-56.280786423865806
-56.27543529428018
-56.27008416469455
-56.26473303510893
-56.259381905523306
-56.25403077593768
-56.248679646352045
-56.243328516766425
-56.237977387180806
-56.23262625759517
-56.227275128009545
-56.221923998423925
-56.2165728688383
-56.21122173925267
-56.20587060966705
-56.200519480081425
-56.1951683504958
-56.18981722091017
-56.192073375180215
-56.22604269113818
-56.31495445944481
-56.27971563181742
-56.31252727773599
-56.33099879539753
-56.336709421224626
-56.330395157450475
-56.247743679795526
-56.183849117795525
-56.130320998270406
-56.16108978575393
-56.14015117890081
-56.04180424288008
-56.013665026846084
-55.97034779027592
-56.011287240813374
-56.111594265863744
-56.18175820749184
-56.174858723194724
-56.163045795240976
-56.02311715284395
-55.795905025584226
-55.66398337700491
-55.523354292141555
-55.18223271535823
-54.896966543816895
-54.485247072314515
-53.77779905862328
-52.77278982586632
-51.46416939580322
-49.799061968613785
-47.59352545913942
-44.50035960925171
-40.25646389214038
-34.530188956144215
-26.708626905050476
-16.33072937735711
-4.522134716217176
5.751161918959856
12.992579782992772
18.053099175105622
21.7646977492914
24.40087527273829
26.267070831033347
27.64615740765522
28.61096945328365
29.092053972670477
29.465858776412833
29.656924402204417
29.740357767716755
29.845494832456403
29.633796655427336
29.46584593916262
29.353043956411984
29.114663345874526
28.762336659224534
28.302703665328384
27.850711207147146
27.460334523791463
27.030724971887913
26.584130865408845
26.09512040397267
25.59926666790446
25.047617360524146
24.562087084266853
24.17573740186705
23.782405205738378
23.34091760555204
22.94688459829135
22.542710467352922
21.96267869537852
21.458868113985154
20.974936217739593
20.474748569309806
19.901398646974542
19.308419327466986
18.777992557304746
18.18532201553837
17.555681071778483
16.940360486106812
16.469678965779114
15.932988593920541
15.328047904306535
14.754811967513817
14.13780547818932
13.383427389306556
12.727465221123
12.25323516430508
11.762114943621132
11.158892459682704
10.498062086547774
9.790071084972391
9.207823828760612
8.395103775096947
7.631324778981987
6.792274944372312
6.062560247639665
5.205457037817198
4.315102006362361
3.4750308167400634
2.661724841140906
1.9293739996602945
1.1591743829511607
0.38462689497908975
-0.5386521161160606
-1.4746971067545183
-2.2892948598859912
-3.089012161504723
-3.997637845483368
-5.009965840785418
-5.956704030901662
-6.885196283525856
-7.943480968350392
-8.952333522569702
-9.948363651037665
-11.147904582758718
-12.259034587838142
-13.302449629768605
-14.478832945907529
-15.519848001024787
-16.61902389434402
-17.77311701199901
-18.860625493566854
-19.99966603523847
-21.09511827679381
-22.193095146429055
-23.11879259957391
-24.135473129319994
-25.09587772133699
-26.030070586847195
-27.06988000646412
-28.028048686323594
-29.0026997743509
-29.8758910519848
-30.806342208895916
-31.746701063034173
-32.60536463091734
-33.51682847800466
-34.438200570221
-35.26966825896362
-36.1045062895514
-36.85552461562635
-37.592436235583214
-38.37946314802071
-39.075756656716024
-39.68790612102826
-40.22073237369893
-40.79171340373427
-41.380242375373896
-41.95830832306412
-42.52200653726833
-43.07181973198265
-43.61558018522896
-44.18608930305772
-44.84817836947243
-45.477865451702215
-45.92771414445575
-46.409869575227795
-46.92726855599614
-47.41489998294361
-47.85593020349036
-48.38921475094812
-48.8514234750936
-49.30740091831302
-49.70048476223463
-50.16373493388899
-50.511526667467464
-50.9223794598321
-51.301690378764114
-51.697145632855396
-52.0653170677404
-52.58424524539804
-52.9276491304336
-53.38323113401772
-53.90056401144386
-54.2226902808712
-54.643820764735686
-55.08451914235601
-55.485375846039894
-55.83536691008472
-56.11976083944918
-56.46442700063868
-56.67585063663275
-56.977504109321714
-57.23994122038207
-57.32998782360831
-57.52925521399934
-57.77484863578316
-58.09389633114943
-58.28494274610494
-58.47744312326291
-58.699722277535
-58.848878836448094
-59.00842609494545
-59.25416616802494
-59.445180551678895
-59.651859432345596
-59.96761860974358
-60.178528480529145
-60.417632875467085
-60.63069553526718
-60.78843977831043
-60.92693208409802
-61.11102582593658
-61.198948606202734
-61.36804006960127
-61.52853182691744
-61.5638760068832
-61.6049140924542
-61.72583554929206
-61.875393766612675
-62.015279311782095
-62.10861648649198
-62.24913707037888
-62.45686740607299
-62.54627587036925
-62.68843067176109
-62.80121117522466
-62.983606562724624
-63.11347822131653
-63.1509771993043
-63.24636664355132
-63.35527301533866
-63.46021826612703
-63.44366911615532
-63.5714437423987
-63.529467894282966
-63.597338396760115
-63.74031828141973
-63.87139858889418
-63.965284037931745
-64.08711333739784
-64.09790792027806
-64.0675458817595
-64.12740031478512
-64.2609455769047
-64.39051577600377
-64.58580787845058
-64.68457940830437
-64.67850007018609
-64.67523447284142
-64.78824746178371
-64.81185705607528
-64.84474259733256
-65.00520805544761
-65.05100884626572
-65.00713279546815
-65.01013453233861
-65.01657739743266
-65.02577832581622
-65.06104651467847
-65.14009795081597
-65.19144652048256
-65.23326156448297
-65.2157039267152
-65.27444253683473
-65.34187348141094
-65.46062902848084
-65.51580512056836
-65.6314803756526
-65.6670872916715
-65.65156722123884
-65.71122637967008
-65.65836926795787
-65.6880712616588
-65.66446426714536
-65.575516571487
-65.60355937270653
-65.61811294465176
-65.67128112392092
-65.70592235990397
-65.71658886257309
-65.70827777385085
-65.67201035951868
-65.70178714377712
-65.66068171356262
-65.7872825671852
-65.9356547186518
-66.02858785143759
-66.06099508806258
-66.1204991938615
-66.06440218630816
-66.04300340768016
-66.12166578652271
-66.11049876252987
-65.96817733838186
-65.8794252954088
-65.95034213251016
-65.94489435361602
-65.91256739609466
-65.92770138623014
-65.88002492231026
-65.89692485508189
-65.85567223803871
-65.9413204607329
-65.96167185659979
-65.97377177405099
-66.10230963116221
-66.14809584048672
-66.07997857795375
-65.9541189323357
-65.9788878586313
-66.04425591686909
-65.97397380340202
-66.09424466124158
-66.06148524661377
-66.05243051981286
-66.0602474968317
-66.00851812064867
-66.05241211634078
-66.09928582184041
-66.11575352600074
-65.99773290736368
-65.94810799004752
-65.93382629104613
-65.97212806577329
-65.93721884512249
-66.05650920024299
-66.11631728416336
-66.09014125236655
-66.05628144502343
-66.06222146602481
-66.02228357835601
-66.06634306500494
-66.04359949162298
-65.99677607300602
-66.03653604231727
-65.99363089188847
-65.9990829993623
-65.95021865730551
-65.9626543491663
-65.89571956832518
-65.94799082466966
-65.95755756776434
-65.82680339056911
-65.86604304594415
-65.88132011178796
-65.93894457680423
-66.00935399501058
-66.00370094743742
-66.01545119494233
-65.94037062750797
-65.93936194210963
-65.91924767372655
-65.95697995987847
-65.90067688478706
-65.76913267460603
-65.71066287842784
-65.65834001758863
-65.72204493053383
-65.66960107358247
-65.64578991911918
-65.71437620061633
-65.68996336672429
-65.64249105353004
-65.68106393991596
-65.71176803434528
-65.7434409346701
-65.73163815795047
-65.83843245337842
-65.83302108227853
-65.7978575699605
-65.88949891491907
-65.95744871901464
-65.87263380549986
-65.89424437862026
-65.82105159904154
-65.73845993670577
-65.64000058434057
-65.5650442335673
-65.50079689999323
-65.41903094920129
-65.338078013957
-65.27607052235228
-65.34371396280484
-65.26882456401925
-65.30233087042548
-65.40371630819932
-65.43664138316926
-65.5014969893605
-65.50692991046989
-65.50170546094793
-65.47070729267588
-65.36153988089873
-65.37769451469326
-65.40856653204527
-65.32006362617025
-65.24954577893551
-65.16462187415604
-65.19861303140254
-65.19562964241554
-65.22657614524056
-65.19752817829823
-65.15332385768994
-65.158905381256
-65.14020668737268
-65.20934638217807
-65.30740192792848
-65.29292763064493
-65.44734160178184
-65.49448537455737
-65.41567188822799
-65.29020307262327
-65.29553417676307
-65.28883539629403
-65.29952416036022
-65.21388175362009
-65.18161829929592
-65.0971014736185
-65.0832331140278
-64.99838975411055
-65.02692288982168
-65.00018464556965
-64.92476875070737
-64.95521510376474
-64.94785847800352
-64.90912734036094
-64.90365149596619
-64.88596321655874
-64.87638670944959
-64.93363627585735
-65.02601961777101
-65.03738886809278
-64.98739624616994
-64.94463485916523
-64.87408204769409
-64.79104253728526
-64.67439110035272
-64.67082131640434
-64.63776429341831
-64.62338167901156
-64.51823576705324
-64.57650576680142
-64.58598709309415
-64.59179674351499
-64.59154078120457
-64.56474214125252
-64.48828742007576
-64.62800408046273
-64.66965787342319
-64.67251621806214
-64.72553575113304
-64.56350504817486
-64.49084981045765
-64.54240017733397
-64.56174499281899
-64.42320690233562
-64.32412160826557
-64.27564267988079
-64.2830801665316
-64.2469020532388
-64.24980760851827
-64.1619818082964
-64.17369890980193
-64.18377655283581
-64.15883175781156
-64.15933362184303
-64.17122984483146
-64.1402596853864
-64.12329415758737
-64.17133229077088
-64.0856728753056
-64.07739468043344
-64.18589695175265
-64.09823606490836
-64.127923850944
-64.02024179641828
-63.99589613865474
-64.02603382272429
-63.95473674400176
-63.81549694311512
-63.82012799225378
-63.78593936246019
-63.77545835599345
-63.79914612475777
-63.75790181234979
-63.829101114175124
-63.82302035622778
-63.76784802964104
-63.84280242918511
-63.91664138333709
-63.912010404200224
-63.79325375462974
-63.71479426081078
-63.69298371891732
-63.56090281514406
-63.561188168339825
-63.46034580011799
-63.399481375601525
-63.31241935174408
-63.29499553347875
-63.26882228669537
-63.1935929867146
-63.16023347004129
-63.22034610460573
-63.21467510844558
-63.25435579723309
-63.27362900734561
-63.26072312775318
-63.307472923564994
-63.28021833621285
-63.26478923341962
-63.21438896286897
-63.2380803819811
-63.23964958101419
-63.265025737462324
-63.14556313159288
-63.01121197447152
-62.99267499617974
-63.00483853958597
-62.94897663617731
-62.89768879964215
-62.80528549176491
-62.923772911757325
-62.92088488069161
-62.966814178094005
-63.03554728779393
-63.043578344925386
-62.97689916407171
-62.96536664695143
-62.95503986323932
-62.96159614952403
-62.914638843113714
-62.849431870768626
-62.832496521631974
-62.81262867877096
-62.82672715522222
-62.755136656075
-62.680736166964515
-62.62065544738197
-62.56311726364459
-62.57908201674955
-62.46587421352338
-62.437372067291506
-62.42881617817765
-62.446478434044096
-62.51297234982331
-62.50083304285374
-62.5110260151687
-62.58204264365849
-62.64292769950981
-62.669148161711625
-62.636489836355295
-62.56870997979627
-62.54132090270356
-62.49405370223171
-62.4203930366921
-62.35837620496238
-62.240309025645104
-62.22733412530614
-62.28511186367813
-62.335851865928554
-62.27411866162287
-62.269553708237254
-62.18981773609896
-62.283826777655335
-62.21951408143853
-62.22645827269378
-62.19392303961521
-62.120879869328256
-62.215481359356154
-62.21459419982316
-62.20962601119452
-62.18080495992826
-62.21575783962921
-62.1357516270845
-62.11431647235962
-62.060484483684334
-62.05177975851668
-61.97118178452043
-61.95286293124535
-61.758373463859776
-61.80326857829499
-61.85537851581305
-61.80760766766233
-61.824956919579336
-61.83561271307973
-61.84636702219286
-61.96580696960388
-62.00472316063876
-62.011639698226766
-61.984894535697016
-61.93154183414182
-61.89184998287153
-61.97198685383071
-61.91704056553101
-61.87909340209451
-61.85548111196437
-61.82636305496607
-61.77463646912934
-61.8350136941637
-61.804152534168225
-61.76947764733875
-61.622842334407196
-61.59640683069712
-61.70032201792685
-61.670820646112524
-61.70274649884799
-61.72951580978333
-61.73381944696414
-61.69295046719982
-61.77002572139134
-61.71221095447057
-61.630546365294386
-61.68252067175456
-61.62928847974268
-61.49601833070748
-61.49936704690875
-61.47503738012727
-61.3325853629003
-61.340530303746164
-61.35911917911447
-61.30135271771401
-61.22471540703142
-61.21656935084381
-61.242484661816874
-61.242064061479645
-61.26141623989052
-61.26881383066035
-61.30431894163976
-61.377635625197705
-61.2598316821176
-61.22651547635437
-61.261407038927096
-61.23746206850275
-61.168254542963496
-61.112539429365484
-61.1989248342642
-61.15151083881418
-61.06131403813561
-60.989434571438906
-60.95714101418821
-61.00956299484499
-60.90353653531366
-60.96780596831892
-61.00823319764931
-61.047458107980766
-61.10247395627848
-61.12947931755513
-61.133846326428404
-61.13738396957795
-61.10276032632082
-61.13185968155388
-61.05087581974898
-60.96380645430719
-60.90598418551429
-60.91759609897815
-60.88217863573957
-60.866215507557555
-60.7674345090734
-60.63641981558776
-60.74146831015903
-60.75569250462416
-60.67090858226086
-60.747680932679046
-60.69691594065273
-60.75999080385031
-60.78568770818105
-60.820782853960246
-60.80133888829004
-60.82410337384176
-60.83113359030471
-60.790001984659305
-60.818017337950394
-60.810436889194825
-60.77178973258706
-60.78972843647734
-60.74313466054626
-60.66283539298824
-60.63704240228926
-60.494869270651684
-60.44370497107802
-60.536240634196524
-60.45154864643559
-60.50151287339658
-60.49411941457304
-60.43049704653907
-60.47087597601054
-60.47823939416436
-60.50465762847601
-60.45970148351779
-60.48844807041916
-60.546612542659936
-60.59424688850729
-60.507379364975286
-60.42159025213363
-60.39978596898646
-60.30975768358717
-60.2701074905806
-60.26996439420871
-60.207562351517176
-60.25693239522263
-60.213305727245256
-60.24593671448794
-60.20017417774271
-60.23342139210349
-60.312635064129005
-60.27397393339255
-60.363687372709926
-60.34297612268637
-60.25083164336244
-60.31763692353341
-60.34842950569087
-60.28742238591065
-60.202672178659874
-60.185064301103075
-60.14177457007167
-60.11076664841371
-60.02659151000607
-60.051400790508126
-60.03241116508716
-59.985431053334494
-59.98014077662521
-59.93374488615598
-59.90651103582603
-60.04618476871224
-60.05748650215355
-60.044605850891045
-60.05003642435104
-60.06843262696594
-60.10427782920823
-60.038049209272174
-60.00416818665275
-59.99451699068976
-60.000337799719084
-59.91931319332043
-59.839317561142195
-59.845253542264324
-59.84363040084494
-59.76220296271199
-59.65276571419009
-59.67811097787966
-59.67826539689031
-59.711340713588775
-59.681333117930514
-59.59371567400583
-59.545289365146076
-59.55127651659445
-59.60890351680573
-59.73383542313661
-59.77404033231951
-59.79788839792361
-59.78972399433282
-59.75859810842274
-59.786256487520525
-59.76324008614663
-59.740621964928856
-59.744034695817945
-59.6836945531826
-59.54757631887141
-59.534620819510685
-59.493375311297044
-59.52184807092933
-59.555316108056054
-59.54521941987546
-59.53477247764407
-59.505351778086585
-59.61049427191374
-59.65909501489983
-59.76300624433767
-59.72824419309974
-59.67043088857878
-59.61031469321563
-59.602318745814976
-59.588594490968546
-59.532557060832914
-59.469044245445346
-59.46113727927775
-59.49891458767073
-59.409244949249306
-59.32682339581338
-59.36704746186272
-59.28940558533038
-59.23220993500916
-59.246934322761945
-59.25649248286205
-59.35752889078555
-59.3806165163234
-59.46161526995469
-59.5269530869301
-59.602238326064196
-59.56436353198153
-59.58503613033524
-59.51808927949602
-59.51084355165642
-59.566237098323505
-59.45590819881685
-59.41550784748843
-59.36699410155025
-59.23439854386616
-59.262438375917704
-59.24506558808681
-59.235197898995345
-59.272904796352
-59.26905886014726
-59.3062925645329
-59.295776114573734
-59.279574533089814
-59.273781098953165
-59.25954916121668
-59.272585117740675
-59.31433387104045
-59.429992912460015
-59.31706320639318
-59.30264219172187
-59.288472432674716
-59.25657715148608
-59.24131198019792
-59.193095886515565
-59.16459342921076
-59.143986741431625
-59.156551491475646
-59.19135282565951
-59.13711394109908
-59.1769543481588
-59.221527795629825
-59.21339074174169
-59.222014724408986
-59.21582832333592
-59.16368190577288
-59.18862030411248
-59.23278960095115
-59.222156878936666
-59.21604682113318
-59.177721419437155
-59.11471210314368
-59.02100814487558
-59.06556158425974
-58.964715758349094
-59.01001700242505
-59.043467925257474
-59.05440651912876
-59.0563706964867
-58.99684154728256
-59.02637233529016
-59.07847915363437
-59.10378186767689
-59.13087448423743
-59.09513853096498
-59.138556775545915
-59.14109026847815
-59.14234275321168
-59.15811462645483
-59.148818682452266
-59.124306018170266
-59.15162471671344
-59.135012959536176
-59.09641093043856
-59.0168183334286
-59.034602528406914
-59.049527431640016
-59.02098922093711
-58.95016079539817
-58.923213199375944
-58.99809287313078
-59.0065811313298
-59.08109754944347
-59.051323748035294
-59.02764103175013
-59.058241238129746
-59.01032157286432
-59.119600994063944
-59.05283084673003
-59.05277883722124
-59.027708996318545
-59.01842573933886
-58.96192909990378
-58.90107398797413
-58.87890590820497
-58.84041595143294
-58.88554299196854
-58.88612566952576
-58.863846589327814
-58.81935384182442
-58.78940953582536
-58.75703201273882
-58.758020681937374
-58.82963724034342
-58.92520967932129
-58.94193920629753
-58.992713273576896
-58.96522879891357
-58.89507871232854
-58.866250379327425
-58.850533740501604
-58.91962689818266
-58.91594351658281
-58.83402269140419
-58.795724930716844
-58.75216724239114
-58.735970767764634
-58.63041124662477
-58.657375001402656
-58.66044903600857
-58.6562776215215
-58.7440324525697
-58.8069019145838
-58.79240298995429
-58.770641831603406
-58.80391736298727
-58.82773361033309
-58.81523106666083
-58.817865018705454
-58.82432602977824
-58.72994135644259
-58.68645879108034
-58.71431514783866
-58.7198278380448
-58.71253336523923
-58.682007990256686
-58.631305975684384
-58.55718633651509
-58.5616487472467
-58.62255266147756
-58.628351653328956
-58.62368739854354
-58.58301478361292
-58.60091828446992
-58.63661220402299
-58.59608905535755
-58.570579991079605
-58.54514818451312
-58.65611205878691
-58.67165304267112
-58.58529064273824
-58.539640627489995
-58.64180582236158
-58.623439879977205
-58.59613769090968
-58.54869847684106
-58.53255942717219
-58.522351175547094
-58.496401401493316
-58.51336704296072
-58.49387391794228
-58.386605868755076
-58.388791868028555
-58.45480406416301
-58.53084074126747
-58.5267960606156
-58.56347159271492
-58.56176689213153
-58.68517407585186
-58.70576947661976
-58.696044010581794
-58.67682582432854
-58.59334104862875
-58.61318662124301
-58.57829158430754
-58.46118826235288
-58.47298797824698
-58.48535394024837
-58.43005369572462
-58.410536690174816
-58.42848193634402
-58.46963021160023
-58.44738940815588
-58.559543053582715
-58.624364046119766
-58.659935638380425
-58.65854424669249
-58.60371770591521
-58.61147955129593
-58.60804193174937
-58.57408290153332
-58.56708993587224
-58.49756864043443
-58.499812548519785
-58.43064710867487
-58.266428339465385
-58.33092432976898
-58.2993022719403
-58.22986884578143
-58.297753159437306
-58.26760546546921
-58.30525084066578
-58.43550457263793
-58.453068976702994
-58.490841507757054
-58.490052076061076
-58.54504164562447
-58.617181802515134
-58.59165800531946
-58.48508667759736
-58.541776444056566
-58.593385207068465
-58.5932654463495
-58.45648267571761
-58.43919101626443
-58.40283235392553
-58.29220521147913
-58.326421552922476
-58.338540429819986
-58.2431038248411
-58.307612998133436
-58.41564477405391
-58.452744823624236
-58.39426526064957
-58.51430076622461
-58.54345692833625
-58.61622671933832
-58.57928178950848
-58.52803915453678
-58.51822984922758
-58.56679291078634
-58.5196580255761
-58.384130934240694
-58.42626350202259
-58.33768378963316
-58.34932405924134
-58.234538402230505
-58.197182814261275
-58.26013261007008
-58.26472739528259
-58.224102060348734
-58.268604174902364
-58.29824830414612
-58.36921798959493
-58.451583693704
-58.38242382197276
-58.394323405409686
-58.34447474092402
-58.41026638076181
-58.39877914609628
-58.3776722993481
-58.408917876301025
-58.28054921063165
-58.244614644720286
-58.31899093385308
-58.28593155602679
-58.269387110176986
-58.27701505127674
-58.24595633437108
-58.26370744601773
-58.277308410866155
-58.35346216882049
-58.41622599018017
-58.30456418229495
-58.39023073523414
-58.50630693591079
-58.52020333712436
-58.4799471431884
-58.42436429795647
-58.425862413880246
-58.34150548439644
-58.33417107003619
-58.270106689167974
-58.17196739527895
-58.12607079376695
-58.139692570401564
-58.070216340149514
-58.033899439854274
-58.009335682937866
-58.00654120185485
-58.071193073170825
-58.02911900658207
-58.025947259833664
-58.109448791611875
-58.128777837285945
-58.23007380081945
-58.19055752157716
-58.129920786921545
-58.178022900888315
-58.12456583147194
-58.16837865804046
-58.17232265482317
-58.167465553448906
-58.11173226792541
-58.15444590712789
-58.23934963435124
-58.16186382621684
-58.10727516673869
-58.07434628143067
-58.10930522445284
-58.10348230285823
-58.12579140363171
-58.09489280457779
-58.08431849762426
-58.17584757331971
-58.1283937720107
-58.16736281168182
-58.31919680637291
-58.277164834845344
-58.23791581130813
-58.18116695226073
-58.02145180727389
-58.04651489579986
-58.041422037366445
-58.04958913830738
-58.03092190353438
-58.04143331182314
-58.08663421924082
-58.11588202284564
-58.0819139429349
-58.0781493350741
-58.096830150902406
-58.162199651078645
-58.175569433188265
-58.18847064265668
-58.20247315623137
-58.16851293199216
-58.23378321587156
-58.24408371703439
-58.22834179343041
-58.22136406828894
-58.23935393980626
-58.14218111906457
-58.017227939324854
-58.06738444103097
-58.100371177062975
-58.124940492478096
-58.01390738202126
-58.01158620756022
-57.95317564646219
-58.0225669717517
-58.04121016984512
-57.9943770203099
-57.96381419319037
-57.977594304149285
-58.05620723562872
-58.08602895177007
-58.0221907930565
-58.05298258720275
-58.09935201749858
-58.057863930066695
-57.96833719200041
-57.92103843225902
-57.932091272008016
-57.92687248616865
-57.90884158869018
-57.968170550359524
-57.95972960768148
-57.87340255316773
-57.840282183475814
-57.764938179522346
-57.859119126589164
-57.86302457747022
-57.80724398496752
-57.897352280368544
-57.919149431970354
-57.94565241764011
-57.954257402756504
-58.0069242102728
-57.88780301266795
-57.85526757361742
-57.912042866701604
-57.87212549386263
-57.82746048892038
-57.78675421157412
-57.76886000223997
-57.7518257142091
-57.7186335118392
-57.677275573794795
-57.59760464393872
-57.6657236044116
-57.69483549663114
-57.70023847074527
-57.67206497815624
-57.62885257299465
-57.6778124562634
-57.834126244586194
-57.779937289401246
-57.75318246125598
-57.73073738497029
-57.70947311544171
-57.77002624001449
-57.70973250920042
-57.72163934059024
-57.64145567869879
-57.61184459723902
-57.55582183869086
-57.57974910433806
-57.580721034412804
-57.51007293671987
-57.577543448107356
-57.612880964691904
-57.72806666513259
-57.846103639218406
-57.82709526434177
-57.8768444956371
-57.87637039537666
-57.92575253655366
-57.93103210987112
-57.98381142186689
-57.95185023021243
-57.87011420572198
-57.88803487522013
-57.854881764618085
-57.89804029958247
-57.87351509404062
-57.813997675596816
-57.77105246219911
-57.7616421282335
-57.77861632218529
-57.748749172738805
-57.79075068696152
-57.7961408769525
-57.800322368613756
-57.82950699887374
-57.8710652112445
-57.86612970689687
-57.95397615009277
-57.913839967302295
-57.94489359926269
-57.97095921402103
-57.955955254695134
-57.9038113082757
-57.89006528516425
-57.8457694804469
-57.768814945505724
-57.79653837581219
-57.63020436074469
-57.641440637581375
-57.760818687175444
-57.724424569217554
-57.69515725108371
-57.692789878044245
-57.67931825156312
-57.65997491001756
-57.837776768056
-57.913007565895114
-57.89495224218029
-57.96593251168259
-57.93860393378661
-57.99182537350573
-57.93218552251024
-57.95086099249134
-57.846276882406286
-57.69035781465902
-57.65772104010527
-57.64003069386185
-57.635135175318034
-57.63661939127114
-57.617579823019405
-57.56352681665157
-57.69298200564544
-57.78935544666462
-57.808207062101346
-57.87997345837963
-57.83420143419592
-57.73384132144921
-57.77718457545226
-57.78027575329218
-57.74552579744842
-57.72699585643529
-57.80150525316734
-57.71418490736766
-57.687463186413666
-57.608545570319414
-57.55153855015461
-57.57772840833515
-57.48470766323586
-57.47929618753114
-57.51253310634478
-57.51097550250834
-57.45850598460191
-57.53452321833523
-57.544489438760756
-57.64840913553095
-57.56822731266284
-57.7245148215899
-57.80448409922552
-57.69222270608851
-57.65210998442806
-57.643600978329744
-57.536487284577966
-57.58176477781475
-57.510850778428576
-57.406694805884754
-57.454147717673834
-57.404025739129395
-57.42279288857372
-57.41338606158087
-57.3758558343093
-57.38537985245643
-57.46058197261923
-57.50627173653004
-57.574409009287436
-57.625342532193564
-57.67330195390661
-57.67914666358633
-57.66121781923009
-57.65122505924281
-57.68487827011599
-57.61290324147142
-57.66270118013542
-57.58029613817507
-57.42894824390157
-57.390307239763956
-57.455922826124265
-57.436179073191845
-57.44215514879583
-57.35778395028894
-57.41456790460807
-57.49511817700395
-57.424758106127186
-57.41402822929809
-57.512994532774066
-57.47176359144422
-57.439710303906985
-57.454417057541754
-57.42046696448203
-57.4863916750251
-57.55869699547195
-57.486727673957816
-57.428457516658845
-57.407141091279975
-57.32906189955993
-57.33888697728738
-57.3300408079054
-57.26919982141927
-57.29148887110109
-57.29905497360702
-57.33020867054203
-57.25588797959351
-57.246242497383186
-57.26757830412937
-57.305637481418515
-57.300653554298606
-57.37330828227874
-57.43374423043843
-57.445548624973206
-57.447412764026105
-57.35631394360986
-57.34394336015555
-57.415994685231624
-57.318702842213646
-57.339075861579154
-57.31846286841476
-57.18079060786668
-57.219979068957464
-57.21583827990056
-57.16680538309635
-57.26695640618094
-57.29643354335809
-57.319675709219155
-57.431472267159165
-57.50674534681212
-57.51264686076301
-57.55966242289509
-57.510812128892645
-57.45786555040748
-57.37219766174125
-57.43134855783854
-57.391945633217084
-57.327095872399376
-57.44776002851247
-57.404791915473936
-57.34789997040768
-57.32014937349917
-57.29350450704159
-57.316618267751075
-57.322925700556986
-57.1835775000627
-57.27042294997545
-57.27989898900226
-57.321568609057955
-57.41987069501944
-57.442654228225855
-57.4954537964858
-57.47789507336167
-57.48545538677511
-57.533654798454485
-57.50275270523299
-57.52246632698371
-57.48261621481949
-57.408016268864216
-57.41264216746403
-57.262361465673976
-57.30598896616227
-57.226497707361304
-57.162168885289326
-57.15121709569611
-57.18795408733079
-57.20475449368613
-57.21063956391894
-57.20755260078419
-57.33788919965046
-57.41166795372449
-57.45348927791081
-57.513373744464516
-57.48719165763413
-57.54439606606514
-57.525264886403924
-57.44674637479049
-57.42582912298563
-57.36125884247297
-57.27773117691879
-57.16281574631159
-57.157857580521544
-57.254400023643235
-57.23032741091846
-57.08983176345333
-57.13998414905673
-57.13917871899174
-57.12535589853261
-57.19792162420225
-57.254010304402854
-57.324081749814454
-57.366792080323705
-57.3814849777189
-57.38542519304773
-57.39289611313039
-57.476394411689775
-57.4075266058498
-57.3496906682636
-57.446894185159785
-57.35665205348014
-57.310652312004144
-57.27796265911884
-57.20623048092547
-57.22177035486317
-57.20543398525411
-57.24912794204914
-57.23668722580789
-57.203336899709235
-57.340326223517366
-57.35698850816665
-57.329573124137326
-57.34656328231296
-57.318698748339315
-57.30093217970629
-57.29435462637997
-57.31541715525852
-57.44076755361486
-57.35352972226418
-57.26567803642605
-57.309401625804234
-57.36950214911063
-57.33038080177414
-57.23599505175575
-57.241764523736435
-57.19062526107448
-57.14404265753508
-57.14826065273086
-57.18498085576116
-57.178834005445076
-57.19389368712546
-57.28017153079954
-57.31240370575847
-57.292064921240936
-57.32336033918141
-57.39680242855258
-57.35437561517125
-57.410540401075615
-57.335279018924346
-57.369935105820524
-57.35633233379944
-57.29860995105982
-57.23462407598676
-57.23993216417403
-57.26567119242704
-57.211047743633294
-57.17478882768272
-57.18001538644884
-57.18231860434339
-57.1567436779946
-57.27699100739111
-57.28174555983612
-57.28121668484105
-57.31888133952743
-57.34716674267502
-57.24632686213021
-57.22764733213479
-57.22746212124673
-57.218579373438274
-57.26216515485418
-57.11240486679513
-57.17066922871129
-57.16777764406205
-57.17408450365555
-57.1945367518451
-57.16872966832792
-57.13821090404961
-57.11268442470725
-57.15140577708996
-57.230964200267316
-57.21829793174534
-57.16535682980581
-57.21753723552636
-57.276107735754195
-57.33413905998377
-57.36700513110084
-57.41880654536049
-57.359834225786436
-57.39572368213544
-57.416724163994864
-57.3906852479816
-57.34281186740615
-57.200009391146544
-57.1847119359544
-57.18892352618383
-57.19938679226164
-57.23154896935656
-57.20451319586003
-57.28946942092079
-57.38304241433765
-57.36947255731849
-57.324494467513546
-57.36803138008299
-57.403856485955906
-57.40189707761389
-57.317654354134206
-57.336568033741806
-57.34688964380363
-57.25838282869531
-57.22901356673758
-57.17857200503641
-57.12614683777252
-57.04971265658138
-57.025414762440676
-57.06164148618747
-57.149598549531355
-57.16346859722269
-57.095345891111116
-57.02992482978311
-57.08120113263733
-57.0801581973571
-57.24974972192052
-57.33095572928951
-57.22161969438038
-57.3393540139104
-57.38675057208645
-57.34037736833301
-57.29670529017954
-57.274548448860024
-57.27583047214387
-57.276662014946716
-57.21709962476532
-57.075782042272216
-56.98647421139304
-56.92151510472797
-56.91712859778581
-56.91075088392572
-56.840841912359785
-56.906824857275346
-57.04809380585378
-57.18708438108224
-57.13894617978877
-57.08559315093953
-57.27449928623967
-57.39543614850731
-57.33131638703293
-57.25484307182359
-57.245901998446584
-57.1752928511728
-57.16071482860982
-57.172403349147224
-57.150112809940815
-57.09863032612179
-57.110165152707786
-57.07937318432123
-57.061028885728994
-57.09471175698267
-57.13827097832884
-57.130732440469494
-57.274801598764384
-57.208612125144086
-57.233412449347895
-57.311861477913276
-57.347274348679534
-57.44268447318701
-57.386067671258374
-57.28336316396003
-57.1633687563969
-57.195105636988934
-57.19245856386874
-57.18330002028625
-57.00589173978404
-57.069613279174845
-57.10455773562279
-57.0065496719509
-57.044210498923704
-56.95164784776209
-56.972302647616196
-57.017611354964586
-57.06880902856232
-57.08500134596694
-57.131187638619444
-57.19140610434522
-57.29452133346966
-57.13221457440086
-57.12403727628449
-57.11323124717426
-57.10361876717046
-57.17487893394156
-57.157849742097724
-57.15084187577394
-57.166529060966305
-57.19697211139728
-57.135624209685275
-57.12929825298418
-57.00937719549831
-57.05050574883467
-57.054416321293914
-57.016714568738735
-57.080522127315646
-57.07902088948053
-57.039008923910146
-57.121314856482684
-57.125044559953565
-57.243652264074136
-57.238675935861274
-57.186492719249316
-57.21068193972908
-57.18596143533093
-57.225794394859065
-57.17851765110158
-57.07885419903915
-57.108326414437286
-57.037776453929254
-56.926730838070625
-57.03889738829257
-56.994015292188884
-56.98630058654663
-56.980710264335166
-56.992029361148965
-57.17258835425129
-57.200782142723156
-57.176716090114475
-57.17372731972449
-57.16198490303647
-57.06508969539783
-57.00468670716362
-57.002276068603635
-56.89217543315471
-56.976874319628806
-56.93888649286233
-56.930134352864755
-56.966834680767654
-56.955134468379605
-56.98813021442249
-56.96645765697497
-56.84132155253629
-56.836502632461055
-56.91033736471424
-56.93938642170017
-56.98313166528338
-57.01326315059119
-57.05662312841674
-57.04625853289958
-57.045416249385994
-57.05791544925013
-57.01685874633387
-56.97204851590614
-56.899252722738005
-56.9222669901882
-56.89439412509646
-56.930362787682334
-56.909015046089664
-56.89429526406533
-56.82306027948296
-56.75798699960326
-56.83076983778686
-56.79148699567132
-56.864218798633964
-56.9200207830573
-56.88909214699671
-56.98354783137761
-56.92604506031609
-57.011866584419
-57.05422122834231
-56.88360082269104
-56.957419320023895
-57.0386520738053
-57.092876586620555
-57.03837188168274
-56.94150515785166
-57.02986528248313
-57.02006896191843
-56.87486939397405
-56.78315454976653
-56.81070050646574
-56.884866418074964
-56.87382071378371
-56.89185088727898
-56.97385102047647
-57.073561217501755
-57.101375722349346
-57.03629644039757
-56.97560585506262
-57.00213955242528
-57.0379132688712
-57.01558090212472
-56.94492241247341
-56.83722853286047
-56.79208448770965
-56.68890975867055
-56.67622136965402
-56.6837059200775
-56.778382543833196
-56.79359039523297
-56.75012300797711
-56.88763908406325
-56.90325436857849
-56.91244672807377
-57.020757526843
-57.06999818898994
-57.042315989266974
-57.09142746011174
-57.17313934660158
-57.12695023801381
-57.037267137108756
-57.062687615229336
-57.10999499999333
-57.077351263718604
-57.084419624038176
-57.04490311703389
-57.03562665178812
-56.998308283181515
-56.9710418680275
-56.88255886424283
-56.88313619461923
-56.85952999727855
-56.840881853211
-56.862576294936794
-56.969129221516276
-56.97262277623812
-56.91252590171632
-56.88889074099965
-56.80849767033525
-56.856206049868824
-56.916406648504804
-56.87648749539102
-56.89366198783895
-56.9698117691409
-56.964833690691314
-56.979896603274376
-56.861543598343694
-56.82029334515052
-56.78337867335726
-56.818814008948436
-56.841053466175026
-56.679588284170855
-56.650758582063744
-56.63089706168672
-56.75347038366112
-56.82400543524561
-56.81763476790194
-56.83770037503116
-56.90761336468557
-56.86769514826808
-56.940675489426766
-56.974987449485305
-56.89499724079785
-56.78019852953971
-56.79643808693862
-56.74706415092005
-56.650723120939276
-56.739204277312815
