-58.904761898352675
-58.904761898352675
-58.89986031473881
-58.80946776380999
-58.906786378100975
-58.93846955484449
-59.0058238569114
-59.14333197231948
-59.335059890814755
-59.419701310260976
-59.583576588789846
-59.62733073081529
-59.57848735678439
-59.61293953055468
-59.53412132683253
-59.4015454953706
-59.2297854009425
-59.11515335538046
-58.936361540872966
-58.83472905446745
-58.750824763085646
-58.56147851896863
-58.60334883407761
-58.700888250350644
-58.80372130416522
-58.852379195118935
-58.924380426393824
-59.13498524572583
-59.23540719568582
-59.274591106426215
-59.3881791776524
-59.33796626380307
-59.32335591952351
-59.27629998051108
-59.30390121949277
-59.20380312503294
-59.071315794635055
-58.995280424243106
-58.90283737851568
-58.75419910332911
-58.65168752650696
-58.57098640505261
-58.499152296882926
-58.54403866804664
-58.64858883160919
-58.6864211364884
-58.803545013317944
-58.99008182566399
-59.049857905359836
-59.11261321497745
-59.24251913150739
-59.33715760839042
-59.30649930626531
-59.24691955815194
-59.24114771342117
-59.17645007261399
-58.94526666755791
-58.87892875440801
-58.69792827148489
-58.546121814322404
-58.36985892705745
-58.412038306952546
-58.5581700084257
-58.51410612297856
-58.5474062651743
-58.503509914681814
-58.68273365674228
-58.828891286384675
-58.897825523672125
-58.992362227177985
-58.9928574750047
-59.11020798839955
-59.19934998736851
-59.174304291691996
-59.110941980003695
-59.086284542864675
-58.91802433965446
-58.72652325377923
-58.60616022839869
-58.49893980246229
-58.471171334740916
-58.4152164124799
-58.39287714799737
-58.34295933745591
-58.44775295799563
-58.680080865823115
-58.71718914051749
-58.88789769769328
-58.929495729755665
-59.034179350576444
-59.103312917935995
-59.154232653135736
-59.05685176485276
-58.990035749261054
-58.960326170116886
-58.96784175419735
-58.85465830358507
-58.68810502613658
-58.48169743461556
-58.278623494650446
-58.23621154442707
-58.232422986314575
-58.17085706250563
-58.25880772904813
-58.250427617224325
-58.354482672760874
-58.50464671564295
-58.54316459744383
-58.718581702904594
-58.79693809991493
-58.955371568487166
-59.014753926237034
-58.98081344123842
-58.96150673413922
-58.97334158902873
-58.84602729946468
-58.68883874979948
-58.51245878598827
-58.3586639785534
-58.19267603383374
-58.056973040347934
-58.04359983031452
-58.06114603065414
-58.02585030543756
-58.1140779460842
-58.215095986489885
-58.306162607371796
-58.49669122150443
-58.627627366156744
-58.68812303513335
-58.796438090211716
-58.86710700436614
-58.90593024991357
-58.89753638617635
-58.79167705358468
-58.731962449719006
-58.64036237072513
-58.439466429807325
-58.324076493904535
-58.15382721011392
-58.10597879685822
-57.98284357562996
-57.89963525546871
-57.96969937591277
-57.98464453114035
-58.153545327274614
-58.221322285369084
-58.3332047403505
-58.52231097807024
-58.66961190124688
-58.577917641419084
-58.58082094912086
-58.54476453863391
-58.56539740508139
-58.535940088586514
-58.50864332342963
-58.42182741887403
-58.313072710479794
-58.1436196715827
-58.00044025724087
-58.012881949833734
-58.03576958877909
-57.87326733415967
-57.834413739473156
-58.003201454016235
-58.00096410561878
-58.09067534110568
-58.24542107434243
-58.38393241227162
-58.484665842687
-58.53895753570831
-58.5935813764893
-58.591377056479814
-58.60239549725346
-58.57129362378863
-58.37900812428259
-58.326674553808964
-58.12688018425883
-57.90738445606054
-57.91449302903258
-57.79603967862055
-57.783371425096405
-57.723267702704874
-57.70293584692344
-57.8754873310381
-57.955198138832436
-58.18829521234794
-58.4384847178028
-58.45861461686452
-58.599154043424804
-58.56937971726674
-58.52658506672377
-58.61487483803204
-58.65649379853615
-58.54738503519175
-58.52062029173471
-58.349158227237126
-58.0799450774142
-58.02679363624459
-57.84346644075624
-57.85054861344088
-57.784594860544686
-57.77539278902047
-57.76534275933626
-57.855201625076624
-57.87825001719065
-57.952017847856766
-58.07698790729505
-58.222768657469615
-58.34470697901352
-58.411540710639805
-58.43161502661398
-58.38936219022726
-58.316665734076004
-58.31136429682708
-58.15058945095921
-58.13193032704695
-58.113271203134694
-58.094612079222436
-58.07595295531018
-58.05729383139792
-58.03863470748566
-58.0199755835734
-58.00131645966115
-57.98265733574889
-57.96399821183663
-57.94533908792438
-57.92667996401211
-57.90802084009986
-57.8893617161876
-57.87070259227534
-57.852043468363085
-57.83338434445083
-57.81472522053857
-57.79606609662631
-57.77740697271405
-57.758747848801804
-57.74008872488954
-57.72142960097728
-57.70277047706502
-57.68411135315276
-57.66545222924051
-57.64679310532825
-57.62813398141599
-57.609474857503734
-57.59081573359148
-57.57215660967922
-57.55349748576696
-57.72662716983945
-57.842496123726285
-58.044175113369356
-58.00450893956433
-57.95953634314978
-57.95102382297522
-57.85471283895383
-57.77955163853562
-57.680810626261746
-57.647573604022114
-57.49430218945701
-57.21248546308369
-57.153076004746445
-57.200325415721814
-57.13043392047196
-57.02521438057631
-57.03759070193789
-57.17851520649607
-57.26851877929239
-57.47106511114791
-57.598044077534055
-57.564013149149396
-57.50969991134658
-57.47069207253822
-57.375358901824114
-57.17003248539412
-56.88671994186167
-56.4290444286952
-55.91221370031592
-55.02991490783592
-53.9795494029382
-52.86752415535412
-51.217508226566416
-49.03472975408483
-46.031856311704594
-41.987605097347156
-36.64226630590018
-29.465136356914684
-20.211604790996756
-8.909688795606588
1.9431768842161992
9.987125172926817
15.497627035964847
19.629321262340405
22.810813435254563
25.149239113305235
26.82825668087326
27.87695188203582
28.691353250442425
29.248266728048442
29.562586253217418
29.865816283548313
29.94344360963993
29.919320915368772
29.78111773589314
29.454912801016654
29.192794495629308
28.892815775183074
28.4200765306892
27.88467434516271
27.31345602082045
26.906253670798694
26.470057890130906
26.118723592024327
25.734311749890374
25.46252202605232
25.038005277156962
24.638353209143837
24.260700032738985
23.862158414725634
23.53570611200509
23.141367880259857
22.625171789257077
22.18189619639256
21.75518358954014
21.211332596582483
20.611624970043486
19.97296359335831
19.32859618545498
18.6530640129026
17.960531772606082
17.38926273005558
16.841400547560102
16.284394101151666
15.739777627372803
15.220574174547526
14.694367233709015
14.182247318407331
13.732796420721606
13.195620477004244
12.681067717316239
12.193282441577992
11.640938435244452
11.033289749049695
10.435214263416414
9.782764610898768
9.050854960722424
8.331611802880467
7.516538633856829
6.583763569159137
5.797689910933603
5.03043543950976
4.169656146028834
3.4128573974224112
2.5897896892939776
1.7664389596147256
1.0640271532418508
0.30061427757568315
-0.38085770869422464
-1.0792483025190636
-1.8459442630585252
-2.686971025027465
-3.569733538715174
-4.5027328175504255
-5.425457772939023
-6.396868725423433
-7.420082812764945
-8.457085390392065
-9.702897419959251
-10.850144534559568
-11.899869306947606
-13.078141212163045
-14.16317472533327
-15.236385195528053
-16.25961245805667
-17.42130623060772
-18.558058083549984
-19.537367453877827
-20.54669142922076
-21.53155119578613
-22.492446323496527
-23.469866894489062
-24.385149336486872
-25.320422784268054
-26.31797672740003
-27.41615402533787
-28.463913499086566
-29.624878843719443
-30.643017584805357
-31.733455033203636
-32.63993434078419
-33.58871980308793
-34.58169462746799
-35.42813212396588
-36.1940111118161
-36.9419502654794
-37.74203467222
-38.41607831993368
-39.024787794536664
-39.56653253804728
-40.09840715648769
-40.630788950588354
-41.231659458482
-41.875928049101944
-42.56738385685699
-43.165592480333174
-43.78733884049394
-44.39522653990123
-45.040658809602164
-45.72950452003696
-46.43872959485441
-47.10667098260886
-47.67483685030292
-48.13137927158482
-48.71073485496418
-49.142052106194576
-49.62119312306624
-49.98709196876008
-50.299433932146776
-50.621022260747345
-50.91818415777291
-51.257481053642636
-51.58650173863484
-51.932445858890944
-52.26638286836128
-52.65453774689687
-53.10999613426823
-53.552911802820944
-54.03578181027174
-54.69658303197806
-55.23056733655645
-55.630275683864966
-56.0237713590823
-56.33103203345422
-56.67837305192415
-56.94245968604054
-57.14215820037998
-57.31371959430617
-57.43887587154511
-57.622154974737754
-57.71592786841227
-57.849524077014685
-58.07229241409561
-58.268094301329775
-58.459708619404
-58.73283570848697
-58.977102482471665
-59.16443761647476
-59.442453161758735
-59.777146125275436
-60.20568873389787
-60.43924103358423
-60.66201428405613
-60.87677392654662
-60.98626699736306
-61.151166952684584
-61.34992657867486
-61.38017995011884
-61.44686058782241
-61.410289634007725
-61.42125073733693
-61.51743123249668
-61.63247840491059
-61.62048294449876
-61.716030498466665
-61.88907182416427
-62.051823243367764
-62.21886744220954
-62.47074422180669
-62.705951505470644
-62.95733716114407
-63.148815383359825
-63.208909594328595
-63.38269567338567
-63.438200831549594
-63.47688350607783
-63.54724508265853
-63.57666730727671
-63.46442919747474
-63.37430763100536
-63.374639955444614
-63.51695088564207
-63.453462289811426
-63.54941091913756
-63.56752490254941
-63.61706165715929
-63.82977146599025
-63.894283916754375
-64.04907704153712
-64.29127304888877
-64.4951719394281
-64.63085602096065
-64.7404864425294
-64.79057887861411
-64.79798821278273
-64.85054531792927
-64.82436085163822
-64.77835225924811
-64.72291747754976
-64.66004255436596
-64.59474845206717
-64.49434171865651
-64.33579640492376
-64.43611156181547
-64.54666976179497
-64.54122487414406
-64.5432913160923
-64.6771722306285
-64.85367075740785
-65.00177838460164
-65.16875122429602
-65.35782570892727
-65.41469266608532
-65.45778616240725
-65.45461948164173
-65.41030798600187
-65.41751025258019
-65.39328050656405
-65.34113729228467
-65.21159186512344
-65.18069894922185
-65.07648548863395
-65.09903394862084
-65.16540139875791
-65.22886483516015
-65.27586633050977
-65.29647625628178
-65.31593543409824
-65.40822416158272
-65.61939128507204
-65.73808557404465
-65.82110819304897
-65.93906938748069
-65.9990478414562
-65.94492287215296
-65.92552481621283
-65.93216826800793
-65.78780290720366
-65.77616752070861
-65.73874042850105
-65.60724722067292
-65.54087678572407
-65.37421854851313
-65.31550586229645
-65.4444871504866
-65.55998541725899
-65.64204387652063
-65.68688493284907
-65.77719294783547
-65.86046991226463
-65.99913308117951
-66.10105033091506
-66.21841958678448
-66.27892889769625
-66.311202062328
-66.29771651998729
-66.18457524101157
-66.13075910910453
-66.01409425176118
-65.85177992583483
-65.79372799287776
-65.75144988928459
-65.62315912710068
-65.64065103117645
-65.5894331950277
-65.55059718866507
-65.61232778747254
-65.66471390534012
-65.75403125793918
-65.82440121848077
-66.08784142414028
-66.21112513061563
-66.20152337415215
-66.21359304105185
-66.21784608873553
-66.22038388785106
-66.06610694985807
-66.0463704947752
-65.91533859841171
-65.74248567608856
-65.65319447974443
-65.58093264678178
-65.49207462292554
-65.54705505425878
-65.52118629105313
-65.59964587535421
-65.59900210338058
-65.67305909826953
-65.71683440404612
-65.81474855216939
-65.97531528928435
-66.1025075661497
-66.15313598460622
-66.12918687331239
-66.11615460713443
-66.14082485664852
-66.04141906876444
-65.92358243307869
-65.849236665656
-65.75181648559189
-65.56263065032452
-65.43744403371376
-65.36884741866047
-65.28492699478225
-65.31510699753383
-65.30137621111363
-65.38176674695003
-65.50423544500352
-65.6085042580776
-65.74220480032783
-65.90662766181352
-66.06454575770876
-66.02881895492666
-66.04464558131006
-66.10466043047043
-66.05516974821498
-65.89840642323246
-65.79564089692414
-65.72045738757404
-65.56614509197081
-65.40965152167881
-65.30602307942232
-65.20787235638527
-65.12109261593126
-64.99463523357787
-64.98797457618822
-65.17583354490118
-65.24288465232422
-65.37124702280286
-65.52459320888327
-65.60586551660886
-65.61173472185318
-65.63833675387465
-65.65494831074949
-65.64407850432683
-65.63622616115828
-65.61564803738446
-65.5279548836826
-65.32867802638253
-65.22632824245395
-65.09560638174108
-64.93061068483598
-64.9021848137524
-64.93006486686016
-64.80551508929713
-64.80106547839758
-64.86566530371314
-64.99546177315271
-65.21835477442906
-65.26169555989472
-65.30948428364536
-65.50835758740551
-65.47456078437231
-65.50321981259374
-65.52344398587283
-65.40852123879974
-65.28047300269283
-65.17863723070528
-65.0096475157777
-64.86603226523974
-64.85751712533761
-64.75510579028602
-64.69764140340313
-64.58149372155553
-64.57026098039753
-64.50486787029132
-64.6040254797717
-64.64348148615531
-64.6724452711186
-64.71493221500204
-64.80070346163726
-64.87575013866166
-64.92105794973368
-64.99595836912046
-64.94594669279385
-64.86666385811624
-64.79298368185202
-64.6973770887487
-64.61301331171015
-64.41143068128252
-64.29690872724717
-64.23674475280953
-64.21266453370184
-64.11858418804455
-64.08029028953334
-64.1424643651658
-64.25943957244291
-64.29153645389827
-64.37069493301806
-64.43822134996773
-64.44418063371107
-64.62622311229678
-64.62748598664169
-64.62254260396804
-64.56943381932555
-64.54516996188975
-64.44864427377101
-64.31134912665787
-64.24126320548356
-64.08126197318771
-63.966290950541904
-63.851322794581314
-63.77893516861229
-63.65332485780413
-63.695405176251896
-63.704103962759895
-63.67855154098308
-63.70513052745428
-63.783304914307806
-63.9281670713946
-64.0685274360135
-64.24805479259325
-64.2347278078184
-64.18628737441938
-64.1459911868349
-64.12011901068948
-64.09320721815806
-63.952270563559395
-63.854847906095266
-63.776737666988346
-63.649482019548536
-63.49482937427734
-63.41404915864624
-63.289732514886154
-63.268100173927834
-63.21309626312336
-63.34123997025112
-63.364553052149105
-63.460378720359174
-63.552191902769174
-63.736807051439435
-63.85675281676341
-63.870455601480316
-63.89797026271454
-63.86728587678704
-63.79137786819103
-63.69715202697902
-63.55496097265185
-63.38526705667337
-63.39915229427095
-63.18379384636576
-63.016684198239204
-62.91406172398683
-62.76452059175154
-62.74508624361595
-62.737529876901085
-62.78893979712052
-62.81546272357476
-62.898477070300075
-63.13019118267502
-63.14162798375822
-63.24071090625963
-63.409700216769615
-63.418880753943945
-63.429370981306924
-63.44393959921202
-63.31484765516632
-63.2442189326542
-63.07877841236125
-62.90847156581692
-62.725656371295145
-62.567544348803786
-62.464585169074994
-62.350996189536446
-62.3891676610183
-62.360435796572
-62.379712021359715
-62.42069338147065
-62.52178920704444
-62.72349328116165
-62.78205833613489
-62.885807353495764
-62.88090895181719
-62.90843468798682
-62.94636428286401
-62.903439908082426
-62.92845839444966
-62.76303325114712
-62.61354952386185
-62.52297498126839
-62.45093039417244
-62.30920151951401
-62.12354906984778
-62.078840120286024
-61.982460105521334
-61.930440857450655
-62.033364191495835
-62.078737942924974
-62.14747376269315
-62.27057440919328
-62.37039597117421
-62.461016613443086
-62.48785258083506
-62.57882022341151
-62.63018415584449
-62.47605883266913
-62.40186288065641
-62.30504700210178
-62.18466027786071
-62.01976716328629
-61.85911002983744
-61.786644999205414
-61.61407081415474
-61.50539930237322
-61.54408267419873
-61.54476997657579
-61.48255966872012
-61.653840199561486
-61.713510588067024
-61.81298644374881
-61.939918157787176
-62.01231221696863
-62.024919368605424
-62.04670165646773
-62.116205380405944
-62.01844030847391
-62.00332359891926
-61.9232601698976
-61.74766779182599
-61.573545952863476
-61.41114856090347
-61.2694069565753
-61.12441517768094
-61.09190430687742
-61.063122338297894
-61.051095391210545
-61.153351326700154
-61.25419483343538
-61.3923140178261
-61.54421604335495
-61.62882661890375
-61.732799297258516
-61.76000085582961
-61.7676852693041
-61.82130544005341
-61.78886836520353
-61.72332382216549
-61.5581951464498
-61.572785279965665
-61.33403927304555
-61.171319476339605
-61.07547900243163
-60.96046607223482
-60.87813754018734
-60.80518678477063
-60.87510269003876
-60.82100872535861
-60.85970568150512
-61.00519278760156
-61.20533345526022
-61.30168934470778
-61.293473176669906
-61.37152101583224
-61.40620347974954
-61.412498181464805
-61.39436924317427
-61.18752384220883
-61.04250217644777
-60.97574881083623
-60.896498528574995
-60.71385766822589
-60.53428881960744
-60.394055632615085
-60.29148862054394
-60.376275889994155
-60.41272811479443
-60.43142173494975
-60.41609010691874
-60.510407995050436
-60.65417792877575
-60.72105790755677
-60.80435069628808
-60.98838408661589
-61.029305417677506
-61.061060743700146
-61.07479520544761
-60.99194866693252
-60.88184434740874
-60.70830896287727
-60.50110437326209
-60.328979643808935
-60.24188329990523
-60.105522644016034
-60.170611614449314
-60.189545856934906
-60.14267046337795
-60.13041761154575
-60.20756749580018
-60.29495923602219
-60.27988514871481
-60.419068275784085
-60.543793781837365
-60.59832405842838
-60.61372607220479
-60.63704216677891
-60.69024718782005
-60.62431397980507
-60.52746211366289
-60.45756610789916
-60.241419084248484
-60.07954607748139
-60.02820839216784
-59.95669196922229
-59.86570274387989
-59.803563424619476
-59.846399201006385
-59.92477573639441
-59.91541474711067
-60.04759726784832
-60.18404970205143
-60.35134367887872
-60.467136093671535
-60.488788154915156
-60.51684691491825
-60.53997406293271
-60.45625239340373
-60.398388701412344
-60.316112206117964
-60.156876109968074
-59.99794794277549
-59.90011184405424
-59.7365278795266
-59.64219683741821
-59.61085050258741
-59.631590990678305
-59.70589085212499
-59.68489787547406
-59.7189478068292
-59.84418376781124
-59.877635320498094
-60.08019509329553
-60.20099746665226
-60.14848593001011
-60.14583594071087
-60.219998112431
-60.155857167710266
-60.101070550208995
-60.07242648872341
-59.94401239876007
-59.73325573440233
-59.643298201192
-59.56175999867699
-59.41713757703473
-59.35600892249322
-59.36065245691579
-59.36175796694758
-59.43227340447964
-59.58928416869306
-59.64701368126313
-59.80947107229942
-59.885078005259054
-59.884804616378375
-59.857526413221564
-59.92318123957942
-59.93477987063564
-59.9077479203822
-59.9156220975985
-59.754474821868364
-59.67712118577936
-59.48748920261237
-59.34306098328606
-59.30001637052697
-59.250531960307704
-59.10607749252499
-59.06472108674264
-59.07480753254368
-59.09417303239829
-59.24313555971576
-59.34157773305057
-59.49534021965454
-59.63497014617247
-59.71763695376161
-59.75677630482421
-59.85085431042576
-59.79403553176183
-59.798779694070014
-59.73707392066923
-59.69069458356793
-59.565288629161806
-59.395808197231155
-59.23336087266151
-59.181341161777695
-59.079890421572614
-58.995662184704045
-58.97589987347943
-58.97425903190061
-59.04185948901389
-59.09853710735596
-59.278923490045045
-59.427166194220725
-59.58162994108238
-59.61127462194918
-59.755982146402395
-59.71161481096437
-59.71585465772351
-59.71072287022763
-59.59232424592388
-59.46694037250687
-59.36746941770993
-59.30853673354428
-59.09439676092549
-59.01012826876282
-58.974552337122596
