-76.9043
-57.373
-42.7246
-37.5366
-32.0435
-28.3813
-23.4985
-20.1416
-14.3433
-9.76563
-7.01904
-18.9209
-18.9209
2.74658
27.771
38.4521
41.1987
40.8936
41.5039
41.8091
42.7246
43.0298
42.7246
42.1143
41.5039
39.6729
40.2832
40.8936
40.5884
40.8936
39.3677
38.7573
36.6211
37.8418
38.4521
37.8418
38.4521
37.8418
36.9263
35.0952
36.0107
36.3159
36.9263
36.3159
35.4004
34.79
33.2642
33.2642
33.5693
33.8745
33.5693
32.6538
31.7383
29.9072
31.1279
31.4331
31.4331
31.7383
31.1279
31.1279
30.5176
30.5176
32.0435
31.7383
31.4331
29.2969
28.3813
27.771
28.6865
28.6865
28.6865
28.9917
29.6021
28.9917
28.3813
29.2969
28.3813
28.0762
27.4658
27.771
26.8555
26.5503
27.1606
26.2451
26.5503
26.5503
25.9399
26.2451
25.9399
25.9399
25.9399
26.5503
26.5503
26.5503
25.6348
25.6348
25.9399
26.5503
25.6348
25.0244
24.7192
24.1089
25.0244
24.4141
25.0244
24.7192
24.7192
25.0244
24.7192
25.0244
25.0244
24.7192
23.8037
24.7192
24.4141
22.8882
23.4985
21.9727
23.1934
23.1934
23.4985
23.4985
24.4141
23.1934
22.8882
22.8882
22.583
21.6675
21.9727
20.1416
20.752
20.1416
20.752
21.6675
21.9727
21.9727
22.8882
23.1934
22.8882
22.583
21.6675
21.3623
20.1416
19.8364
20.752
20.752
20.752
21.0571
21.3623
21.0571
21.3623
20.752
20.1416
19.5313
19.8364
19.8364
20.4468
20.752
20.1416
21.3623
19.8364
20.1416
17.7002
17.395
16.1743
17.395
18.6157
18.6157
18.6157
18.3105
18.3105
18.6157
18.9209
19.5313
18.9209
19.2261
18.3105
19.2261
18.9209
18.6157
18.9209
18.9209
18.3105
17.7002
17.395
16.4795
16.4795
16.7847
16.7847
16.7847
16.7847
17.0898
16.7847
16.4795
16.4795
15.8691
16.4795
15.8691
15.2588
15.2588
14.3433
14.0381
13.7329
13.4277
13.1226
13.4277
13.1226
13.1226
12.8174
13.1226
14.0381
13.7329
14.3433
14.3433
14.3433
14.6484
15.2588
14.6484
14.6484
14.3433
13.4277
14.6484
13.4277
12.207
12.207
12.5122
12.8174
12.207
11.5967
10.6812
12.207
11.2915
12.5122
11.5967
11.9019
11.9019
11.5967
11.2915
10.9863
11.2915
9.76563
10.376
9.46045
9.76563
8.8501
8.8501
8.54492
9.46045
8.8501
10.0708
10.0708
11.2915
10.0708
10.9863
9.76563
9.46045
8.23975
7.93457
8.23975
7.62939
7.62939
6.71387
6.71387
6.71387
7.32422
7.62939
7.32422
7.62939
6.10352
6.10352
6.40869
5.79834
5.18799
6.10352
5.18799
4.88281
4.57764
4.57764
3.96729
3.66211
3.35693
3.05176
3.05176
3.96729
2.74658
3.96729
2.74658
4.57764
3.96729
4.57764
3.66211
3.66211
3.66211
3.35693
4.27246
2.44141
3.05176
1.83105
1.52588
1.83105
0.915527
0.915527
0.305176
0.305176
0
0.915527
0
0
0
-0.610352
-0.915527
-0.915527
-0.610352
-1.2207
-1.2207
-2.13623
-1.83105
-1.2207
-2.74658
-1.52588
-2.44141
-1.2207
-2.13623
-1.2207
-1.83105
-1.2207
-0.915527
-0.915527
-1.52588
-1.83105
-2.44141
-1.52588
-2.74658
-3.05176
-3.96729
-4.57764
-5.79834
-5.79834
-6.40869
-5.79834
-5.49316
-6.40869
-5.49316
-5.49316
-5.18799
-5.18799
-5.49316
-5.49316
-5.49316
-5.18799
-7.01904
-7.32422
-7.93457
-7.93457
-7.93457
-7.93457
-8.23975
-7.32422
-7.93457
-7.62939
-7.32422
-7.62939
-7.62939
-8.23975
-9.76563
-9.15527
-9.76563
-8.8501
-8.54492
-8.8501
-9.15527
-9.76563
-9.46045
-10.0708
-10.376
-10.0708
-11.2915
-11.2915
-12.207
-11.5967
-12.207
-11.2915
-12.5122
-12.207
-11.9019
-12.207
-12.5122
-13.1226
-12.5122
-13.1226
-13.4277
-13.4277
-14.3433
-13.1226
-14.9536
-14.3433
-15.2588
-13.7329
-14.6484
-14.9536
-14.9536
-14.6484
-14.6484
-14.9536
-14.0381
-14.6484
-14.3433
-14.3433
-14.6484
-15.564
-15.2588
-14.9536
-16.1743
-15.564
-16.4795
-16.7847
-17.0898
-17.395
-15.8691
-16.4795
-17.0898
-17.0898
-17.395
-16.7847
-17.7002
-18.3105
-19.2261
-18.6157
-20.752
-20.4468
-20.752
-20.4468
-20.4468
-20.4468
-20.752
-20.1416
-19.2261
-20.752
-19.5313
-18.6157
-19.5313
-19.5313
-19.8364
-19.5313
-20.1416
-20.752
-20.752
-21.9727
-21.3623
-22.2778
-22.2778
-22.2778
-22.2778
-22.2778
-22.2778
-22.8882
-22.583
-22.2778
-23.8037
-23.8037
-24.7192
-23.8037
-24.7192
-23.1934
-23.4985
-23.4985
-23.8037
-23.8037
-23.4985
-24.1089
-24.7192
-24.4141
-24.7192
-24.4141
-25.0244
-24.4141
-25.6348
-24.7192
-24.7192
-24.7192
-24.7192
-24.7192
-24.4141
-25.3296
-25.3296
-25.3296
-25.0244
-25.9399
-25.9399
-26.5503
-27.1606
-27.1606
-27.771
-27.4658
-28.0762
-27.771
-27.1606
-27.1606
-27.4658
-27.771
-27.4658
-27.4658
-27.1606
-27.4658
-28.9917
-28.3813
-28.9917
-29.6021
-30.2124
-30.2124
-30.5176
-30.8228
-30.2124
-31.1279
-30.8228
-31.1279
-31.1279
-31.4331
-30.5176
-31.1279
-31.4331
-30.8228
-31.4331
-30.8228
-30.8228
-31.7383
-31.1279
-32.0435
-32.3486
-32.3486
-32.0435
-32.959
-32.6538
-33.2642
-33.2642
-33.2642
-33.5693
-33.2642
-34.1797
-34.4849
-34.4849
-32.959
-33.5693
-32.6538
-32.959
-33.8745
-34.1797
-34.4849
-34.1797
-34.79
-35.0952
-36.0107
-36.6211
-36.0107
-35.7056
-34.79
-35.0952
-34.79
-34.4849
-34.79
-35.4004
-36.3159
-36.6211
-38.147
-37.2314
-38.4521
-37.5366
-38.4521
-37.5366
-37.5366
-37.2314
-36.9263
-37.5366
-37.5366
-37.2314
-37.2314
-36.9263
-37.5366
-37.2314
-37.5366
-37.5366
-37.2314
-37.5366
-37.8418
-39.0625
-37.8418
-38.4521
-39.3677
-39.0625
-39.0625
-38.7573
-39.6729
-38.7573
-39.0625
-39.3677
-39.6729
-39.3677
-39.6729
-39.978
-39.978
-40.2832
-40.2832
-40.8936
-42.1143
-42.1143
-43.0298
-43.0298
-43.335
-43.6401
-43.9453
-43.6401
-44.2505
-44.2505
-43.0298
-43.0298
-43.335
-43.335
-42.7246
-42.4194
-42.7246
-42.7246
-42.1143
-42.4194
-43.335
-43.0298
-43.9453
-43.9453
-44.5557
-44.5557
-44.5557
-45.7764
-45.166
-45.7764
-45.166
-44.5557
-44.8608
-44.2505
-44.5557
-44.2505
-45.4712
-44.8608
-45.7764
-45.4712
-47.6074
-47.6074
-47.9126
-47.9126
-47.3022
-46.9971
-46.9971
-46.9971
-46.3867
-45.7764
-46.6919
-45.4712
-47.3022
-47.9126
-48.2178
-47.3022
-47.9126
-46.6919
-47.3022
-47.6074
-48.2178
-47.6074
-47.6074
-48.8281
-49.4385
-49.1333
-48.5229
-48.5229
-49.7437
-49.1333
-49.1333
-48.8281
-48.2178
-48.5229
-49.4385
-49.7437
-50.0488
-50.354
-50.6592
-50.6592
-50.6592
-50.6592
-51.2695
-50.6592
-50.6592
-50.0488
-50.6592
-49.4385
-50.354
-50.0488
-50.0488
-50.354
-48.5229
-50.354
-50.0488
-50.9644
-50.354
-51.2695
-50.9644
-51.8799
-52.4902
-51.8799
-52.1851
-52.1851
-53.7109
-52.7954
-53.7109
-52.7954
-54.3213
-54.3213
-52.7954
-53.7109
-52.4902
-53.4058
-54.3213
-53.7109
-54.6265
-54.3213
-53.7109
-53.7109
-55.2368
-54.6265
-54.3213
-55.2368
-54.9316
-55.542
-55.8472
-55.8472
-55.2368
-53.7109
-54.6265
-54.6265
-54.9316
-53.1006
-55.2368
-55.2368
-56.1523
-56.1523
-58.8989
-58.5938
-57.6782
-56.7627
-56.1523
-55.8472
-55.542
-55.8472
-55.8472
-56.4575
-56.7627
-57.6782
-58.2886
-57.6782
-58.2886
-57.6782
-57.6782
-56.7627
-57.6782
-57.9834
-59.8145
-59.8145
-59.8145
-58.5938
-57.6782
-57.6782
-57.373
-57.0679
-57.9834
-57.373
-57.9834
-57.9834
-58.5938
-58.5938
-59.5093
-59.5093
-60.4248
-60.73
-61.0352
-61.0352
-61.0352
-61.6455
-61.6455
-60.1196
-60.4248
-60.4248
-61.3403
-59.8145
-61.0352
-60.73
-60.73
-60.73
-60.73
-61.0352
-61.6455
-62.2559
-61.3403
-61.0352
-61.0352
-61.0352
-61.3403
-61.3403
-61.3403
-60.4248
-61.3403
-60.4248
-61.3403
-61.3403
-61.6455
-62.2559
-62.8662
-62.2559
-62.2559
-61.9507
-62.8662
-62.8662
-63.1714
-62.2559
-63.1714
-62.561
-63.1714
-61.6455
-62.8662
-62.2559
-63.7817
-64.0869
-63.7817
-65.0024
-64.0869
-64.0869
-64.0869
-64.6973
-64.0869
-65.0024
-64.6973
-64.3921
-64.6973
-64.3921
-64.6973
-64.0869
-64.0869
-63.7817
-63.7817
-63.7817
-63.4766
-63.1714
-63.4766
-63.7817
-64.0869
-62.8662
-63.7817
-64.0869
-65.3076
-64.3921
-66.8335
-65.918
-67.1387
-66.8335
-66.5283
-66.8335
-65.6128
-65.6128
-64.6973
-64.6973
-64.6973
-65.3076
-64.0869
-65.3076
-65.918
-66.2231
-66.5283
-65.918
-66.8335
-66.5283
-66.2231
-66.5283
-65.918
-65.6128
-65.0024
-65.6128
-65.3076
-65.6128
-65.6128
-64.6973
-65.3076
-65.3076
-66.2231
-66.2231
-65.918
-66.8335
-66.8335
-66.5283
-67.1387
-67.4438
-68.0542
-67.749
-67.749
-67.1387
-68.0542
-67.1387
-67.4438
-66.8335
-67.1387
-66.8335
-67.749
-67.749
-67.749
-69.2749
-67.4438
-68.3594
-68.0542
-68.3594
-68.6646
-68.0542
-68.0542
-67.4438
-67.4438
-67.1387
-68.0542
-67.1387
-67.1387
-67.4438
-67.4438
-66.8335
-67.4438
-68.3594
-67.749
-69.5801
-69.5801
-68.6646
-70.1904
-68.9697
-72.0215
-70.8008
-71.106
-70.4956
-69.5801
-69.8853
-69.2749
-69.5801
-68.6646
-68.6646
-68.6646
-69.5801
-69.5801
-69.5801
-68.9697
-68.9697
-70.1904
-70.1904
-70.8008
-71.106
-71.4111
-70.8008
-70.4956
-70.1904
-69.5801
-69.8853
-69.2749
-69.2749
-68.9697
-68.6646
-70.1904
-69.8853
-70.4956
-71.7163
-72.0215
-71.7163
-72.0215
-72.3267
-72.6318
-72.3267
-71.4111
-71.7163
-71.4111
-70.4956
-71.106
-71.106
-71.4111
-71.106
-71.4111
-71.106
-72.3267
-72.6318
-72.0215
-72.937
-72.0215
-72.6318
-72.3267
-72.937
-72.3267
-72.0215
-72.3267
-71.7163
-72.6318
-72.0215
-72.937
-72.0215
-72.0215
-72.0215
-72.0215
-72.3267
-72.6318
-73.5474
-72.937
-73.8525
-73.2422
-73.2422
-73.8525
-74.1577
-74.4629
-72.6318
-73.5474
-72.937
-72.3267
-72.3267
-71.7163
-72.3267
-71.106
-71.7163
-71.4111
-71.4111
-72.3267
-72.0215
-72.3267
-72.3267
-72.3267
-71.7163
-72.0215
-72.0215
-72.0215
-72.6318
-72.937
-73.2422
-73.2422
-73.2422
-73.2422
-72.937
-73.8525
-72.6318
-73.2422
-72.937
-72.3267
-73.2422
-72.937
-73.5474
-73.2422
-73.2422
-72.6318
-73.8525
-74.1577
-74.7681
-74.1577
-73.8525
-72.6318
-72.3267
-72.3267
-72.3267
-72.3267
-72.0215
-72.0215
-73.8525
-72.937
-74.7681
-74.7681
-75.0732
-74.4629
-74.7681
-74.4629
-73.5474
-73.8525
-72.6318
-73.8525
-73.5474
-72.937
-73.2422
-74.1577
-74.1577
-74.1577
-74.4629
-74.1577
-75.6836
-75.3784
-75.3784
-75.9888
-75.3784
-76.2939
-75.3784
-75.0732
-74.7681
-74.7681
-74.7681
-74.4629
-75.0732
-74.7681
-74.7681
-74.7681
-74.4629
-74.7681
-74.7681
-75.9888
-75.3784
-75.9888
-74.1577
-74.7681
-75.0732
-75.3784
-74.7681
-74.7681
-74.4629
-74.7681
-74.1577
-73.8525
-73.8525
-74.7681
-74.4629
-74.1577
-74.4629
-75.0732
-75.3784
-75.0732
-75.3784
-75.3784
-75.6836
-75.3784
-75.0732
-74.7681
-75.9888
-74.7681
-75.6836
-75.6836
-75.9888
-75.9888
-75.3784
-75.9888
-75.0732
-75.0732
-75.9888
-75.3784
-75.0732
-74.7681
-75.6836
-74.7681
-75.6836
-74.7681
-75.3784
-75.0732
-74.7681
-75.9888
-75.9888
-75.9888
-75.0732
-75.9888
-74.7681
-75.6836
-75.3784
-75.9888
-76.2939
-75.3784
-77.2095
-76.5991
-77.8198
-76.2939
-78.125
-75.9888
-76.5991
-75.3784
-75.0732
-74.7681
-74.7681
-74.7681
-75.0732
-74.7681
-74.7681
-74.7681
-75.3784
-75.0732
-75.9888
-75.3784
-75.6836
-75.9888
-76.5991
-75.6836
-75.0732
-75.3784
-75.0732
-75.3784
-75.3784
-75.9888
-75.9888
-75.6836
-76.2939
-75.9888
-76.9043
-76.2939
-76.5991
-76.5991
-76.9043
-76.5991
-76.5991
-76.2939
-75.9888
-75.9888
-75.3784
-75.3784
-75.9888
-75.3784
-75.0732
-74.7681
-75.9888
-75.0732
-75.9888
-75.3784
-76.5991
-76.2939
-76.9043
-77.2095
-77.8198
-78.125
-78.125
-78.7354
-79.0405
-78.125
-77.5146
-77.2095
-77.2095
-76.9043
-76.5991
-75.9888
-76.2939
-76.9043
-76.5991
-76.5991
-76.9043
-77.2095
-77.2095
-78.4302
-77.8198
-77.8198
-78.125
-77.2095
-78.125
-76.2939
-76.9043
-75.6836
-76.9043
-75.3784
-75.6836
-75.9888
-75.6836
-76.2939
-76.2939
-77.2095
-78.4302
-78.125
-78.7354
-77.8198
-77.5146
-77.5146
-77.5146
-76.5991
-77.5146
-77.2095
-76.9043
-76.5991
-76.5991
-78.4302
-78.7354
-79.0405
-78.4302
-78.4302
-78.4302
-77.2095
-78.7354
-78.125
-78.7354
-77.5146
-77.8198
-77.5146
-77.8198
-78.125
-77.8198
-77.5146
-76.9043
-77.5146
-77.2095
-77.5146
-78.125
-77.8198
-79.3457
-79.0405
-79.6509
-78.4302
-79.3457
-79.6509
-79.0405
-78.7354
-78.4302
-79.0405
-78.4302
-78.7354
-78.125
-78.4302
-78.4302
-78.4302
-78.4302
-77.8198
-79.0405
-78.125
-79.0405
-77.5146
-78.4302
-78.4302
-77.5146
-77.2095
-77.2095
-77.5146
-76.9043
-76.5991
-75.9888
-76.5991
-77.2095
-76.2939
-76.9043
-76.9043
-77.8198
-77.5146
-78.4302
-78.4302
-79.3457
-79.6509
-80.2612
-79.6509
-79.6509
-78.7354
-78.4302
-78.4302
-77.8198
-77.2095
-77.5146
-76.9043
-77.5146
-77.2095
-79.0405
-79.0405
-79.3457
-79.0405
-79.9561
-79.6509
-78.4302
-78.7354
-77.5146
-77.8198
-77.2095
-77.2095
-77.2095
-75.9888
-78.7354
-78.4302
-79.3457
-78.4302
-78.125
-77.8198
-77.5146
-77.5146
-77.2095
-79.0405
-78.125
-78.4302
-78.7354
-79.3457
-79.3457
-79.3457
-78.7354
-78.7354
-79.0405
-78.4302
-78.125
-77.8198
-77.8198
-77.8198
-78.4302
-78.4302
-78.4302
-78.7354
-78.7354
-79.0405
-78.4302
-77.8198
-78.4302
-77.5146
-78.4302
-77.5146
-78.4302
-77.8198
-77.8198
-77.8198
-78.125
-78.125
-78.4302
-79.0405
-79.0405
-79.0405
-79.6509
-79.0405
-79.9561
-80.2612
-80.8716
-80.8716
-80.2612
-79.9561
-79.0405
-79.3457
-78.125
-78.7354
-78.125
-77.5146
-78.125
-76.2939
-77.2095
-76.9043
-78.4302
-77.5146
-78.4302
-77.8198
-78.125
-77.8198
-78.4302
-79.0405
-78.7354
-79.6509
-79.0405
-79.3457
-79.0405
-79.0405
-78.4302
-77.8198
-77.8198
-77.5146
-77.8198
-77.5146
-77.8198
-78.7354
-78.4302
-79.3457
-79.0405
-79.6509
-79.9561
-79.9561
-79.3457
-78.7354
-77.8198
-77.5146
-77.8198
-77.2095
-76.9043
-77.8198
-78.125
-78.125
-79.0405
-79.6509
-79.0405
-79.0405
-78.4302
-78.7354
-78.4302
-77.8198
-77.5146
-77.5146
-77.8198
-77.5146
-77.8198
-77.5146
-78.4302
-77.8198
-78.4302
-78.7354
-77.5146
-77.8198
-77.5146
-79.3457
-79.3457
-79.3457
-78.7354
-79.0405
-79.0405
-78.125
-78.4302
-77.8198
-77.8198
-78.4302
-76.5991
-77.5146
-77.2095
-77.5146
-77.2095
-77.5146
-77.5146
-78.125
-78.125
-78.4302
-78.7354
-78.125
-79.6509
-78.7354
-79.3457
-78.7354
-79.3457
-78.7354
-78.7354
-79.0405
-78.7354
-79.9561
-78.7354
-79.9561
-78.7354
-79.0405
-79.0405
-79.3457
-79.0405
-79.6509
-79.0405
-79.3457
-78.7354
-79.0405
-78.7354
-78.7354
-78.125
-78.7354
-77.5146
-77.8198
-78.125
-78.7354
-79.3457
-79.0405
-79.6509
-78.7354
-79.0405
-79.0405
-79.3457
-79.3457
-78.4302
-78.4302
-77.8198
-78.7354
-78.4302
-78.4302
-77.8198
-79.0405
-79.9561
-79.0405
-79.6509
-79.6509
-78.7354
-78.7354
-77.8198
-79.0405
-79.0405
-79.6509
-79.0405
-80.5664
-79.9561
-80.2612
-79.9561
-79.0405
-79.3457
-79.0405
-78.4302
-77.8198
-77.2095
-77.2095
-77.5146
-77.8198
-78.4302
-78.125
-77.8198
-78.125
-77.8198
-79.6509
-78.7354
-79.9561
-79.0405
-78.125
-78.7354
-78.4302
-78.4302
-77.8198
-78.4302
-77.8198
-78.4302
-77.5146
-78.125
-78.4302
-78.4302
-79.3457
-78.7354
-79.6509
-79.3457
-79.6509
-79.0405
-79.3457
-79.3457
-79.0405
-79.0405
-78.125
-78.4302
-78.7354
-78.4302
-78.7354
-78.7354
-79.6509
-79.3457
-79.6509
-80.2612
-80.5664
-79.9561
-80.5664
-81.1768
-80.5664
-80.2612
-80.8716
-79.6509
-79.6509
-79.6509
-79.3457
-79.3457
-78.7354
-77.8198
-79.0405
-78.7354
-79.3457
-79.3457
-80.5664
-80.8716
-81.7871
-81.1768
-81.4819
-81.4819
-80.8716
-80.2612
-80.2612
-79.0405
-79.0405
-79.3457
-78.4302
-78.4302
-79.0405
-78.7354
-79.6509
-80.8716
-80.8716
-81.1768
-79.9561
-80.2612
-79.9561
-79.6509
-80.5664
-79.3457
-80.5664
-79.6509
-81.1768
-80.2612
-81.1768
-79.9561
-79.6509
-79.3457
-79.3457
-79.3457
-79.6509
-79.0405
-79.6509
-79.9561
-80.5664
-79.6509
-80.2612
-79.9561
-80.5664
-80.2612
-79.3457
-79.9561
-78.7354
-79.6509
-79.0405
-79.0405
-78.7354
-78.4302
-78.7354
-78.125
-78.7354
-77.8198
-79.0405
-78.4302
-79.6509
-79.3457
-79.3457
-79.9561
-80.8716
-79.9561
-80.2612
-79.9561
-79.9561
-79.3457
-79.0405
-79.6509
-79.9561
-79.6509
-80.8716
-80.2612
-81.4819
-80.8716
-81.4819
-81.1768
-81.7871
-82.0923
-80.5664
-81.4819
-79.9561
-80.2612
-79.3457
-79.9561
-79.3457
-78.7354
-79.0405
-78.4302
-79.0405
-78.7354
-79.0405
-78.7354
-79.0405
-79.6509
-79.3457
-80.2612
-80.8716
-80.8716
-81.7871
-81.4819
-81.7871
-80.5664
-80.5664
-79.9561
-79.9561
-78.7354
-79.0405
-79.0405
-79.3457
-79.9561
-80.2612
-80.5664
-80.5664
-81.7871
-81.1768
-81.1768
-80.8716
-79.9561
-79.9561
-79.3457
-79.0405
-79.0405
-78.7354
-79.6509
-79.6509
-79.9561
-79.6509
-79.6509
-78.7354
-79.0405
-78.7354
-79.0405
-79.0405
-79.3457
-79.0405
-79.3457
-80.2612
-79.9561
-79.9561
-79.3457
-79.3457
-79.3457
-79.3457
-78.7354
-78.7354
-78.7354
-77.8198
-78.7354
-78.7354
-78.7354
-79.6509
-79.3457
-79.0405
-79.3457
-79.6509
-79.3457
-79.0405
-79.3457
-78.125
-78.7354
-77.8198
-78.7354
-78.4302
-78.7354
-78.125
-78.4302
-78.7354
-78.4302
-79.3457
-79.3457
-79.6509
-80.2612
-80.2612
-80.8716
-81.1768
-80.8716
-80.8716
-80.5664
-79.9561
-79.6509
-79.0405
-79.0405
-78.4302
-78.125
-78.125
-77.8198
-78.7354
-78.7354
-78.7354
-78.7354
-78.125
-78.7354
-77.8198
-79.3457
-78.7354
-79.3457
-79.0405
-79.6509
-79.6509
-79.9561
-79.0405
-79.0405
-78.125
-78.125
-77.8198
-77.5146
-77.5146
-78.7354
-77.8198
-79.6509
-79.0405
-80.8716
-80.5664
-80.5664
-80.8716
-79.3457
-79.3457
-78.4302
-78.125
-77.5146
-77.5146
-77.5146
-78.4302
-78.4302
-79.3457
-80.2612
-79.6509
-79.6509
-78.4302
-79.0405
-78.7354
-78.7354
-78.4302
-77.5146
-78.4302
-77.8198
-78.4302
-78.4302
-77.5146
-77.8198
-77.2095
-77.5146
-77.8198
-78.4302
-78.4302
-78.4302
-77.8198
-78.7354
-78.7354
-78.7354
-79.3457
-78.7354
-78.4302
-78.125
-77.8198
-78.7354
-77.2095
-78.125
-77.8198
-77.5146
-77.5146
-76.9043
-77.5146
-77.2095
-77.8198
-78.7354
-78.4302
-78.4302
-78.7354
-79.0405
-78.4302
-79.0405
-78.4302
-78.7354
-78.4302
-79.0405
-79.0405
-79.3457
-79.6509
-79.0405
-79.3457
-79.0405
-79.0405
-78.7354
-78.7354
-79.6509
-78.7354
-79.3457
-78.7354
-78.7354
-78.4302
-78.125
-78.125
-77.8198
-77.5146
-77.2095
-77.8198
-78.125
-78.4302
-79.0405
-78.4302
-79.3457
-78.7354
-79.0405
-78.4302
-78.7354
-77.8198
-78.125
-77.5146
-78.125
-77.5146
-77.5146
-78.125
-77.8198
-78.4302
-78.7354
-79.0405
-79.0405
-77.8198
-77.5146
-77.5146
-78.4302
-78.125
-78.7354
-79.3457
-79.0405
-80.2612
-79.6509
-80.5664
-79.3457
-77.8198
-78.4302
-77.2095
-77.8198
-76.5991
-78.125
-76.9043
-77.2095
-77.8198
-77.8198
-78.125
-77.8198
-77.8198
-77.8198
-78.4302
-77.8198
-77.2095
-77.2095
-77.8198
-78.125
-77.5146
-77.8198
-77.2095
-77.8198
-77.8198
-76.5991
-77.8198
-77.5146
-77.8198
-77.8198
-78.4302
-78.7354
-79.3457
-79.0405
-79.0405
-79.0405
-78.7354
-79.0405
-77.8198
-78.4302
-78.125
-77.5146
-77.8198
-76.9043
-78.4302
-77.5146
-78.7354
-77.8198
-79.0405
-78.7354
-79.3457
-80.8716
-80.5664
-81.1768
-79.3457
-79.6509
-79.0405
-79.0405
-78.4302
-78.125
-78.4302
-78.125
-78.4302
-77.8198
-78.125
-78.4302
-78.7354
-79.3457
-79.3457
-80.2612
-79.9561
-80.8716
-81.1768
-80.5664
-79.9561
-79.0405
-79.0405
-78.7354
-78.7354
-78.4302
-77.2095
-78.125
-77.8198
-78.7354
-78.7354
-79.6509
-79.3457
-79.0405
-78.7354
-79.3457
-79.0405
-78.7354
-79.3457
-78.7354
-78.7354
-79.0405
-79.3457
-79.9561
-79.6509
-78.7354
-78.7354
-79.0405
-78.7354
-79.6509
-79.0405
-78.7354
-79.0405
-79.3457
-79.3457
-79.6509
-79.3457
-79.0405
-79.0405
-78.4302
-78.4302
-78.4302
-78.125
-77.8198
-77.5146
-78.4302
-78.125
-78.4302
-77.5146
-77.8198
-78.125
-77.8198
-79.0405
-79.3457
-78.7354
-79.6509
-78.125
-79.0405
-78.4302
-79.3457
-77.8198
-78.4302
-78.7354
-77.8198
-78.4302
-77.5146
-77.8198
-77.8198
-79.3457
-78.4302
-79.0405
-79.3457
-78.4302
-79.9561
-79.0405
-80.8716
-79.3457
-80.8716
-79.6509
-79.9561
-79.3457
-79.9561
-79.0405
-79.0405
-79.0405
-78.4302
-78.4302
-78.7354
-78.125
-78.7354
-77.8198
-79.3457
-77.8198
-79.3457
-79.3457
-79.0405
-79.9561
-79.6509
-79.9561
-80.5664
-79.6509
-79.3457
-79.6509
-79.6509
-79.0405
-78.7354
-78.4302
-78.4302
-79.0405
-79.3457
-79.3457
-79.3457
-79.6509
-79.9561
-80.8716
-79.9561
-79.3457
-78.4302
-78.7354
-78.4302
-77.2095
-77.8198
-77.5146
-78.4302
-79.0405
-79.3457
-79.0405
-79.6509
-79.6509
-79.0405
-79.6509
-79.6509
-79.3457
-80.2612
-79.6509
-79.3457
-79.0405
-79.3457
-79.0405
-78.4302
-78.4302
-79.0405
-79.0405
-79.0405
-79.0405
-79.3457
-79.9561
-79.0405
-79.6509
-79.3457
-79.9561
-79.0405
-79.3457
-79.3457
-79.0405
-79.0405
-78.7354
-78.7354
-78.4302
-78.4302
-78.125
-77.8198
-77.8198
-78.4302
-78.4302
-78.4302
-78.7354
-79.0405
-78.7354
-79.3457
-79.0405
-79.0405
-79.0405
-79.3457
-78.7354
-77.5146
-78.4302
-78.7354
-79.0405
-78.4302
-78.7354
-80.5664
-79.9561
-81.1768
-79.9561
-80.2612
-79.9561
-79.6509
-79.0405
-79.0405
-79.3457
-78.4302
-78.4302
-77.5146
-78.7354
-77.5146
-77.8198
-78.7354
-78.7354
-79.9561
-78.7354
-79.6509
-79.3457
-79.0405
-79.6509
-78.7354
-79.9561
-77.5146
-79.0405
-79.3457
-79.3457
-78.7354
-79.3457
-79.9561
-79.6509
-79.9561
-78.4302
-78.4302
-77.5146
-78.4302
-78.7354
-78.4302
-79.0405
-79.3457
-79.6509
-79.3457
-80.2612
-80.5664
-79.9561
-79.6509
-79.3457
-79.0405
-78.7354
-79.0405
-78.7354
-78.7354
-79.0405
-78.7354
-78.7354
-78.7354
-79.6509
-79.3457
-80.2612
-79.9561
-80.2612
-80.5664
-79.3457
-80.8716
-80.5664
-79.3457
-79.9561
-79.3457
-79.3457
-78.7354
-79.3457
-79.0405
-78.7354
-78.4302
-78.4302
-78.7354
-79.0405
-79.6509
-78.7354
-79.3457
-79.0405
-78.4302
-77.8198
-77.5146
-78.4302
-77.8198
-79.0405
-77.5146
-77.2095
-77.5146
-77.2095
-77.8198
-77.2095
-78.7354
-77.8198
-78.7354
-78.4302
-79.3457
-81.4819
-79.6509
-81.1768
-81.1768
-80.2612
-79.9561
-80.5664
-79.3457
-79.0405
-77.8198
-77.8198
-77.8198
-77.5146
-77.2095
-77.8198
-78.4302
-78.4302
-78.7354
-78.7354
-79.0405
-79.9561
-79.9561
-79.9561
-78.7354
-77.8198
-77.8198
-77.2095
-77.8198
-77.5146
-78.4302
-78.4302
-78.4302
-79.0405
-79.3457
-79.9561
-79.3457
-79.3457
-79.0405
-79.6509
-78.7354
-78.7354
-78.7354
-78.7354
-79.0405
-78.4302
-79.0405
-79.6509
-79.0405
-79.0405
-79.0405
-79.0405
-78.125
-79.0405
-79.0405
-79.0405
-79.0405
-79.3457
-79.6509
-79.0405
-78.7354
-79.0405
-79.6509
-79.0405
-79.3457
-79.0405
-79.0405
-78.4302
-78.7354
-78.4302
-78.7354
-79.6509
-79.0405
-79.3457
-79.0405
-79.0405
-79.6509
-79.9561
-79.6509
-79.9561
-79.3457
-79.0405
-78.7354
-78.4302
-78.125
-78.7354
-77.5146
-78.125
-76.5991
-77.5146
-77.2095
-77.2095
-77.2095
-77.2095
-77.2095
-77.5146
-78.125
-77.2095
-77.8198
-77.8198
-77.8198
-77.8198
-78.4302
-78.4302
-79.3457
-78.7354
-78.4302
-78.4302
-77.5146
-77.5146
-77.8198
-77.5146
-78.4302
-78.4302
-77.2095
-77.8198
-77.8198
-78.125
-77.8198
-78.4302
-78.7354
-78.7354
-79.6509
-78.125
-78.125
-77.5146
-77.5146
-76.9043
-76.5991
-76.9043
-76.5991
-76.9043
-76.9043
-78.7354
-79.0405
-80.5664
-79.6509
-79.9561
-78.4302
-78.4302
-78.125
-77.5146
-78.125
-76.2939
-77.2095
-77.2095
-79.0405
-78.7354
-78.7354
-79.6509
-79.0405
-79.9561
-79.3457
-80.5664
-79.9561
-79.9561
-79.3457
-79.6509
-79.9561
-79.3457
-79.0405
-78.7354
-79.3457
-78.4302
-78.7354
-78.4302
-77.8198
-78.7354
-78.4302
-79.0405
-78.7354
-79.3457
-79.0405
-79.3457
-79.9561
-80.2612
-80.2612
-79.6509
-79.0405
-78.7354
-79.3457
-79.3457
-78.7354
-79.0405
-78.7354
-79.0405
-78.125
-78.7354
-79.0405
-79.3457
-78.4302
-79.0405
-78.4302
-78.4302
-77.5146
-78.4302
-77.5146
-77.5146
-77.2095
-77.2095
-76.5991
-77.2095
-77.2095
-76.9043
-77.2095
-77.5146
-78.7354
-77.2095
-79.0405
-78.7354
-79.6509
-78.7354
-79.0405
-79.6509
-78.4302
-79.0405
-78.125
-77.8198
-77.5146
-77.2095
-77.5146
-77.8198
-77.8198
-78.125
-79.3457
-79.3457
-79.6509
-79.9561
-78.7354
-79.3457
-78.125
-79.0405
-78.4302
-78.7354
-77.5146
-78.125
-78.4302
-78.4302
-79.0405
-78.4302
-77.8198
-77.5146
-77.5146
-76.9043
-77.2095
-76.5991
-76.5991
-77.8198
-77.5146
-77.8198
-77.5146
-78.7354
-79.3457
-79.3457
-79.3457
-79.0405
-79.0405
-78.4302
-77.8198
-78.4302
-78.125
-78.4302
-77.8198
-79.0405
-79.3457
-79.6509
-79.0405
-79.6509
-79.0405
-78.7354
-79.0405
-77.8198
-78.7354
-78.7354
-78.4302
-77.5146
-77.5146
-77.8198
-78.4302
-78.4302
-78.125
-79.0405
-78.7354
-78.7354
-79.0405
-79.0405
-80.5664
-79.3457
-80.8716
-79.0405
-79.6509
-79.6509
-79.0405
-78.7354
-78.4302
-77.5146
-77.5146
-78.125
-77.2095
-77.5146
-77.8198
-77.8198
-78.4302
-78.4302
-78.4302
-79.3457
-78.7354
-78.7354
-79.0405
-79.9561
-78.7354
-79.0405
-78.4302
-78.4302
-78.7354
-77.8198
-78.125
-77.2095
-76.9043
-76.9043
-77.2095
-77.8198
-77.8198
-78.7354
-79.3457
-79.6509
-79.9561
-81.1768
-79.0405
-79.0405
-79.0405
-77.8198
-77.8198
-77.5146
-77.2095
-77.5146
-78.125
-78.4302
-79.0405
-79.6509
-79.0405
-78.7354
-77.8198
-78.7354
-77.8198
-77.8198
-77.8198
-77.8198
-78.4302
-77.5146
-78.4302
-77.8198
-79.0405
-77.5146
-77.8198
-77.2095
-78.4302
-78.125
-78.4302
-79.0405
-78.7354
-78.125
-79.0405
-78.7354
-79.6509
-79.0405
-79.6509
-79.3457
-78.7354
-78.7354
-78.4302
-78.4302
-77.8198
-77.8198
-78.4302
-78.7354
-78.7354
-78.125
-79.3457
-79.0405
-79.6509
-79.0405
-79.6509
-80.2612
-79.6509
-78.7354
-79.3457
-79.6509
-79.0405
-79.6509
-79.0405
-78.7354
-79.0405
-78.4302
-78.7354
-78.125
-77.5146
-77.5146
-78.4302
-78.4302
-79.0405
-79.3457
-78.4302
-79.0405
-78.7354
-79.3457
-79.6509
-79.0405
-79.3457
-79.0405
-79.6509
-78.4302
-79.9561
-79.0405
-78.7354
-78.7354
-77.8198
-77.8198
-78.125
-78.4302
-77.8198
-78.4302
-78.125
-78.4302
-78.7354
-79.3457
-79.9561
-79.3457
-79.6509
-78.7354
-78.7354
-77.8198
-78.4302
-78.4302
-78.4302
-78.4302
-77.8198
-78.4302
-79.9561
-79.9561
-81.1768
-79.9561
-80.5664
-78.7354
-78.4302
-78.7354
-78.125
-78.4302
-78.125
-78.125
-77.8198
-78.7354
-77.8198
-78.4302
-78.4302
-79.0405
-78.7354
-78.7354
-79.0405
-78.7354
-79.0405
-78.7354
-78.4302
-78.7354
-78.7354
-78.7354
-78.125
-79.0405
-78.7354
-78.7354
-78.7354
-78.7354
-79.3457
-79.0405
-79.6509
-78.7354
-80.2612
-79.6509
-80.2612
-79.9561
-80.8716
-81.1768
-79.6509
-80.8716
-79.9561
-80.2612
-79.6509
-79.6509
-79.3457
-79.3457
-80.5664
-78.125
-79.3457
-79.3457
-78.7354
-79.0405
-79.0405
-79.3457
-78.7354
-79.0405
-79.0405
-78.7354
-79.0405
-78.4302
-78.4302
-77.8198
-79.0405
-78.4302
-79.6509
-79.6509
-79.9561
-80.5664
-80.2612
-79.9561
-79.6509
-79.9561
-79.6509
-79.3457
-80.2612
-79.3457
-78.7354
-78.4302
-79.0405
-79.0405
-79.6509
-79.6509
-80.2612
-79.6509
-79.0405
-79.0405
-78.4302
-79.0405
-78.125
-78.4302
-78.7354
-78.4302
-80.5664
-80.2612
-81.1768
-79.9561
-80.2612
-79.0405
-79.0405
-78.4302
-78.7354
-79.0405
-78.4302
-78.7354
-78.125
-78.4302
-79.6509
-79.6509
-80.5664
-79.6509
-80.8716
-79.6509
-79.9561
-80.2612
-79.9561
-79.6509
-79.3457
-79.3457
-79.3457
-79.3457
-78.7354
-79.3457
-79.0405
-78.7354
-79.3457
-78.7354
-79.3457
-79.0405
-79.9561
-79.3457
-80.2612
-79.6509
-80.2612
-79.9561
-79.9561
-80.2612
-79.6509
-79.9561
-79.3457
-79.6509
-79.6509
-79.3457
-80.5664
-79.3457
-80.5664
-79.6509
-80.5664
-79.6509
-79.6509
-80.2612
-79.6509
-79.6509
-79.3457
-79.3457
-78.125
-79.0405
-77.5146
-78.125
-78.4302
-77.5146
-78.125
-77.8198
-78.4302
-78.7354
-78.4302
-78.7354
-79.3457
-80.2612
-80.2612
-80.2612
-80.5664
-79.6509
-80.2612
-78.125
-79.0405
-77.8198
-78.4302
-78.125
-78.4302
-78.7354
-79.0405
-79.9561
-80.2612
-81.4819
-80.2612
-79.9561
-79.9561
-79.9561
-79.3457
-79.0405
-79.0405
-78.7354
-78.7354
-79.6509
-79.3457
-79.6509
-79.0405
-79.0405
-78.4302
-78.125
-77.5146
-77.5146
-77.2095
-78.125
-79.0405
-78.7354
-79.0405
-79.3457
-80.5664
-79.6509
-80.5664
-79.6509
-79.9561
-79.9561
-79.0405
-79.3457
-79.6509
-79.3457
-79.3457
-79.3457
-79.6509
-79.6509
-79.6509
-79.3457
-79.3457
-79.6509
-79.6509
-79.9561
-79.3457
-79.3457
-78.7354
-79.9561
-78.4302
-79.3457
-78.7354
-79.3457
-78.7354
-78.4302
-78.7354
-79.3457
-79.9561
-79.6509
-79.6509
-81.1768
-79.6509
-81.1768
-80.2612
-80.2612
-79.9561
-79.9561
-79.3457
-79.0405
-78.4302
-78.4302
-79.3457
-78.125
-77.8198
-78.4302
-78.4302
-79.3457
-79.3457
-79.3457
-79.0405
-79.9561
-79.9561
-80.5664
-80.2612
-80.8716
-80.2612
-79.6509
-79.0405
-78.7354
-79.0405
-79.0405
-78.125
-78.125
-77.8198
-78.125
-78.125
-79.0405
-80.2612
-80.5664
-80.5664
-80.2612
-81.1768
-80.2612
-80.2612
-79.3457
-79.3457
-79.0405
-78.7354
-78.125
-78.4302
-80.2612
-79.9561
-80.5664
-79.9561
-79.6509
-79.9561
-79.9561
-79.3457
-79.0405
-79.3457
-79.0405
-79.0405
-79.6509
-78.7354
-79.6509
-79.0405
-79.6509
-78.4302
-78.7354
-78.4302
-78.7354
-79.6509
-79.3457
-79.6509
-79.0405
-79.6509
-79.9561
-79.9561
-80.8716
-79.3457
-80.8716
-79.6509
-79.6509
-79.3457
-79.6509
-79.6509
-78.7354
-79.0405
-79.3457
-79.0405
-79.3457
-79.6509
-80.2612
-80.2612
-79.9561
-79.9561
-80.5664
-79.9561
-80.2612
-80.5664
-80.5664
-80.2612
-80.5664
-79.9561
-79.6509
-78.7354
-79.3457
-78.4302
-78.7354
-79.0405
-79.3457
-77.8198
-78.4302
-78.4302
-79.3457
-79.9561
-79.6509
-80.2612
-79.0405
-79.6509
-79.9561
-79.9561
-80.5664
-79.9561
-80.2612
-79.6509
-79.9561
-79.3457
-79.0405
-79.0405
-79.6509
-79.3457
-78.7354
-78.7354
-78.4302
-79.3457
-78.7354
-79.3457
-79.9561
-79.6509
-79.9561
-79.3457
-79.6509
-78.7354
-79.0405
-78.4302
-78.4302
-78.7354
-78.4302
-79.0405
-79.3457
-80.8716
-80.2612
-81.1768
-80.2612
-79.9561
-80.5664
-79.3457
-79.9561
-79.0405
-79.0405
-78.125
-79.0405
-79.0405
-78.4302
-78.125
-78.7354
-79.0405
-78.7354
-79.3457
-80.2612
-79.6509
-79.6509
-79.6509
-79.6509
-78.7354
-79.3457
-79.0405
-79.3457
-79.0405
-79.3457
-78.7354
-78.7354
-79.9561
-79.0405
-79.0405
-79.0405
-79.0405
-79.9561
-79.9561
-80.5664
-80.2612
-80.8716
-79.9561
-80.8716
-81.1768
-80.2612
-80.8716
-81.1768
-80.5664
-80.2612
-79.3457
-80.2612
-79.3457
-79.9561
-79.0405
-79.3457
-79.3457
-79.0405
-79.9561
-79.6509
-79.0405
-79.3457
-79.0405
-78.4302
-77.8198
-78.7354
-79.0405
-79.0405
-77.8198
-79.3457
-79.0405
-79.6509
-79.9561
-80.5664
-80.8716
-79.9561
-80.8716
-79.6509
-79.9561
-79.0405
-79.9561
-79.3457
-79.6509
-79.6509
-79.0405
-79.6509
-79.6509
-80.8716
-79.9561
-81.1768
-79.6509
-79.0405
-78.7354
-78.125
-78.7354
-78.7354
-79.3457
-79.6509
-80.2612
-79.9561
-80.5664
-81.4819
-79.9561
-79.9561
-78.4302
-78.4302
-79.3457
-78.125
-79.9561
-78.4302
-79.9561
-78.7354
-79.9561
-79.9561
-80.2612
-80.8716
-80.5664
-82.0923
-81.1768
-80.8716
-80.8716
-80.5664
-79.9561
-80.5664
-79.6509
-79.0405
-79.0405
-79.0405
-79.0405
-79.6509
-78.7354
-79.6509
-79.0405
-79.6509
-79.3457
-80.8716
-80.2612
-80.2612
-79.9561
-80.2612
-80.2612
-79.9561
-79.9561
-80.2612
-80.8716
-80.5664
-80.5664
-79.9561
-80.2612
-80.2612
-80.2612
-80.2612
-79.6509
-80.2612
-80.2612
-79.9561
-80.2612
-80.2612
-79.9561
-79.0405
-79.0405
-78.7354
-79.3457
-78.4302
-78.7354
-78.7354
-77.5146
-79.0405
-78.4302
-79.6509
-79.9561
-79.9561
-81.1768
-81.1768
-80.5664
-79.9561
-80.5664
-80.2612
-79.9561
-79.6509
-78.7354
-78.7354
-78.4302
-79.0405
-78.4302
-79.3457
-80.2612
-80.8716
-80.2612
-80.2612
-80.2612
-79.0405
-79.6509
-79.9561
-79.6509
-79.6509
-80.2612
-79.9561
-80.2612
-81.1768
-80.8716
-80.2612
-79.3457
-79.6509
-78.7354
-78.7354
-77.8198
-78.125
-79.0405
-78.7354
-80.2612
-80.5664
-79.6509
-81.4819
-79.9561
-81.7871
-81.7871
-81.1768
-80.8716
-80.8716
-81.4819
-79.6509
-81.1768
-79.9561
-80.8716
-80.5664
-81.1768
-81.1768
-81.4819
-81.4819
-81.4819
-81.7871
-81.1768
-81.4819
-81.7871
-81.4819
-81.1768
-80.5664
-80.8716
-79.9561
-80.5664
-80.5664
-80.2612
-80.5664
-80.2612
-80.2612
-79.3457
-79.9561
-80.2612
-80.8716
-81.1768
-80.2612
-81.1768
-79.9561
-80.2612
-80.5664
-80.2612
-79.9561
-79.6509
-79.6509
-79.0405
-79.9561
-79.6509
-80.2612
-80.2612
-80.2612
-81.7871
-81.1768
-81.7871
-82.3975
-82.0923
-81.1768
-80.5664
-80.2612
-80.5664
-79.6509
-79.6509
-79.9561
-79.0405
-79.0405
-78.7354
-79.3457
-79.6509
-80.2612
-81.1768
-80.8716
-81.4819
-80.2612
-80.5664
-80.5664
-80.5664
-80.8716
-80.2612
-80.5664
-80.2612
-80.2612
-81.4819
-81.1768
-81.1768
-80.8716
-81.1768
-79.9561
-80.2612
-80.2612
-80.5664
-80.2612
-80.5664
-81.4819
-81.7871
-81.7871
-82.3975
-82.3975
-81.1768
-81.4819
-80.5664
-80.2612
-79.9561
-79.6509
-80.8716
-80.2612
-80.2612
-80.2612
-79.9561
-80.8716
-80.5664
-81.4819
-82.0923
-82.0923
-82.7026
-82.0923
-82.3975
-81.7871
-82.0923
-81.1768
-81.7871
-80.2612
-81.4819
-79.9561
-80.2612
-81.1768
-80.8716
-81.1768
-81.1768
-81.1768
-81.1768
-80.8716
-81.1768
-80.5664
-80.8716
-79.6509
-80.5664
-79.9561
-79.6509
-79.6509
-79.0405
-79.3457
-79.3457
-79.9561
-79.3457
-79.9561
-79.3457
-79.6509
-81.1768
-80.8716
-82.3975
-81.1768
-82.7026
-81.7871
-82.7026
-82.3975
-81.4819
-80.8716
-80.8716
-80.2612
-79.3457
-79.3457
-79.3457
-79.3457
-80.5664
-79.9561
-80.8716
-82.3975
-82.7026
-82.0923
-81.7871
-82.0923
-80.2612
-80.8716
-79.6509
-80.2612
-79.0405
-79.3457
-79.3457
-79.6509
-80.8716
-79.9561
-81.1768
-80.8716
-80.8716
-80.2612
-80.2612
-80.2612
-80.5664
-80.5664
-80.8716
-81.4819
-82.3975
-82.3975
-81.7871
-82.3975
-81.7871
-80.8716
-81.1768
-80.2612
-80.8716
-79.6509
-80.5664
-79.6509
-80.5664
-80.2612
-80.2612
-81.1768
-80.5664
-81.1768
-80.5664
-80.8716
-80.2612
-80.2612
-80.5664
-80.2612
-80.5664
-79.3457
-79.9561
-79.6509
-79.9561
-79.9561
-80.5664
-80.5664
-80.2612
-80.2612
-80.2612
-80.8716
-81.7871
-80.2612
-81.4819
-80.5664
-81.1768
-79.9561
-80.5664
-79.6509
-79.9561
-79.0405
-79.9561
-79.3457
-79.0405
-79.6509
-79.6509
-79.9561
-81.1768
-81.1768
-81.1768
-80.8716
-82.3975
-81.4819
-80.8716
-81.4819
-80.5664
-80.5664
-79.9561
-80.5664
-79.0405
-79.6509
-79.9561
-79.6509
-79.6509
-80.2612
-80.2612
-80.8716
-81.7871
-82.0923
-83.313
-81.7871
-82.0923
-81.7871
-80.8716
-81.1768
-79.3457
-79.9561
-79.3457
-79.0405
-79.6509
-79.3457
-80.8716
-80.2612
-81.7871
-81.1768
-80.2612
-80.5664
-79.9561
-80.2612
-79.3457
-79.6509
-79.9561
-80.2612
-80.8716
-80.8716
-81.4819
-80.2612
-80.2612
-80.5664
-80.2612
-79.9561
-79.9561
-80.2612
-79.9561
-79.9561
-79.9561
-80.2612
-80.8716
-80.8716
-81.1768
-80.8716
-81.4819
-79.9561
-81.1768
-79.6509
-79.9561
-79.3457
-79.3457
-79.3457
-79.0405
-79.6509
-78.4302
-79.3457
-79.3457
-79.3457
-80.2612
-79.6509
-79.9561
-79.3457
-79.6509
-79.6509
-79.3457
-79.0405
-79.0405
-79.3457
-79.3457
-79.6509
-79.6509
-79.0405
-79.6509
-80.2612
-80.5664
-80.8716
-81.4819
-80.8716
-81.4819
-81.7871
-81.4819
-81.7871
-81.4819
-81.4819
-80.5664
-80.8716
-79.3457
-79.9561
-79.3457
-79.0405
-79.9561
-79.3457
-78.7354
-78.7354
-79.3457
-79.9561
-79.6509
-80.8716
-80.8716
-82.0923
-81.1768
-80.8716
-81.1768
-80.5664
-80.2612
-79.6509
-79.9561
-79.0405
-79.3457
-78.7354
-79.0405
-79.9561
-80.2612
-80.2612
-81.1768
-81.4819
-82.0923
-81.7871
-80.8716
-80.2612
-80.2612
-79.6509
-79.0405
-79.0405
-79.6509
-80.5664
-79.9561
-79.6509
-79.6509
-80.2612
-79.3457
-79.9561
-79.6509
-78.7354
-79.6509
-79.3457
-80.8716
-79.3457
-80.2612
-79.3457
-79.0405
-79.9561
-79.3457
-80.2612
-79.3457
-79.6509
-79.0405
-79.9561
-80.8716
-79.3457
-79.9561
-79.6509
-81.1768
-79.9561
-80.8716
-80.2612
-80.2612
-79.9561
-79.6509
-79.9561
-79.0405
-80.2612
-78.7354
-78.7354
-77.8198
-79.3457
-79.0405
-78.7354
-79.3457
-79.3457
-79.6509
-79.9561
-79.6509
-81.4819
-80.8716
-81.7871
-80.8716
-81.7871
-81.7871
-81.1768
-80.5664
-80.8716
-80.8716
-79.9561
-80.2612
-79.6509
-79.9561
-79.0405
-79.9561
-79.9561
-80.8716
-80.2612
-79.9561
-80.5664
-80.2612
-80.2612
-81.1768
-80.8716
-81.1768
-80.8716
-80.5664
-80.2612
-79.9561
-79.3457
-79.3457
-78.4302
-78.125
-78.7354
-79.0405
-79.9561
-79.6509
-80.2612
-80.8716
-81.4819
-82.3975
-81.4819
-81.4819
-80.2612
-80.5664
-78.125
-79.3457
-79.9561
-79.6509
-80.5664
-80.8716
-81.7871
-81.7871
-80.5664
-80.8716
-80.8716
-81.1768
-80.2612
-79.9561
-79.3457
-79.9561
-79.6509
-79.3457
-79.6509
-79.6509
-79.6509
-77.8198
-79.0405
-78.4302
-79.6509
-79.0405
-79.0405
-79.3457
-78.4302
-78.7354
-79.9561
-79.9561
-79.9561
-79.9561
-80.2612
-79.6509
-80.2612
-79.6509
-79.9561
-78.7354
-79.3457
-79.0405
-78.7354
-79.3457
-79.3457
-79.9561
-79.9561
-80.8716
-80.2612
-81.1768
-80.8716
-80.8716
-81.7871
-79.9561
-81.4819
-80.2612
-80.2612
-80.2612
-80.2612
-80.8716
-79.9561
-80.2612
-79.3457
-79.6509
-79.9561
-79.3457
-79.3457
-79.3457
-80.2612
-79.6509
-79.3457
-79.9561
-80.2612
-80.2612
-79.6509
-79.6509
-79.3457
-80.5664
-79.6509
-80.8716
-80.2612
-80.2612
-80.2612
-79.0405
-79.3457
-79.9561
-79.9561
-79.9561
-79.3457
-79.3457
-79.6509
-79.9561
-80.5664
-80.2612
-81.1768
-80.5664
-80.2612
-78.7354
-79.6509
-78.4302
-79.3457
-78.125
-79.3457
-79.3457
-80.2612
-80.8716
-81.4819
-81.1768
-80.8716
-80.5664
-79.3457
-79.6509
-79.0405
-78.7354
-79.6509
-79.0405
-79.0405
-78.7354
-79.3457
-78.4302
-79.3457
-79.3457
-79.6509
-80.2612
-79.0405
-79.3457
-79.0405
-79.0405
-78.4302
-78.7354
-79.3457
-78.4302
-79.0405
-77.5146
-79.0405
-77.8198
-78.7354
-78.4302
-78.4302
-78.125
-78.4302
-79.0405
-79.3457
-79.6509
-79.6509
-79.6509
-81.4819
-79.6509
-80.5664
-80.2612
-80.8716
-79.9561
-80.8716
-79.3457
-79.3457
-80.2612
-79.6509
-80.5664
-80.2612
-80.5664
-80.2612
-79.9561
-79.9561
-80.2612
-80.5664
-79.3457
-79.3457
-79.0405
-78.7354
-78.4302
-78.7354
-78.4302
-78.7354
-79.0405
-79.0405
-79.6509
-79.6509
-79.6509
-81.4819
-80.8716
-81.1768
-80.2612
-80.2612
-79.9561
-80.8716
-79.9561
-79.6509
-79.0405
-78.4302
-79.6509
-79.6509
-80.2612
-80.2612
-79.9561
-80.2612
-79.3457
-79.6509
-79.0405
-79.0405
-79.0405
-78.7354
-79.0405
-79.6509
-80.2612
-79.9561
-80.8716
-79.9561
-79.9561
-79.9561
-78.7354
-79.0405
-77.5146
-78.7354
-78.4302
-79.0405
-78.4302
-79.6509
-79.9561
-79.3457
-79.6509
-79.0405
-79.9561
-79.6509
-79.6509
-79.3457
-79.6509
-79.3457
-79.3457
-79.0405
-79.0405
-79.0405
-77.5146
-78.4302
-78.125
-78.7354
-78.4302
-78.4302
-79.6509
-78.4302
-79.3457
-79.0405
-79.0405
-78.7354
-79.3457
-79.3457
-78.4302
-79.0405
-78.125
-79.0405
-77.8198
-79.3457
-79.0405
-78.4302
-79.3457
-79.9561
-80.8716
-80.2612
-80.5664
-80.8716
-80.8716
-81.1768
-80.8716
-80.2612
-80.5664
-79.3457
-79.3457
-78.4302
-79.3457
-78.7354
-78.7354
-78.125
-78.125
-78.4302
-77.8198
-78.7354
-78.4302
-79.0405
-79.3457
-80.5664
-79.9561
-80.2612
-79.9561
-79.9561
-79.3457
-79.0405
-78.7354
-78.125
-78.7354
-78.4302
-78.4302
-78.7354
-77.2095
-79.6509
-79.6509
-80.2612
-80.5664
-80.5664
-80.2612
-79.3457
-79.6509
-78.7354
-79.3457
-78.4302
-79.0405
-78.125
-79.3457
-78.4302
-79.3457
-78.7354
-78.4302
-79.0405
-77.5146
-78.125
-77.8198
-78.125
-78.4302
-78.7354
-79.0405
-78.7354
-79.3457
-77.8198
-77.8198
-78.4302
-77.8198
-78.7354
-77.5146
-77.8198
-78.125
-78.125
-78.4302
-78.125
-78.7354
-78.125
-79.3457
-78.7354
-78.7354
-79.0405
-79.6509
-78.7354
-78.7354
-78.125
-77.8198
-77.5146
-78.125
-77.5146
-78.4302
-77.5146
-77.5146
-77.8198
-77.5146
-78.125
-77.8198
-79.0405
-79.3457
-79.9561
-79.6509
-80.5664
-79.3457
-81.1768
-80.2612
-79.6509
-79.9561
-79.0405
-78.7354
-78.4302
-78.4302
-78.7354
-78.4302
-78.4302
-78.7354
-78.4302
-77.8198
-78.7354
-79.0405
-78.4302
-78.7354
-78.7354
-79.0405
-79.0405
-79.0405
-79.0405
-79.9561
-78.7354
-78.4302
-78.4302
-77.8198
-78.125
-77.2095
-77.5146
-76.9043
-78.4302
-78.7354
-79.0405
-79.9561
-80.2612
-80.8716
-79.3457
-79.6509
-78.7354
-78.4302
-78.125
-77.8198
-78.125
-77.8198
-78.7354
-79.0405
-79.3457
-79.6509
-79.6509
-79.9561
-78.7354
-79.3457
-78.4302
-79.0405
-77.8198
-78.7354
-77.5146
-77.5146
-77.5146
-77.2095
-77.5146
-76.5991
-77.8198
-77.2095
-77.2095
-76.9043
-77.5146
-77.8198
-77.5146
-78.7354
-78.4302
-79.0405
-78.4302
-79.0405
-79.0405
-78.7354
-77.8198
-77.8198
-77.8198
-77.5146
-78.7354
-78.4302
-78.125
-78.125
-77.2095
-78.4302
-77.8198
-78.7354
-79.0405
-78.7354
-78.7354
-78.7354
-78.7354
-78.4302
-78.7354
-79.0405
-78.125
-79.3457
-77.8198
-79.0405
-78.4302
-78.7354
-78.7354
-79.0405
-79.3457
-78.7354
-78.125
-79.0405
-79.3457
-79.6509
-79.3457
-79.3457
-78.4302
-78.4302
-77.8198
-78.7354
-77.2095
-78.7354
-76.9043
-79.6509
-78.7354
-79.6509
-79.6509
-79.6509
-79.9561
-79.3457
-79.0405
-79.0405
-78.125
-77.8198
-77.5146
-77.8198
-77.5146
-78.125
-77.5146
-79.6509
-78.7354
-79.3457
-77.8198
-77.5146
-78.4302
-77.2095
-78.4302
-78.125
-77.8198
-78.125
-78.7354
-80.2612
-79.6509
-80.8716
-79.9561
-79.3457
-79.3457
-78.4302
-77.5146
-77.5146
-77.2095
-77.2095
-77.5146
-77.8198
-77.8198
-78.125
-78.125
-78.4302
-78.7354
-78.7354
-77.8198
-78.125
-77.5146
-78.125
-77.5146
-77.5146
-78.125
-77.5146
-77.8198
-77.5146
-77.8198
-77.8198
-77.8198
-77.5146
-77.8198
-77.8198
-77.8198
-78.4302
-77.8198
-78.4302
-79.3457
-78.7354
-79.3457
-78.125
-77.8198
-78.4302
-77.8198
-78.125
-77.5146
-78.4302
-76.9043
-78.125
-77.2095
-79.0405
-79.3457
-79.0405
-79.0405
-78.7354
-79.3457
-79.0405
-79.6509
-78.4302
-78.4302
-78.7354
-77.5146
-77.5146
-77.2095
-77.8198
-76.9043
-76.9043
-76.9043
-77.2095
-77.5146
-77.5146
-79.0405
-79.3457
-79.9561
-79.6509
-80.2612
-79.9561
-79.9561
-79.0405
-78.125
-78.4302
-77.8198
-77.5146
-76.9043
-77.8198
-77.5146
-77.5146
-78.125
-78.7354
-79.6509
-79.6509
-78.4302
-78.7354
-78.4302
-77.8198
-77.2095
-77.8198
-77.5146
-78.125
-78.125
-79.0405
-78.4302
-78.4302
-77.8198
-77.8198
-78.7354
-78.125
-78.4302
-77.8198
-77.5146
-78.7354
-78.4302
-79.0405
-79.0405
-79.0405
-78.4302
-78.7354
-78.7354
-77.8198
-78.4302
-78.125
-78.125
-78.4302
-77.2095
-78.4302
-76.9043
-78.4302
-77.5146
-79.0405
-77.2095
-78.7354
-78.7354
-77.8198
-78.7354
-78.4302
-78.4302
-77.2095
-78.4302
-77.8198
-77.2095
-78.4302
-77.8198
-77.5146
-77.2095
-78.125
-77.8198
-77.5146
-78.4302
-77.8198
-78.4302
-78.125
-78.7354
-79.3457
-79.6509
-79.3457
-79.0405
-78.4302
-79.3457
-79.9561
-79.3457
-79.3457
-78.7354
-78.4302
-78.125
-77.8198
-77.8198
-77.8198
-77.8198
-77.5146
-78.4302
-77.8198
-78.7354
-79.0405
-77.8198
-79.0405
-79.0405
-79.0405
-79.3457
-79.0405
-79.0405
-78.125
-78.7354
-77.5146
-78.4302
-77.5146
-79.0405
-77.8198
-79.0405
-79.6509
-79.6509
-80.8716
-80.5664
-80.2612
-79.3457
-78.7354
-78.4302
-77.5146
-77.5146
-77.2095
-78.4302
-78.125
-78.7354
-78.7354
-79.3457
-79.9561
-79.0405
-79.3457
-79.3457
-78.7354
-78.7354
-79.0405
-79.3457
-79.3457
-79.0405
-78.4302
-78.7354
-77.8198
-78.7354
-78.7354
-79.6509
-79.0405
-79.0405
-79.0405
-78.7354
-80.2612
-80.2612
-80.2612
-79.9561
-79.3457
-79.3457
-79.6509
-79.9561
-79.3457
-79.9561
-78.125
-78.7354
-77.8198
-78.4302
-78.125
-78.4302
-79.3457
-77.5146
-79.0405
-77.8198
-78.7354
-79.3457
-79.3457
-79.6509
-79.0405
-79.9561
-78.7354
-79.0405
-78.7354
-79.3457
-80.5664
-79.9561
-79.6509
-80.2612
-79.9561
-80.5664
-80.8716
-80.8716
-79.9561
-80.8716
-79.9561
-79.9561
-79.6509
-79.6509
-79.6509
-79.3457
-78.7354
-78.7354
-79.0405
-78.4302
-79.6509
-79.6509
-79.9561
-79.9561
-79.3457
-79.6509
-79.3457
-79.0405
-78.4302
-79.6509
-79.0405
-79.9561
-79.9561
-80.5664
-81.4819
-81.1768
-80.8716
-80.2612
-79.9561
-79.3457
-79.0405
-79.0405
-78.4302
-79.0405
-79.0405
-79.9561
-80.2612
-81.4819
-81.1768
-81.1768
-80.8716
-80.5664
-80.5664
-79.6509
-80.2612
-79.6509
-79.3457
-79.3457
-78.7354
-79.6509
-78.4302
-79.0405
-78.125
-79.0405
-79.3457
-79.0405
-78.7354
-79.6509
-79.9561
-79.9561
-79.9561
-80.2612
-79.9561
-80.2612
-79.6509
-79.9561
-79.3457
-79.6509
-78.4302
-79.0405
-79.3457
-79.6509
-79.3457
-79.3457
-79.9561
-79.6509
-79.6509
-79.3457
-79.6509
-79.0405
-79.3457
-79.3457
-79.3457
-79.0405
-78.7354
-78.4302
-78.4302
-79.9561
-79.3457
-79.0405
-79.0405
-79.3457
-80.2612
-80.8716
-80.5664
-80.8716
-79.9561
-80.8716
-79.9561
-81.1768
-79.9561
-80.2612
-79.0405
-79.3457
-79.3457
-79.3457
-79.0405
-79.6509
-80.2612
-80.5664
-80.2612
-80.8716
-81.1768
-81.4819
-80.8716
-80.8716
-80.2612
-79.3457
-79.3457
-79.3457
-79.3457
-79.0405
-79.6509
-79.6509
-79.9561
-80.2612
-79.3457
-79.3457
-78.7354
-79.3457
-78.4302
-79.0405
-78.7354
-80.2612
-79.9561
-81.4819
-81.1768
-81.7871
-81.1768
-80.2612
-80.2612
-79.9561
-79.9561
-79.3457
-78.7354
-79.3457
-79.3457
-79.3457
-78.7354
-79.0405
-79.6509
-79.6509
-79.3457
-79.0405
-79.9561
-79.6509
-79.3457
-79.0405
-79.0405
-78.4302
-79.3457
-78.7354
-79.0405
-78.125
-77.5146
-78.7354
-78.125
-79.0405
-79.0405
-78.7354
-78.4302
-79.0405
-79.6509
-79.9561
-79.3457
-79.9561
-79.9561
-79.9561
-79.3457
-79.3457
-79.0405
-79.6509
-78.7354
-79.3457
-78.4302
-80.2612
-79.6509
-79.9561
-80.8716
-80.2612
-80.8716
-79.9561
-80.8716
-79.9561
-79.6509
-79.6509
-78.7354
-79.9561
-78.7354
-78.7354
-78.4302
-78.4302
-78.4302
-79.3457
-79.0405
-79.3457
-79.6509
-80.5664
-79.9561
-80.2612
-80.5664
-81.4819
-80.2612
-81.1768
-79.6509
-80.2612
-79.0405
-79.0405
-78.7354
-79.0405
-79.3457
-79.6509
-79.6509
-79.0405
-78.4302
-78.7354
-78.7354
-79.6509
-79.9561
-80.8716
-79.3457
-79.0405
-79.0405
-78.4302
-77.8198
-79.0405
-79.6509
-79.6509
-79.0405
-78.7354
-78.4302
-78.7354
-77.5146
-78.7354
-77.8198
-78.7354
-79.0405
-79.6509
-79.6509
-79.9561
-79.6509
-80.5664
-80.8716
-80.5664
-81.1768
-80.2612
-79.9561
-80.2612
-79.3457
-79.9561
-79.0405
-80.2612
-77.5146
-79.3457
-78.4302
-79.3457
-79.0405
-78.4302
-79.0405
-78.4302
-78.4302
-78.4302
-78.125
-78.7354
-77.8198
-78.7354
-77.8198
-79.3457
-78.7354
-79.9561
-78.7354
-79.6509
-79.3457
-79.0405
-79.6509
-79.0405
-79.0405
-79.6509
-79.6509
-79.9561
-79.6509
-79.9561
-79.6509
-79.6509
-79.6509
-80.8716
-79.0405
-79.3457
-78.4302
-78.4302
-78.4302
-77.8198
-78.4302
-77.8198
-78.4302
-79.0405
-79.6509
-80.2612
-80.2612
-79.3457
-79.3457
-78.4302
-78.125
-77.8198
-78.125
-77.8198
-78.7354
-79.3457
-79.6509
-79.3457
-78.7354
-77.8198
-79.0405
-78.7354
-78.7354
-79.3457
-79.9561
-81.1768
-80.8716
-79.3457
-79.3457
-78.125
-78.7354
-77.8198
-79.0405
-79.3457
-79.6509
-78.7354
-78.7354
-77.8198
-77.5146
-77.8198
-78.7354
-78.7354
-79.3457
-78.7354
-79.3457
-79.0405
-80.2612
-79.6509
-79.6509
-79.0405
-80.2612
-79.3457
-79.9561
-79.6509
-78.7354
-79.9561
-79.9561
-79.9561
-79.6509
-79.9561
-79.9561
-79.3457
-79.6509
-79.0405
-79.9561
-79.0405
-79.3457
-78.4302
-78.4302
-77.8198
-78.125
-77.8198
-78.4302
-78.7354
-78.4302
-78.7354
-79.6509
-79.0405
-79.6509
-79.6509
-79.6509
-79.9561
-79.6509
-79.0405
-78.125
-78.7354
-78.4302
-79.0405
-78.125
-78.4302
-79.6509
-80.2612
-79.9561
-79.9561
-80.2612
-78.7354
-80.2612
-79.3457
-79.6509
-79.3457
-78.7354
-79.9561
-79.6509
-80.8716
-80.2612
-79.9561
-80.2612
-78.7354
-78.7354
-77.2095
-78.7354
-77.5146
-78.7354
-78.4302
-79.0405
-79.6509
-78.7354
-79.9561
-79.6509
-79.6509
-79.3457
-79.6509
-79.6509
-79.3457
-80.5664
-80.2612
-79.6509
-79.0405
-78.7354
-78.4302
-78.4302
-79.3457
-80.2612
-81.1768
-79.9561
-79.9561
-79.6509
-79.3457
-80.2612
-79.3457
-79.9561
-79.3457
-79.9561
-79.3457
-79.0405
-79.6509
-79.6509
-79.9561
-79.9561
-80.2612
-80.2612
-79.3457
-79.3457
-79.9561
-80.2612
-80.2612
-80.8716
-79.9561
-80.2612
-80.8716
-80.2612
-80.8716
-79.9561
-79.6509
-78.7354
-78.7354
-79.0405
-79.3457
-79.0405
-78.7354
-80.2612
-80.2612
-80.2612
-80.2612
-81.4819
-81.1768
-81.4819
-81.1768
-80.5664
-80.5664
-79.6509
-79.6509
-79.6509
-78.4302
-78.4302
-77.8198
-79.0405
-78.4302
-80.2612
-78.7354
-79.6509
-80.5664
-80.8716
-80.8716
-80.8716
-81.1768
-80.5664
-79.9561
-80.5664
-79.6509
-79.9561
-79.9561
-80.5664
-80.8716
-80.8716
-81.4819
-79.6509
-79.9561
-79.3457
-79.6509
-80.2612
-79.9561
-80.2612
-80.8716
-81.1768
-80.8716
-81.4819
-79.6509
-79.0405
-78.7354
-78.4302
-78.7354
-79.6509
-80.8716
-80.2612
-80.2612
-79.0405
-78.7354
-79.0405
-78.4302
-79.9561
-80.8716
-81.1768
-81.1768
-80.2612
-80.8716
-80.2612
-80.2612
-79.3457
-79.9561
-79.3457
-79.6509
-80.2612
-80.8716
-80.8716
-79.9561
-81.4819
-80.2612
-81.4819
-80.5664
-81.4819
-80.5664
-80.2612
-80.5664
-79.9561
-79.9561
-79.6509
-79.0405
-79.0405
-78.7354
-78.7354
-77.8198
-78.7354
-77.5146
-79.0405
-78.125
-79.3457
-78.7354
-78.7354
-79.6509
-79.9561
-80.2612
-80.8716
-81.4819
-80.8716
-80.5664
-80.8716
-79.6509
-80.2612
-79.0405
-79.3457
-78.4302
-78.7354
-78.7354
-78.7354
-78.7354
-78.4302
-79.9561
-79.6509
-80.5664
-80.5664
-81.1768
-80.8716
-79.9561
-79.9561
-79.0405
-79.0405
-78.4302
-79.0405
-77.8198
-78.7354
-79.3457
-79.9561
-80.2612
-79.6509
-80.2612
-79.0405
-79.6509
-79.3457
-79.3457
-80.2612
-79.9561
-80.8716
-80.8716
-80.2612
-80.2612
-79.6509
-79.0405
-78.125
-78.4302
-78.4302
-78.7354
-79.9561
-80.5664
-79.9561
-79.0405
-79.6509
-79.0405
-79.0405
-79.0405
-79.6509
-79.9561
-79.9561
-79.6509
-79.0405
-79.3457
-77.8198
-78.7354
-78.125
-78.4302
-79.0405
-79.0405
-79.0405
-80.2612
-80.5664
-80.8716
-81.1768
-80.8716
-81.4819
-81.4819
-81.1768
-81.1768
-79.6509
-80.2612
-79.0405
-80.2612
-78.4302
-78.7354
-79.0405
-77.8198
-78.4302
-77.2095
-78.7354
-78.7354
-79.3457
-78.7354
-79.3457
-78.7354
-79.0405
-79.3457
-79.9561
-78.7354
-80.5664
-79.6509
-80.8716
-79.6509
-79.3457
-79.3457
-79.0405
-78.7354
-78.4302
-79.6509
-77.8198
-79.3457
-79.3457
-79.0405
-79.9561
-79.3457
-80.2612
-80.2612
-81.4819
-80.2612
-79.6509
-79.3457
-78.4302
-79.0405
-78.4302
-78.125
-78.125
-78.125
-78.4302
-78.7354
-79.9561
-80.2612
-80.8716
-79.3457
-79.6509
-78.4302
-79.0405
-78.4302
-78.7354
-78.125
-78.7354
-79.6509
-79.6509
-79.9561
-79.0405
-79.0405
-78.4302
-78.4302
-79.3457
-79.3457
-79.6509
-81.1768
-81.1768
-80.8716
-79.6509
-79.6509
-79.0405
-79.3457
-79.0405
-79.9561
-79.6509
-79.6509
-77.8198
-78.125
-78.7354
-77.8198
-78.7354
-78.125
-78.7354
-79.3457
-79.9561
-80.2612
-80.2612
-80.5664
-80.5664
-79.9561
-80.2612
-79.6509
-79.9561
-79.0405
-79.0405
-78.7354
-79.0405
-79.3457
-79.0405
-79.0405
-79.0405
-79.6509
-79.0405
-79.9561
-79.3457
-79.3457
-79.0405
-79.6509
-79.0405
-79.3457
-79.6509
-79.0405
-78.7354
-79.3457
-79.6509
-79.6509
-79.6509
-80.5664
-79.6509
-79.6509
-78.7354
-79.3457
-79.3457
-79.0405
-79.0405
-79.0405
-79.0405
-78.4302
-79.3457
-79.3457
-79.6509
-79.3457
-80.2612
-79.9561
-79.3457
-79.6509
-79.0405
-79.3457
-78.7354
-80.2612
-79.3457
-79.6509
-80.8716
-80.2612
-80.8716
-81.1768
-81.1768
-80.2612
-78.7354
-79.0405
-78.125
-78.4302
-77.8198
-78.7354
-78.7354
-80.5664
-80.5664
-79.6509
-79.3457
-78.4302
-79.0405
-79.0405
-79.6509
-80.5664
-79.9561
-81.4819
-80.8716
-80.2612
-79.0405
-78.4302
-78.7354
-79.0405
-79.6509
-80.2612
-80.2612
-80.5664
-79.6509
-80.2612
-79.6509
-79.9561
-79.3457
-79.9561
-79.6509
-81.1768
-80.5664
-81.4819
-81.1768
-80.2612
-79.9561
-79.6509
-79.9561
-79.6509
-80.2612
-79.6509
-79.6509
-79.6509
-78.7354
-80.2612
-79.9561
-80.8716
-79.6509
-80.2612
-79.3457
-79.9561
-79.3457
-78.7354
-79.6509
-78.4302
-79.0405
-79.0405
-78.7354
-79.6509
-80.2612
-80.8716
-79.9561
-82.0923
-80.8716
-81.4819
-80.8716
-81.1768
-80.8716
-79.9561
-79.6509
-78.7354
-79.3457
-79.0405
-78.7354
-79.3457
-78.4302
-79.3457
-78.7354
-79.9561
-79.3457
-81.1768
-79.9561
-79.6509
-79.9561
-79.6509
-79.3457
-79.6509
-79.9561
-79.3457
-79.0405
-79.3457
-79.9561
-79.9561
-79.9561
-80.2612
-79.3457
-78.7354
-79.0405
-79.0405
-78.7354
-79.6509
-79.9561
-80.5664
-81.1768
-81.4819
-80.2612
-80.2612
-79.3457
-79.3457
-77.8198
-78.7354
-79.6509
-79.9561
-79.6509
-79.3457
-79.3457
-78.4302
-78.7354
-78.4302
-78.7354
-79.3457
-80.5664
-81.4819
-79.6509
-80.2612
-79.3457
-79.6509
-78.7354
-79.6509
-79.6509
-80.2612
-79.9561
-79.6509
-80.5664
-80.5664
-80.2612
-80.5664
-80.2612
-81.1768
-80.2612
-81.4819
-80.2612
-80.5664
-79.9561
-79.6509
-79.6509
-79.0405
-78.7354
-78.125
-78.7354
-78.4302
-77.8198
-77.2095
-78.125
-78.4302
-77.8198
-79.0405
-79.0405
-79.0405
-79.6509
-79.3457
-80.5664
-81.1768
-80.8716
-81.7871
-81.1768
-80.8716
-79.3457
-79.3457
-78.125
-79.3457
-78.7354
-78.7354
-78.4302
-78.7354
-79.0405
-80.2612
-80.2612
-80.2612
-81.4819
-80.2612
-80.2612
-79.9561
-79.3457
-79.3457
-79.0405
-79.0405
-77.8198
-78.7354
-78.125
-78.7354
-79.6509
-79.6509
-79.9561
-78.7354
-79.3457
-77.8198
-79.3457
-79.3457
-79.6509
-80.2612
-79.9561
-80.8716
-80.5664
-80.5664
-79.0405
-78.7354
-77.8198
-78.125
-77.5146
-78.4302
-79.9561
-80.2612
-80.2612
-79.6509
-79.0405
-78.7354
-78.7354
-78.4302
-78.7354
-80.2612
-80.2612
-79.3457
-79.3457
-78.4302
-78.7354
-78.125
-78.4302
-77.8198
-79.0405
-78.7354
-78.4302
-79.0405
-79.9561
-79.9561
-80.8716
-79.3457
-80.2612
-80.2612
-80.2612
-81.1768
-79.6509
-79.9561
-79.6509
-78.7354
-78.4302
-78.4302
-77.8198
-78.125
-77.2095
-78.7354
-78.125
-78.7354
-78.125
-78.125
-78.7354
-78.7354
-79.3457
-79.0405
-79.3457
-78.7354
-78.7354
-79.0405
-79.3457
-79.0405
-79.6509
-79.0405
-78.4302
-79.3457
-77.8198
-77.5146
-78.4302
-78.125
-78.125
-78.4302
-79.0405
-79.3457
-80.2612
-79.9561
-80.2612
-80.2612
-80.8716
-79.9561
-78.7354
-79.0405
-77.8198
-78.125
-76.9043
-78.4302
-78.125
-79.0405
-79.6509
-79.3457
-80.2612
-79.3457
-79.6509
-79.0405
-78.7354
-78.4302
-78.4302
-78.4302
-77.8198
-79.0405
-79.6509
-79.6509
-78.4302
-77.5146
-78.4302
-77.8198
-78.4302
-78.125
-80.8716
-80.2612
-81.4819
-80.2612
-79.6509
-79.9561
-79.0405
-79.3457
-79.0405
-78.4302
-79.9561
-78.7354
-79.0405
-77.8198
-78.4302
-77.8198
-77.5146
-78.125
-77.8198
-79.3457
-79.6509
-79.6509
-79.9561
-80.2612
-80.5664
-79.6509
-79.6509
-79.3457
-79.6509
-79.3457
-79.0405
-78.7354
-78.125
-78.7354
-78.4302
-78.7354
-78.4302
-78.7354
-78.7354
-78.7354
-78.7354
-79.0405
-79.0405
-79.6509
-79.0405
-78.7354
-79.0405
-78.4302
-78.4302
-79.0405
-79.0405
-79.3457
-78.125
-79.9561
-79.3457
-79.0405
-78.7354
-78.4302
-78.7354
-78.7354
-78.7354
-78.125
-78.7354
-77.8198
-78.125
-78.125
-78.4302
-79.3457
-79.0405
-79.9561
-79.0405
-78.7354
-78.125
-78.125
-78.4302
-77.8198
-79.0405
-78.125
-79.3457
-79.3457
-79.9561
-80.5664
-79.9561
-79.9561
-79.0405
-78.7354
-78.4302
-77.5146
-77.8198
-77.8198
-78.7354
-78.125
-80.2612
-79.3457
-78.4302
-78.4302
-78.4302
-78.4302
-78.4302
-78.4302
-78.7354
-79.9561
-79.6509
-79.0405
-78.4302
-77.5146
-78.125
-77.2095
-78.125
-78.4302
-79.6509
-79.6509
-78.7354
-78.7354
-78.4302
-78.7354
-78.7354
-79.0405
-78.4302
-79.9561
-79.6509
-79.9561
-80.2612
-79.0405
-79.9561
-78.4302
-79.9561
-78.7354
-79.3457
-79.0405
-78.4302
-78.7354
-78.125
-78.4302
-79.0405
-78.7354
-79.0405
-78.7354
-79.6509
-78.7354
-78.4302
-78.4302
-78.125
-78.125
-77.2095
-77.8198
-77.5146
-77.8198
-77.8198
-77.8198
-78.7354
-79.6509
-80.5664
-79.9561
-81.1768
-80.2612
-80.2612
-79.6509
-79.0405
-79.0405
-78.7354
-78.7354
-77.5146
-77.5146
-77.8198
-77.8198
-78.4302
-77.8198
-79.0405
-78.7354
-79.3457
-79.0405
-79.3457
-78.7354
-79.0405
-78.7354
-78.7354
-79.0405
-79.0405
-78.4302
-79.0405
-79.3457
-79.9561
-79.0405
-79.0405
-78.4302
-77.8198
-77.8198
-77.5146
-77.8198
-78.4302
-79.6509
-79.9561
-80.5664
-79.9561
-79.3457
-79.0405
-78.7354
-78.4302
-77.8198
-79.3457
-78.7354
-79.6509
-79.0405
-78.4302
-78.125
-77.5146
-78.4302
-77.5146
-78.125
-79.3457
-79.3457
-79.9561
-78.7354
-79.0405
-78.4302
-78.7354
-77.5146
-79.0405
-78.4302
-78.4302
-79.0405
-79.0405
-79.6509
-79.9561
-80.2612
-79.3457
-80.8716
-79.9561
-80.5664
-80.5664
-79.6509
-80.8716
-79.9561
-79.3457
-79.9561
-78.7354
-78.125
-78.4302
-78.4302
-77.8198
-77.8198
-77.2095
-76.9043
-77.2095
-77.2095
-77.5146
-77.8198
-78.7354
-78.4302
-80.2612
-79.3457
-80.8716
-80.2612
-80.8716
-80.5664
-80.2612
-79.6509
-79.3457
-78.7354
-78.125
-78.125
-78.4302
-78.125
-79.3457
-79.0405
-79.6509
-79.3457
-80.2612
-80.5664
-80.2612
-80.2612
-79.3457
-79.3457
-78.4302
-78.7354
-77.8198
-78.125
-79.0405
-77.8198
-79.9561
-78.4302
-79.6509
-78.125
-79.3457
-78.4302
-78.4302
-77.8198
-78.4302
-78.7354
-78.7354
-80.5664
-81.7871
-79.9561
-79.9561
-79.0405
-79.0405
-78.125
-77.5146
-79.0405
-79.3457
-79.9561
-79.6509
-79.6509
-79.3457
-79.3457
-79.6509
-79.6509
-79.6509
-80.2612
-80.2612
-79.6509
-79.6509
-78.4302
-78.125
-77.8198
-77.2095
-78.4302
-78.4302
-79.0405
-78.7354
-78.7354
-79.3457
-79.6509
-80.2612
-79.9561
-79.9561
-79.9561
-80.5664
-79.9561
-80.8716
-80.2612
-80.2612
-79.3457
-79.3457
-79.3457
-79.0405
-79.3457
-78.4302
-79.0405
-78.4302
-78.4302
-79.0405
-78.125
-79.3457
-79.6509
-79.3457
-79.0405
-80.2612
-79.9561
-79.0405
-79.9561
-79.9561
-80.2612
-79.6509
-79.3457
-79.3457
-78.125
-78.7354
-78.125
-79.0405
-78.125
-78.7354
-78.4302
-78.7354
-79.3457
-79.9561
-79.9561
-80.5664
-82.0923
-80.2612
-80.2612
-80.2612
-79.3457
-79.6509
-78.125
-79.0405
-77.8198
-78.4302
-79.6509
-79.0405
-80.2612
-79.9561
-80.8716
-79.3457
-79.3457
-78.7354
-79.3457
-78.7354
-77.8198
-79.3457
-79.0405
-80.2612
-79.6509
-79.6509
-78.4302
-78.4302
-78.125
-77.8198
-78.7354
-78.4302
-80.2612
-80.2612
-81.4819
-79.9561
-80.5664
-79.6509
-79.3457
-79.6509
-80.2612
-81.1768
-80.5664
-79.0405
-79.0405
-78.4302
-78.125
-78.4302
-78.7354
-78.7354
-79.0405
-79.6509
-79.3457
-79.9561
-80.5664
-80.2612
-79.6509
-79.6509
-79.3457
-79.9561
-79.3457
-79.3457
-80.2612
-79.6509
-79.0405
-79.0405
-78.4302
-79.3457
-78.7354
-79.0405
-78.7354
-79.3457
-79.3457
-79.0405
-79.3457
-79.0405
-79.6509
-79.3457
-79.6509
-78.4302
-79.6509
-79.0405
-79.3457
-79.3457
-79.6509
-79.9561
-79.0405
-79.3457
-79.0405
-79.6509
-78.7354
-79.0405
-79.0405
-78.125
-78.4302
-78.4302
-79.0405
-78.7354
-79.0405
-79.3457
-79.3457
-79.6509
-79.3457
-79.3457
-79.3457
-78.7354
-78.7354
-78.4302
-79.0405
-79.6509
-80.2612
-80.2612
-80.8716
-81.4819
-79.9561
-79.6509
-79.6509
-79.6509
-79.0405
-77.8198
-78.7354
-78.4302
-79.6509
-79.6509
-79.9561
-78.7354
-78.7354
-77.8198
-78.4302
-78.7354
-78.7354
-80.2612
-79.6509
-81.1768
-79.6509
-79.3457
-78.125
-77.8198
-78.125
-77.8198
-79.3457
-79.9561
-79.3457
-79.0405
-79.0405
-79.3457
-79.3457
-79.3457
-79.6509
-79.3457
-79.9561
-79.9561
-80.8716
-80.2612
-80.5664
-79.9561
-80.2612
-79.6509
-80.5664
-79.6509
-79.3457
-79.9561
-79.3457
-79.0405
-78.7354
-79.0405
-79.0405
-79.6509
-79.6509
-78.7354
-78.7354
-78.7354
-79.0405
-78.4302
-78.7354
-78.125
-78.125
-79.3457
-78.125
-79.3457
-78.7354
-79.3457
-80.2612
-80.5664
-80.8716
-80.5664
-81.1768
-79.3457
-80.8716
-79.6509
-79.9561
-79.0405
-78.4302
-78.4302
-78.4302
-78.7354
-78.7354
-78.4302
-79.3457
-79.3457
-80.5664
-79.9561
-79.6509
-78.4302
-79.0405
-78.4302
-79.6509
-79.3457
-79.6509
-79.0405
-78.4302
-79.6509
-79.6509
-80.8716
-79.9561
-79.3457
-79.0405
-78.4302
-79.0405
-78.4302
-79.0405
-79.6509
-80.5664
-80.8716
-81.1768
-79.9561
-79.3457
-79.9561
-79.6509
-78.7354
-79.6509
-79.3457
-80.2612
-78.7354
-79.3457
-78.125
-78.4302
-77.8198
-78.125
-78.4302
-78.7354
-79.9561
-79.6509
-79.3457
-79.0405
-79.3457
-79.0405
-78.7354
-79.6509
-78.125
-79.3457
-79.9561
-79.9561
-80.2612
-79.3457
-80.5664
-79.6509
-79.9561
-80.5664
-79.3457
-79.9561
-78.7354
-80.2612
-79.6509
-79.9561
-79.0405
-79.0405
-78.7354
-78.7354
-78.7354
-77.5146
-78.4302
-77.5146
-78.4302
-77.8198
-77.5146
-78.125
-76.9043
-79.0405
-78.4302
-79.3457
-79.3457
-79.6509
-80.8716
-80.2612
-80.8716
-80.2612
-79.3457
-79.9561
-79.0405
-78.125
-78.7354
-78.125
-77.8198
-78.4302
-78.4302
-79.0405
-79.3457
-80.2612
-80.5664
-80.2612
-80.2612
-79.9561
-79.9561
-79.3457
-79.3457
-79.0405
-77.8198
-79.0405
-77.8198
-79.0405
-79.9561
-80.5664
-79.9561
-78.7354
-79.0405
-78.125
-78.4302
-77.8198
-79.0405
-79.3457
-79.3457
-80.8716
-80.5664
-80.8716
-79.9561
-79.6509
-79.0405
-78.7354
-78.125
-79.0405
-79.9561
-79.9561
-80.5664
-79.6509
-79.3457
-78.7354
-78.7354
-78.7354
-79.9561
-81.4819
-80.2612
-80.2612
-79.0405
-78.7354
-79.0405
-77.8198
-78.125
-78.4302
-78.4302
-78.7354
-78.7354
-79.3457
-79.3457
-80.2612
-79.3457
-79.6509
-80.2612
-79.3457
-79.9561
-79.9561
-80.2612
-79.6509
-80.2612
-78.7354
-78.4302
-79.3457
-78.4302
-79.3457
-77.8198
-78.4302
-77.5146
-78.125
-78.7354
-79.6509
-78.4302
-78.7354
-79.6509
-79.9561
-79.3457
-79.6509
-79.9561
-80.2612
-79.9561
-80.5664
-79.6509
-79.3457
-79.0405
-78.7354
-78.4302
-77.5146
-77.8198
-77.5146
-77.5146
-77.8198
-78.7354
-78.7354
-79.9561
-80.2612
-80.8716
-81.4819
-81.1768
-80.2612
-79.0405
-79.3457
-78.7354
-77.8198
-77.5146
-77.5146
-78.7354
-78.7354
-79.3457
-79.9561
-79.6509
-80.2612
-79.6509
-79.0405
-78.4302
-78.4302
-77.5146
-78.4302
-78.4302
-79.3457
-79.6509
-79.0405
-78.7354
-78.4302
-79.0405
-77.5146
-77.5146
-78.125
-78.7354
-79.6509
-79.9561
-79.9561
-79.3457
-79.3457
-78.4302
-78.7354
-79.3457
-79.3457
-80.5664
-79.6509
-79.0405
-78.7354
-77.5146
-77.5146
-76.9043
-77.2095
-78.125
-79.3457
-79.9561
-79.6509
-79.6509
-79.9561
-80.2612
-79.6509
-79.3457
-79.0405
-79.9561
-79.0405
-78.7354
-78.125
-78.125
-78.4302
-78.125
-78.7354
-77.5146
-77.8198
-77.8198
-77.8198
-78.7354
-78.4302
-79.0405
-77.2095
-78.7354
-78.125
-79.0405
-79.3457
-78.4302
-79.0405
-79.3457
-79.3457
-79.0405
-79.9561
-79.3457
-78.4302
-77.8198
-78.4302
-78.7354
-78.125
-77.8198
-78.4302
-77.5146
-78.125
-78.125
-78.4302
-78.4302
-78.7354
-79.0405
-79.3457
-79.6509
-78.125
-78.125
-77.5146
-77.5146
-77.2095
-77.5146
-77.5146
-77.8198
-79.0405
-79.6509
-79.6509
-80.5664
-79.6509
-79.9561
-78.4302
-79.0405
-77.8198
-77.8198
-76.9043
-79.0405
-78.7354
-78.7354
-79.0405
-77.8198
-78.7354
-77.2095
-78.125
-77.8198
-78.4302
-78.7354
-79.0405
-79.0405
-78.4302
-78.7354
-77.2095
-77.5146
-77.8198
-78.4302
-78.4302
-78.7354
-79.0405
-78.4302
-78.4302
-77.5146
-77.5146
-77.8198
-77.5146
-79.6509
-79.0405
-80.2612
-79.9561
-80.5664
-79.9561
-79.9561
-80.5664
-79.3457
-79.0405
-78.4302
-78.7354
-78.7354
-79.0405
-78.125
-78.4302
-78.125
-77.8198
-78.4302
-78.4302
-78.4302
-78.125
-77.8198
-77.2095
-76.2939
-77.5146
-77.2095
-77.5146
-77.8198
-77.5146
-77.8198
-78.4302
-79.0405
-79.0405
-79.0405
-79.6509
-79.3457
-78.7354
-79.3457
-79.0405
-79.3457
-78.7354
-78.7354
-78.4302
-77.5146
-77.8198
-78.4302
-77.2095
-78.125
-78.4302
-79.6509
-78.125
-78.4302
-78.7354
-77.8198
-78.4302
-77.8198
-77.5146
-77.8198
-78.125
-77.8198
-77.8198
-78.7354
-79.0405
-79.6509
-77.5146
-77.8198
-77.8198
-77.2095
-77.2095
-77.2095
-77.2095
-77.5146
-78.7354
-79.3457
-79.6509
-80.8716
-79.0405
-78.7354
-77.8198
-78.7354
-78.7354
-78.7354
-78.4302
-79.3457
-78.7354
-77.8198
-77.5146
-77.5146
-77.8198
-77.2095
-77.8198
-77.8198
-79.0405
-78.4302
-77.8198
-78.7354
-77.5146
-78.7354
-77.8198
-78.125
-77.5146
-78.125
-78.7354
-78.7354
-79.3457
-78.4302
-78.7354
-78.7354
-79.0405
-79.3457
-78.7354
-79.3457
-79.0405
-79.6509
-79.3457
-79.3457
-79.6509
-79.0405
-79.0405
-78.125
-78.7354
-77.8198
-77.5146
-77.5146
-77.2095
-77.5146
-76.9043
-77.5146
-77.5146
-77.8198
-78.7354
-78.4302
-79.0405
-79.6509
-79.6509
-80.2612
-79.9561
-79.9561
-79.0405
-79.0405
-77.8198
-77.8198
-77.8198
-77.8198
-77.5146
-78.125
-77.8198
-77.8198
-79.3457
-79.0405
-79.6509
-80.2612
-79.9561
-79.3457
-78.7354
-79.3457
-78.7354
-77.8198
-77.8198
-77.5146
-78.4302
-77.8198
-79.0405
-78.7354
-78.7354
-78.4302
-77.2095
-77.5146
-77.2095
-77.5146
-77.8198
-79.0405
-79.3457
-80.8716
-80.5664
-80.2612
-79.3457
-78.7354
-78.4302
-77.5146
-78.4302
-78.125
-78.7354
-79.6509
-78.4302
-79.0405
-78.4302
-78.4302
-77.8198
-78.7354
-79.0405
-79.6509
-79.9561
-79.6509
-79.6509
-77.8198
-77.8198
-77.5146
-77.5146
-77.5146
-78.4302
-78.125
-78.4302
-78.7354
-78.125
-78.7354
-79.0405
-78.7354
-79.9561
-79.3457
-79.0405
-79.9561
-79.0405
-79.6509
-79.3457
-79.0405
-78.125
-78.7354
-77.5146
-78.4302
-77.2095
-77.2095
-77.2095
-78.125
-78.125
-77.5146
-79.0405
-78.4302
-78.4302
-78.4302
-78.7354
-79.6509
-79.0405
-79.0405
-79.6509
-79.6509
-78.4302
-78.125
-78.125
-77.5146
-76.9043
-76.9043
-77.2095
-76.5991
-77.2095
-77.2095
-77.5146
-79.0405
-78.7354
-80.2612
-79.0405
-79.6509
-79.0405
-78.7354
-78.4302
-78.4302
-77.8198
-76.2939
-76.9043
-77.8198
-77.5146
-78.4302
-79.0405
-79.9561
-78.7354
-78.7354
-78.4302
-78.4302
-77.5146
-77.8198
-77.8198
-77.5146
-79.0405
-78.7354
-78.4302
-77.5146
-77.5146
-76.9043
-76.9043
-76.5991
-77.5146
-78.125
-78.125
-79.0405
-79.3457
-78.4302
-78.125
-77.5146
-78.4302
-78.4302
-79.0405
-79.0405
-79.6509
-78.4302
-77.2095
-76.9043
-76.5991
-76.5991
-77.8198
-78.4302
-78.125
-77.8198
-79.3457
-78.7354
-80.2612
-79.0405
-79.6509
-79.3457
-78.125
-79.0405
-77.5146
-78.4302
-77.5146
-77.2095
-77.2095
-76.5991
-76.5991
-76.5991
-77.5146
-76.9043
-77.5146
-76.5991
-77.2095
-77.5146
-76.5991
-78.7354
-77.5146
-78.7354
-77.5146
-78.4302
-78.7354
-78.4302
-78.4302
-78.4302
-78.4302
-78.125
-77.8198
-77.2095
-77.8198
-77.2095
-77.2095
-77.8198
-77.2095
-77.2095
-77.5146
-76.9043
-77.2095
-77.2095
-78.4302
-77.8198
-79.0405
-77.5146
-78.4302
-77.2095
-76.5991
-75.9888
-76.5991
-76.5991
-76.5991
-77.2095
-77.5146
-78.7354
-79.6509
-79.3457
-79.0405
-78.7354
-78.4302
-77.8198
-77.2095
-77.2095
-76.9043
-77.2095
-77.8198
-78.4302
-77.5146
-77.8198
-77.2095
-76.5991
-77.2095
-77.2095
-77.5146
-77.2095
-77.8198
-78.7354
-77.5146
-77.2095
-76.5991
-76.9043
-75.9888
-77.2095
-76.9043
-77.8198
-78.4302
-77.5146
-77.2095
-77.2095
-77.2095
-76.9043
-77.2095
-77.8198
-78.4302
-78.7354
-77.8198
-79.0405
-79.0405
-79.6509
-79.0405
-79.0405
-78.4302
-78.7354
-78.7354
-77.2095
-77.8198
-77.8198
-76.9043
-77.8198
-77.8198
-78.4302
-77.5146
-76.5991
-77.8198
-77.8198
-77.5146
-76.5991
-77.2095
-76.2939
-76.9043
-76.2939
-76.9043
-77.5146
-77.8198
-77.5146
-77.5146
-78.7354
-78.4302
-79.3457
-79.3457
-79.3457
-79.6509
-79.0405
-79.0405
-78.7354
-78.7354
-77.8198
-77.8198
-77.8198
-78.125
-77.2095
-77.8198
-78.125
-78.125
-79.3457
-78.125
-78.125
-77.8198
-77.5146
-78.125
-77.5146
-77.5146
-76.9043
-78.125
-78.125
-79.0405
-78.125
-79.3457
-78.4302
-77.8198
-77.5146
-76.2939
-77.5146
-76.9043
-78.125
-77.8198
-78.7354
-79.6509
-79.3457
-79.6509
-79.3457
-79.0405
-79.0405
-77.8198
-77.5146
-78.4302
-79.3457
-78.7354
-77.8198
-78.125
-76.5991
-77.2095
-76.9043
-78.125
-78.4302
-78.7354
-78.7354
-78.7354
-78.4302
-77.5146
-78.7354
-76.5991
-77.8198
-78.4302
-78.4302
-78.7354
-78.4302
-79.3457
-78.7354
-79.0405
-79.3457
-79.0405
-79.3457
-79.0405
-79.0405
-79.0405
-78.7354
-79.0405
-79.6509
-79.6509
-79.3457
-79.0405
-78.7354
-78.4302
-78.4302
-77.8198
-77.2095
-77.8198
-76.9043
-77.2095
-77.8198
-77.5146
-77.8198
-78.125
-78.7354
-79.6509
-79.9561
-80.8716
-80.2612
-81.4819
-79.0405
-79.3457
-78.7354
-78.4302
-78.4302
-78.4302
-77.8198
-77.5146
-78.4302
-77.8198
-78.7354
-79.6509
-79.6509
-80.2612
-79.6509
-79.9561
-79.3457
-79.6509
-79.0405
-79.0405
-78.7354
-78.125
-78.7354
-78.7354
-79.0405
-79.6509
-78.7354
-78.4302
-78.125
-77.8198
-77.8198
-78.4302
-77.5146
-78.7354
-78.4302
-79.9561
-79.9561
-80.5664
-79.3457
-79.9561
-78.4302
-77.8198
-78.4302
-77.8198
-79.0405
-78.7354
-79.6509
-79.0405
-78.125
-78.7354
-77.8198
-79.3457
-79.6509
-80.8716
-79.9561
-80.2612
-79.9561
-78.7354
-79.0405
-78.125
-78.7354
-78.4302
-78.125
-79.0405
-79.3457
-79.9561
-79.0405
-79.9561
-79.0405
-79.3457
-79.0405
-79.3457
-78.7354
-79.3457
-79.9561
-79.9561
-79.6509
-80.2612
-79.6509
-79.6509
-78.4302
-78.7354
-78.4302
-78.7354
-78.125
-78.4302
-78.7354
-79.0405
-79.0405
-78.7354
-79.9561
-80.2612
-79.9561
-80.8716
-79.9561
-80.8716
-80.8716
-79.9561
-78.7354
-79.3457
-78.7354
-78.7354
-78.4302
-77.5146
-77.5146
-77.5146
-78.125
-78.7354
-78.7354
-79.0405
-79.0405
-79.9561
-79.9561
-81.1768
-79.6509
-80.2612
-79.0405
-79.3457
-79.0405
-77.8198
-78.4302
-78.125
-79.0405
-79.3457
-80.2612
-80.8716
-79.9561
-79.9561
-79.3457
-79.9561
-79.3457
-78.4302
-79.3457
-79.0405
-79.6509
-80.2612
-80.5664
-79.6509
-78.7354
-78.4302
-77.8198
-77.5146
-77.8198
-78.7354
-78.7354
-80.2612
-79.6509
-79.0405
-79.3457
-78.4302
-79.6509
-79.3457
-80.2612
-80.2612
-80.2612
-80.5664
-79.3457
-78.4302
-78.4302
-77.5146
-79.0405
-78.7354
-79.6509
-79.9561
-80.8716
-80.8716
-80.8716
-79.6509
-80.2612
-80.2612
-79.9561
-79.9561
-79.3457
-79.6509
-78.7354
-79.0405
-78.4302
-78.125
-78.7354
-77.5146
-77.5146
-77.5146
-77.8198
-78.4302
-78.4302
-78.7354
-79.0405
-79.9561
-79.0405
-80.2612
-80.5664
-80.8716
-81.1768
-80.2612
-81.1768
-79.6509
-80.2612
-79.6509
-79.6509
-78.7354
-79.6509
-78.7354
-78.4302
-78.7354
-78.4302
-79.6509
-79.3457
-79.6509
-79.6509
-79.9561
-80.2612
-80.5664
-79.9561
-79.0405
-78.7354
-77.5146
-77.8198
-77.8198
-78.125
-78.4302
-78.4302
-78.7354
-79.3457
-79.0405
-80.8716
-80.2612
-80.2612
-79.6509
-79.3457
-78.7354
-79.3457
-79.6509
-79.9561
-79.6509
-80.2612
-79.9561
-78.7354
-78.7354
-78.7354
-77.8198
-78.4302
-78.4302
-79.6509
-79.3457
-80.2612
-79.6509
-79.6509
-78.7354
-79.0405
-78.4302
-77.8198
-78.7354
-78.4302
-79.9561
-79.3457
-78.4302
-78.125
-77.5146
-77.2095
-78.125
-78.4302
-79.3457
-81.4819
-80.2612
-80.8716
-80.2612
-80.5664
-80.2612
-79.6509
-79.9561
-79.0405
-79.0405
-78.7354
-77.5146
-79.0405
-77.8198
-77.8198
-77.5146
-77.8198
-76.9043
-78.4302
-77.8198
-78.125
-78.4302
-77.5146
-78.125
-78.125
-78.7354
-78.125
-78.7354
-79.0405
-79.0405
-79.6509
-78.7354
-79.6509
-78.7354
-78.4302
-78.125
-78.7354
-78.4302
-78.4302
-78.7354
-79.0405
-79.0405
-79.9561
-79.0405
-79.3457
-79.0405
-80.2612
-79.6509
-79.9561
-78.7354
-79.6509
-77.8198
-77.8198
-77.8198
-77.8198
-77.8198
-77.8198
-77.8198
-77.8198
-79.3457
-79.6509
-79.6509
-79.9561
-78.7354
-78.7354
-77.8198
-77.5146
-77.8198
-77.5146
-78.125
-77.8198
-79.3457
-79.0405
-79.6509
-79.6509
-78.7354
-79.0405
-77.5146
-79.0405
-78.4302
-79.3457
-79.3457
-80.5664
-79.6509
-79.0405
-77.5146
-77.8198
-77.5146
-78.125
-78.4302
-78.4302
-79.3457
-78.4302
-77.8198
-77.5146
-77.5146
-78.125
-78.4302
-79.0405
-78.4302
-79.3457
-79.6509
-79.3457
-78.7354
-78.4302
-79.0405
-77.5146
-77.8198
-77.8198
-77.5146
-78.4302
-77.5146
-78.4302
-78.125
-78.7354
-78.7354
-78.7354
-78.7354
-78.7354
-78.4302
-77.8198
-79.0405
-78.4302
-78.4302
-78.4302
-77.8198
-78.7354
-78.125
-78.4302
-78.4302
-79.6509
-78.7354
-79.0405
-79.3457
-78.4302
-79.0405
-77.5146
-78.7354
-78.4302
-78.7354
-77.8198
-78.4302
-77.5146
-77.2095
-78.7354
-77.8198
-79.9561
-79.0405
-79.6509
-79.0405
-79.0405
-78.7354
-78.7354
-78.7354
-79.0405
-79.0405
-79.3457
-78.4302
-79.9561
-79.6509
-80.2612
-79.3457
-78.7354
-78.4302
-78.125
-77.8198
-77.8198
-77.5146
-76.9043
-78.4302
-77.8198
-79.3457
-80.2612
-79.3457
-79.6509
-78.7354
-78.7354
-78.125
-78.125
-78.7354
-78.7354
-79.9561
-78.7354
-79.3457
-78.4302
-78.4302
-78.4302
-78.125
-79.0405
-79.0405
-79.9561
-80.2612
-80.2612
-79.0405
-78.4302
-79.0405
-78.4302
-79.0405
-76.9043
-79.6509
-79.0405
-79.6509
-79.0405
-78.7354
-78.7354
-78.4302
-78.4302
-78.125
-78.7354
-78.125
-79.3457
-78.4302
-78.7354
-79.3457
-78.7354
-79.0405
-78.4302
-78.4302
-78.4302
-78.125
-78.7354
-78.125
-79.0405
-78.4302
-79.0405
-78.7354
-79.6509
-79.9561
-80.5664
-80.8716
-81.1768
-80.2612
-80.2612
-80.2612
-79.6509
-79.0405
-79.6509
-78.125
-78.7354
-77.2095
-78.7354
-77.8198
-77.8198
-78.4302
-77.8198
-79.3457
-78.7354
-79.6509
-80.5664
-80.2612
-80.5664
-79.6509
-79.9561
-79.6509
-79.3457
-79.0405
-78.7354
-78.125
-78.7354
-79.3457
-80.2612
-80.8716
-79.6509
-80.2612
-80.2612
-79.0405
-79.9561
-79.0405
-79.6509
-79.6509
-80.2612
-79.3457
-80.8716
-80.2612
-79.6509
-79.3457
-78.4302
-78.125
-77.8198
-78.4302
-78.7354
-79.6509
-79.3457
-79.3457
-79.3457
-78.7354
-78.7354
-79.0405
-79.0405
-80.2612
-80.5664
-81.1768
-79.9561
-79.9561
-78.7354
-79.3457
-79.0405
-78.4302
-79.9561
-79.3457
-80.2612
-80.2612
-81.1768
-80.2612
-80.2612
-79.9561
-79.9561
-79.6509
-79.9561
-79.6509
-79.0405
-79.3457
-78.7354
-78.7354
-78.4302
-77.5146
-78.125
-77.8198
-77.8198
-78.125
-78.7354
-78.4302
-78.7354
-79.3457
-79.0405
-80.2612
-79.9561
-80.5664
-80.5664
-80.8716
-81.1768
-81.1768
-81.1768
-79.9561
-80.2612
-78.7354
-79.0405
-79.0405
-78.7354
-79.9561
-79.0405
-79.3457
-79.6509
-79.9561
-79.6509
-80.2612
-81.4819
-80.2612
-80.8716
-79.9561
-79.6509
-79.6509
-77.8198
-78.7354
-77.8198
-77.8198
-78.4302
-79.3457
-78.7354
-80.2612
-80.2612
-80.5664
-80.2612
-79.9561
-79.9561
-79.9561
-79.6509
-79.9561
-79.0405
-80.2612
-79.6509
-80.8716
-79.3457
-79.3457
-79.0405
-78.4302
-78.125
-78.4302
-79.3457
-79.3457
-80.8716
-81.4819
-81.1768
-79.6509
-79.3457
-78.4302
-77.8198
-78.7354
-79.3457
-80.2612
-79.0405
-79.0405
-77.8198
-78.4302
-77.8198
-78.4302
-78.4302
-78.4302
-79.6509
-79.9561
-80.2612
-80.2612
-79.3457
-79.9561
-79.0405
-80.2612
-79.6509
-79.9561
-79.3457
-78.7354
-77.8198
-78.4302
-78.7354
-77.5146
-77.8198
-77.5146
-78.125
-78.4302
-79.9561
-78.4302
-79.0405
-79.3457
-79.0405
-80.2612
-79.0405
-79.9561
-79.3457
-79.3457
-79.6509
-79.6509
-79.3457
-79.0405
-78.4302
-78.4302
-78.4302
-78.125
-78.4302
-78.7354
-77.5146
-78.4302
-78.4302
-79.3457
-79.3457
-79.6509
-80.5664
-80.2612
-81.1768
-79.6509
-79.3457
-78.4302
-78.4302
-78.125
-77.5146
-77.5146
-77.8198
-77.8198
-77.8198
-79.6509
-79.9561
-80.5664
-79.9561
-79.0405
-79.0405
-78.4302
-78.4302
-77.2095
-78.4302
-78.4302
-77.5146
-79.3457
-78.7354
-79.9561
-79.3457
-79.0405
-78.4302
-78.125
-78.4302
-79.0405
-79.6509
-80.5664
-81.1768
-80.8716
-80.5664
-79.0405
-78.7354
-79.0405
-78.125
-79.0405
-78.4302
-79.3457
-79.3457
-79.0405
-78.7354
-77.8198
-78.4302
-77.5146
-79.0405
-79.0405
-79.6509
-80.5664
-79.3457
-79.6509
-78.7354
-79.0405
-77.8198
-78.7354
-77.2095
-77.5146
-77.5146
-77.5146
-78.7354
-76.5991
-78.4302
-77.8198
-78.7354
-78.7354
-79.0405
-79.3457
-79.0405
-80.2612
-79.6509
-79.6509
-79.3457
-79.0405
-79.3457
-79.3457
-80.5664
-79.0405
-79.9561
-78.4302
-78.4302
-78.4302
-78.7354
-79.0405
-77.5146
-79.0405
-78.125
-78.7354
-78.125
-77.8198
-78.4302
-78.7354
-78.4302
-79.0405
-79.3457
-78.7354
-79.3457
-78.4302
-77.8198
-79.0405
-77.8198
-77.8198
-77.8198
-79.3457
-79.0405
-79.0405
-79.0405
-79.6509
-80.8716
-80.2612
-79.3457
-79.6509
-78.125
-78.125
-77.5146
-77.2095
-76.9043
-78.125
-78.4302
-78.7354
-79.3457
-79.3457
-78.4302
-78.4302
-78.4302
-78.125
-77.8198
-78.4302
-78.125
-79.0405
-79.0405
-79.3457
-77.8198
-77.2095
-77.2095
-77.2095
-77.5146
-78.125
-79.6509
-79.0405
-79.0405
-79.3457
-78.7354
-78.4302
-78.7354
-77.8198
-78.4302
-79.0405
-79.6509
-79.0405
-79.3457
-77.5146
-78.7354
-77.5146
-77.5146
-77.5146
-77.2095
-77.2095
-77.2095
-77.8198
-77.2095
-77.8198
-77.8198
-77.5146
-77.8198
-78.7354
-77.8198
-78.4302
-77.8198
-77.5146
-78.125
-77.5146
-78.7354
-78.7354
-78.7354
-79.0405
-79.0405
-79.0405
-79.6509
-80.5664
-79.0405
-79.9561
-78.7354
-79.3457
-79.0405
-77.8198
-78.4302
-77.2095
-77.8198
-77.5146
-77.8198
-77.8198
-77.5146
-77.8198
-78.125
-79.0405
-79.3457
-79.3457
-77.8198
-78.4302
-77.8198
-78.7354
-78.125
-78.4302
-78.125
-78.125
-78.4302
-77.8198
-78.7354
-79.0405
-78.4302
-79.3457
-78.125
-77.8198
-77.8198
-77.2095
-78.7354
-77.8198
-78.4302
-78.7354
-79.6509
-79.9561
-79.0405
-79.3457
-78.4302
-77.8198
-77.5146
-77.2095
-78.4302
-77.2095
-78.4302
-78.125
-78.4302
-77.5146
-77.2095
-77.2095
-77.5146
-77.5146
-78.7354
-79.3457
-79.9561
-79.3457
-78.7354
-77.8198
-77.5146
-77.5146
-78.4302
-78.4302
-79.0405
-79.3457
-78.7354
-78.7354
-78.7354
-77.8198
-78.4302
-78.7354
-77.8198
-78.7354
-78.4302
-78.4302
-78.4302
-76.5991
-78.125
-77.5146
-77.8198
-77.2095
-77.2095
-77.2095
-77.2095
-78.4302
-76.9043
-78.4302
-77.8198
-79.0405
-79.3457
-78.7354
-79.3457
-79.9561
-79.9561
-80.5664
-79.6509
-80.2612
-79.0405
-79.0405
-77.8198
-78.125
-78.4302
-78.4302
-77.8198
-77.8198
-78.7354
-78.4302
-79.9561
-79.3457
-80.2612
-79.9561
-80.5664
-79.9561
-79.3457
-79.6509
-78.7354
-78.4302
-77.8198
-78.125
-77.5146
-77.5146
-77.8198
-78.4302
-79.6509
-79.3457
-79.0405
-79.0405
-78.4302
-78.4302
-79.0405
-78.4302
-79.0405
-78.7354
-79.3457
-79.9561
-80.8716
-80.2612
-79.6509
-78.4302
-78.4302
-76.5991
-77.8198
-78.7354
-78.7354
-79.0405
-79.3457
-80.2612
-79.3457
-79.6509
-79.0405
-78.7354
-79.0405
-78.7354
-79.6509
-79.3457
-79.3457
-78.125
-77.8198
-77.8198
-76.9043
-77.8198
-78.125
-79.3457
-79.6509
-79.9561
-78.7354
-79.0405
-79.0405
-78.125
-78.7354
-79.6509
-79.6509
-77.8198
-78.4302
-77.8198
-77.8198
-78.4302
-77.8198
-78.4302
-77.2095
-77.8198
-78.7354
-79.3457
-79.3457
-79.9561
-79.6509
-79.0405
-79.6509
-79.6509
-79.9561
-80.2612
-79.0405
-79.3457
-78.7354
-78.4302
-78.125
-78.125
-78.125
-77.5146
-78.4302
-76.9043
-77.8198
-77.8198
-78.4302
-78.7354
-79.6509
-79.6509
-79.9561
-80.5664
-80.2612
-80.5664
-80.2612
-79.3457
-79.6509
-78.4302
-79.0405
-76.9043
-78.125
-77.2095
-78.4302
-77.5146
-79.0405
-79.6509
-79.3457
-79.6509
-79.3457
-79.3457
-79.3457
-78.4302
-77.5146
-77.2095
-79.0405
-77.2095
-79.3457
-78.7354
-79.6509
-78.7354
-78.7354
-78.4302
-77.2095
-78.7354
-77.2095
-78.4302
-79.3457
-79.9561
-81.1768
-80.2612
-80.2612
-78.7354
-79.3457
-77.8198
-78.7354
-77.5146
-78.7354
-79.0405
-78.7354
-78.125
-78.125
-77.2095
-77.2095
-77.2095
-79.0405
-79.6509
-79.9561
-78.7354
-78.4302
-77.5146
-77.2095
-77.8198
-77.2095
-77.2095
-76.2939
-77.5146
-76.9043
-77.2095
-77.2095
-77.5146
-77.5146
-77.2095
-77.8198
-77.5146
-79.0405
-78.125
-79.0405
-79.6509
-78.7354
-79.3457
-79.3457
-79.6509
-78.7354
-78.7354
-78.7354
-77.2095
-77.8198
-76.5991
-77.5146
-76.5991
-77.2095
-76.5991
-76.5991
-76.2939
-77.2095
-77.2095
-77.5146
-77.5146
-76.9043
-77.2095
-76.9043
-78.125
-78.125
-78.125
-77.5146
-77.2095
-77.2095
-76.5991
-76.5991
-77.2095
-76.2939
-77.2095
-77.2095
-78.125
-77.8198
-79.0405
-79.0405
-78.7354
-78.4302
-77.8198
-77.5146
-76.5991
-76.2939
-75.3784
-76.5991
-75.9888
-76.9043
-77.8198
-77.2095
-77.8198
-76.5991
-76.9043
-76.5991
-76.2939
-76.2939
-76.5991
-76.9043
-77.5146
-78.125
-77.5146
-76.5991
-76.9043
-76.2939
-75.9888
-76.2939
-77.2095
-77.2095
-78.4302
-77.8198
-77.8198
-77.8198
-77.2095
-77.2095
-76.5991
-76.9043
-76.9043
-77.8198
-77.5146
-77.5146
-76.9043
-77.5146
-77.2095
-77.5146
-77.8198
-77.5146
-77.2095
-78.4302
-77.5146
-78.4302
-77.5146
-78.4302
-78.125
-79.3457
-78.4302
-78.4302
-79.0405
-77.8198
-78.7354
-78.4302
-78.125
-78.4302
-78.4302
-77.8198
-77.5146
-77.8198
-77.8198
-77.5146
-78.125
-78.125
-77.8198
-77.8198
-78.125
-78.125
-78.4302
-77.5146
-77.8198
-76.2939
-76.9043
-76.5991
-76.2939
-76.9043
-76.2939
-76.9043
-76.9043
-76.9043
-77.5146
-78.4302
-79.0405
-78.7354
-79.3457
-79.3457
-79.0405
-79.6509
-77.8198
-77.8198
-77.8198
-77.2095
-77.2095
-76.5991
-77.2095
-76.9043
-77.8198
-78.125
-79.0405
-79.0405
-79.0405
-79.3457
-79.6509
-78.7354
-78.4302
-78.4302
-77.2095
-77.5146
-77.5146
-77.8198
-77.5146
-78.4302
-78.7354
-78.125
-78.7354
-77.2095
-77.8198
-77.5146
-76.9043
-77.2095
-77.5146
-78.125
-79.3457
-79.9561
-79.9561
-79.3457
-79.0405
-78.4302
-78.4302
-77.2095
-77.8198
-77.8198
-78.7354
-77.8198
-79.0405
-78.7354
-79.3457
-80.8716
-79.0405
-79.9561
-79.9561
-80.2612
-79.9561
-80.2612
-79.9561
-79.0405
-79.3457
-78.7354
-78.4302
-79.0405
-79.0405
-78.7354
-79.0405
-78.4302
-78.4302
-78.7354
-78.125
-78.4302
-78.4302
-78.4302
-78.7354
-78.125
-79.0405
-78.7354
-79.0405
-79.3457
-78.7354
-79.0405
-78.125
-78.125
-77.5146
-77.8198
-79.0405
-77.8198
-79.0405
-79.3457
-79.3457
-79.6509
-81.1768
-80.2612
-80.8716
-80.8716
-79.6509
-79.6509
-78.7354
-79.0405
-78.125
-78.125
-77.5146
-77.5146
-77.8198
-76.9043
-77.8198
-77.5146
-78.7354
-79.6509
-78.7354
-79.0405
-79.6509
-79.9561
-79.3457
-79.3457
-78.7354
-78.4302
-78.125
-77.8198
-79.0405
-78.4302
-79.3457
-78.7354
-79.6509
-79.0405
-79.0405
-79.0405
-78.4302
-79.3457
-78.4302
-79.0405
-78.4302
-79.6509
-80.2612
-79.6509
-80.2612
-78.7354
-78.4302
-77.2095
-77.5146
-77.2095
-78.4302
-77.8198
-77.8198
-79.0405
-77.8198
-79.0405
-79.0405
-78.7354
-79.3457
-78.7354
-79.6509
-78.7354
-79.9561
-78.7354
-79.3457
-78.125
-78.4302
-77.8198
-77.8198
-77.5146
-78.7354
-78.7354
-77.8198
-78.4302
-77.8198
-77.8198
-78.4302
-78.4302
-78.4302
-77.8198
-77.8198
-77.5146
-77.8198
-77.8198
-77.8198
-77.8198
-77.5146
-77.5146
-77.8198
-77.8198
-77.8198
-76.9043
-78.7354
-78.4302
-79.3457
-79.0405
-79.6509
-79.6509
-80.5664
-79.6509
-79.6509
-79.6509
-78.7354
-78.4302
-78.7354
-77.5146
-77.5146
-76.5991
-76.9043
-77.2095
-78.4302
-77.8198
-79.0405
-79.3457
-79.6509
-80.8716
-79.3457
-79.9561
-79.0405
-77.8198
-78.4302
-76.5991
-77.8198
-76.9043
-77.8198
-77.2095
-77.8198
-79.3457
-79.0405
-79.3457
-78.7354
-78.7354
-78.125
-78.7354
-79.0405
-78.4302
-79.3457
-78.7354
-79.9561
-79.6509
-80.2612
-79.9561
-79.9561
-78.4302
-78.4302
-76.9043
-77.5146
-78.125
-77.8198
-78.7354
-79.6509
-79.9561
-78.7354
-78.7354
-78.4302
-78.4302
-78.7354
-78.125
-77.8198
-77.8198
-77.8198
-77.5146
-77.5146
-77.5146
-77.2095
-77.5146
-77.8198
-77.8198
-78.4302
-77.8198
-78.7354
-77.8198
-78.7354
-78.7354
-79.0405
-79.0405
-79.3457
-79.6509
-78.7354
-78.7354
-78.7354
-79.0405
-79.0405
-79.0405
-79.3457
-78.4302
-79.0405
-78.4302
-79.3457
-79.6509
-79.3457
-79.6509
-79.0405
-79.3457
-78.4302
-79.6509
-78.7354
-78.4302
-77.2095
-77.8198
-78.125
-76.9043
-77.5146
-76.9043
-77.5146
-76.2939
-78.125
-78.7354
-78.7354
-79.3457
-79.3457
-79.0405
-79.3457
-79.0405
-79.3457
-78.4302
-78.4302
-78.125
-78.4302
-77.2095
-77.8198
-77.8198
-77.5146
-77.8198
-79.0405
-78.7354
-79.3457
-78.7354
-77.8198
-78.125
-78.125
-77.5146
-77.2095
-77.5146
-77.5146
-77.5146
-79.0405
-78.4302
-79.0405
-78.4302
-77.8198
-76.9043
-76.9043
-76.5991
-77.2095
-77.8198
-78.4302
-78.7354
-79.3457
-79.0405
-79.3457
-79.0405
-79.0405
-78.7354
-78.7354
-77.8198
-77.2095
-78.7354
-77.5146
-78.4302
-77.5146
-77.8198
-77.8198
-77.5146
-78.4302
-77.5146
-79.0405
-78.125
-78.4302
-78.4302
-79.0405
-79.0405
-78.7354
-79.0405
-78.7354
-78.7354
-78.4302
-79.0405
-78.4302
-79.0405
-79.3457
-78.7354
-79.6509
-78.4302
-79.6509
-79.0405
-79.9561
-79.6509
-79.6509
-79.0405
-79.3457
-79.6509
-79.3457
-78.7354
-79.0405
-78.4302
-77.8198
-77.2095
-77.5146
-77.2095
-77.8198
-77.5146
-77.5146
-77.8198
-77.5146
-79.0405
-79.3457
-79.6509
-79.6509
-79.9561
-79.0405
-79.0405
-78.7354
-78.125
-77.8198
-76.9043
-77.5146
-77.2095
-77.5146
-77.8198
-78.4302
-78.4302
-78.7354
-79.9561
-79.3457
-80.2612
-79.0405
-79.3457
-79.3457
-78.7354
-78.4302
-77.8198
-78.125
-78.4302
-78.7354
-79.0405
-79.0405
-78.7354
-77.8198
-77.8198
-77.2095
-77.5146
-77.2095
-78.4302
-78.4302
-79.3457
-79.6509
-79.9561
-79.6509
-78.4302
-78.4302
-78.125
-78.125
-77.5146
-77.8198
-77.8198
-78.4302
-79.0405
-78.7354
-79.3457
-79.3457
-79.6509
-80.2612
-79.9561
-80.5664
-80.2612
-79.9561
-80.5664
-80.2612
-80.5664
-79.6509
-79.9561
-78.4302
-79.0405
-78.4302
-79.6509
-78.7354
-78.125
-78.4302
-78.7354
-78.7354
-78.7354
-78.4302
-78.7354
-79.3457
-78.7354
-78.4302
-78.4302
-78.7354
-78.7354
-77.5146
-77.2095
-78.125
-77.5146
-77.5146
-77.5146
-78.125
-77.8198
-78.7354
-78.125
-79.0405
-79.9561
-79.3457
-79.9561
-80.2612
-80.5664
-79.9561
-79.6509
-78.4302
-78.4302
-77.8198
-77.8198
-77.2095
-77.2095
-76.2939
-76.9043
-77.8198
-77.8198
-78.7354
-79.9561
-78.7354
-79.9561
-79.6509
-79.6509
-79.3457
-79.6509
-79.0405
-78.4302
-78.4302
-77.5146
-78.7354
-79.0405
-79.6509
-79.6509
-79.6509
-79.3457
-78.4302
-78.7354
-78.7354
-78.7354
-78.7354
-79.0405
-79.0405
-79.6509
-79.9561
-79.3457
-78.7354
-78.4302
-77.8198
-77.5146
-77.5146
-78.4302
-77.5146
-79.0405
-78.7354
-79.0405
-79.3457
-79.3457
-79.0405
-79.6509
-79.6509
-79.6509
-79.3457
-79.3457
-79.3457
-79.3457
-79.3457
-79.0405
-78.4302
-79.0405
-78.4302
-78.125
-78.125
-78.4302
-79.0405
-78.7354
-78.7354
-78.4302
-79.3457
-78.7354
-78.7354
-78.7354
-78.4302
-78.125
-77.2095
-77.8198
-77.2095
-76.9043
-77.2095
-77.2095
-76.9043
-77.5146
-77.5146
-77.5146
-77.8198
-78.4302
-79.0405
-79.0405
-79.3457
-80.5664
-79.9561
-80.8716
-79.6509
-79.6509
-78.7354
-79.3457
-78.7354
-77.8198
-77.5146
-77.8198
-78.4302
-77.8198
-77.8198
-77.8198
-79.0405
-79.6509
-79.3457
-80.2612
-79.9561
-80.2612
-79.3457
-79.0405
-78.4302
-78.7354
-77.5146
-77.5146
-77.2095
-77.5146
-77.8198
-78.7354
-78.4302
-79.3457
-79.0405
-79.3457
-78.4302
-79.0405
-79.0405
-79.0405
-78.7354
-79.3457
-79.9561
-79.3457
-80.2612
-79.6509
-78.7354
-78.4302
-77.2095
-77.8198
-76.9043
-78.7354
-78.7354
-79.9561
-79.6509
-79.6509
-79.9561
-78.7354
-79.3457
-78.7354
-78.125
-79.0405
-78.125
-77.8198
-77.8198
-78.125
-77.2095
-78.7354
-76.5991
-77.2095
-76.5991
-77.5146
-77.2095
-77.8198
-78.4302
-77.5146
-78.125
-78.4302
-78.4302
-79.0405
-78.7354
-78.7354
-78.4302
-78.4302
-77.5146
-77.8198
-77.2095
-77.8198
-77.5146
-78.125
-78.125
-78.125
-79.0405
-78.4302
-79.6509
-79.9561
-79.0405
-79.6509
-79.3457
-79.3457
-77.8198
-78.4302
-78.125
-78.125
-77.5146
-77.5146
-76.9043
-77.5146
-76.9043
-77.5146
-77.8198
-77.5146
-77.8198
-78.7354
-78.7354
-80.5664
-79.6509
-80.2612
-80.2612
-79.0405
-79.6509
-77.5146
-78.4302
-77.8198
-76.9043
-76.9043
-76.5991
-77.8198
-77.5146
-78.4302
-78.4302
-79.6509
-79.0405
-78.7354
-78.4302
-78.4302
-77.2095
-76.9043
-77.5146
-77.8198
-78.7354
-78.4302
-78.4302
-79.3457
-78.125
-77.8198
-76.5991
-77.5146
-77.2095
-77.8198
-77.5146
-78.7354
-79.9561
-78.7354
-79.6509
-79.3457
-78.7354
-78.7354
-78.7354
-77.8198
-77.2095
-76.9043
-76.9043
-77.2095
-77.2095
-77.2095
-76.9043
-76.2939
-76.9043
-76.5991
-77.2095
-77.5146
-77.5146
-77.5146
-76.9043
-78.125
-76.9043
-77.2095
-77.2095
-77.2095
-77.5146
-76.5991
-77.5146
-77.2095
-77.8198
-77.5146
-77.8198
-78.125
-78.4302
-79.0405
-79.3457
-80.2612
-79.6509
-79.6509
-79.6509
-79.0405
-79.6509
-77.8198
-78.7354
-78.125
-78.4302
-77.8198
-77.2095
-77.8198
-76.2939
-77.8198
-76.9043
-77.2095
-77.5146
-77.8198
-77.8198
-77.8198
-78.4302
-79.0405
-79.6509
-79.3457
-79.0405
-78.4302
-78.7354
-78.125
-77.5146
-77.2095
-76.5991
-77.2095
-76.9043
-76.9043
-79.0405
-77.8198
-79.0405
-79.6509
-80.2612
-79.9561
-79.0405
-78.7354
-78.4302
-77.5146
-76.9043
-76.5991
-77.5146
-77.8198
-78.7354
-77.8198
-78.7354
-77.5146
-77.5146
-77.5146
-76.5991
-77.8198
-77.2095
-78.7354
-78.7354
-79.3457
-78.4302
-79.6509
-78.4302
-77.8198
-77.5146
-76.5991
-77.2095
-77.2095
-77.5146
-76.5991
-77.8198
-77.2095
-77.2095
-77.2095
-77.5146
-78.4302
-77.8198
-78.7354
-78.7354
-78.125
-77.8198
-77.5146
-77.8198
-76.9043
-77.8198
-77.8198
-76.9043
-77.2095
-76.9043
-77.5146
-77.5146
-78.125
-78.7354
-78.4302
-79.3457
-79.9561
-79.6509
-79.6509
-80.2612
-78.4302
-78.7354
-78.7354
-78.7354
-79.0405
-77.5146
-78.125
-77.8198
-77.8198
-77.8198
-77.5146
-78.7354
-77.8198
-78.7354
-78.125
-78.4302
-77.8198
-79.0405
-79.0405
-79.3457
-80.2612
-78.7354
-79.0405
-78.7354
-77.8198
-77.5146
-77.2095
-77.5146
-76.2939
-76.5991
-77.2095
-76.9043
-77.5146
-78.4302
-79.3457
-79.3457
-79.6509
-79.3457
-79.9561
-78.4302
-78.4302
-78.4302
-77.2095
-77.8198
-76.9043
-77.8198
-77.8198
-79.9561
-79.6509
-79.6509
-79.6509
-79.3457
-79.3457
-78.4302
-78.4302
-78.4302
-78.4302
-79.0405
-78.7354
-79.3457
-78.125
-78.4302
-76.9043
-77.8198
-76.5991
-77.5146
-77.2095
-77.5146
-77.8198
-77.2095
-77.8198
-77.5146
-79.0405
-78.7354
-79.3457
-79.0405
-79.3457
-79.9561
-78.7354
-78.7354
-78.7354
-79.3457
-78.4302
-78.7354
-78.7354
-79.0405
-79.3457
-79.9561
-79.6509
-79.3457
-79.9561
-79.6509
-79.6509
-80.2612
-79.9561
-80.2612
-79.0405
-79.3457
-79.0405
-78.4302
-77.8198
-77.5146
-77.8198
-77.8198
-78.125
-77.5146
-77.5146
-77.8198
-77.8198
-78.4302
-77.8198
-79.6509
-78.125
-79.0405
-78.7354
-79.0405
-79.3457
-79.3457
-78.7354
-79.3457
-79.9561
-79.3457
-79.3457
-79.3457
-78.7354
-79.3457
-78.4302
-78.7354
-78.7354
-78.4302
-79.0405
-78.7354
-79.3457
-79.3457
-79.3457
-79.6509
-79.3457
-78.7354
-78.125
-78.4302
-77.2095
-78.125
-77.2095
-77.8198
-77.8198
-78.4302
-78.7354
-80.2612
-80.5664
-79.6509
-80.2612
-78.7354
-79.3457
-79.0405
-77.5146
-78.7354
-77.8198
-79.3457
-78.7354
-80.5664
-79.6509
-78.7354
-78.4302
-78.4302
-79.0405
-78.7354
-79.3457
-79.3457
-79.0405
-79.6509
-78.7354
-79.6509
-79.6509
-80.2612
-79.0405
-79.3457
-79.3457
-78.4302
-79.0405
-78.7354
-79.6509
-79.3457
-79.3457
-78.7354
-79.3457
-80.8716
-79.3457
-81.4819
-80.2612
-80.8716
-79.9561
-80.8716
-79.9561
-79.6509
-79.6509
-79.0405
-78.4302
-78.125
-77.8198
-78.7354
-78.4302
-79.0405
-78.4302
-78.125
-78.125
-78.125
-78.125
-78.4302
-78.4302
-77.8198
-78.125
-78.4302
-78.7354
-78.7354
-78.7354
-79.9561
-78.7354
-79.3457
-79.3457
-79.3457
-78.4302
-79.0405
-78.125
-78.4302
-79.0405
-79.0405
-78.7354
-79.0405
-79.0405
-79.3457
-79.6509
-80.2612
-79.6509
-79.3457
-78.4302
-79.3457
-77.8198
-78.125
-77.5146
-78.7354
-78.4302
-78.7354
-79.3457
-78.7354
-80.2612
-79.6509
-80.8716
-79.3457
-78.7354
-78.4302
-78.125
-77.8198
-77.8198
-78.125
-78.4302
-79.0405
-80.2612
-79.0405
-79.0405
-78.4302
-78.7354
-78.4302
-78.7354
-79.6509
-79.0405
-80.2612
-80.2612
-80.8716
-80.2612
-80.8716
-79.9561
-79.6509
-79.3457
-79.3457
-79.3457
-79.3457
-78.7354
-79.0405
-79.0405
-79.3457
-79.0405
-79.3457
-79.0405
-79.6509
-79.0405
-79.6509
-78.7354
-78.4302
-78.7354
-78.7354
-78.7354
-78.4302
-78.7354
-77.8198
-78.4302
-78.4302
-78.4302
-79.6509
-78.125
-79.6509
-78.7354
-79.6509
-79.6509
-80.5664
-80.2612
-79.3457
-80.2612
-79.0405
-79.3457
-80.2612
-79.6509
-80.2612
-79.6509
-79.9561
-79.0405
-79.9561
-78.7354
-79.3457
-79.0405
-79.0405
-79.0405
-78.125
-78.7354
-78.125
-78.7354
-78.125
-79.3457
-79.6509
-79.0405
-79.6509
-79.9561
-79.9561
-79.9561
-79.6509
-79.0405
-79.0405
-79.0405
-78.7354
-79.3457
-79.9561
-79.6509
-80.5664
-80.5664
-81.7871
-81.1768
-79.9561
-78.7354
-79.0405
-78.4302
-77.2095
-77.8198
-77.8198
-79.0405
-79.9561
-79.9561
-78.7354
-79.3457
-78.7354
-78.4302
-78.4302
-78.125
-79.9561
-79.3457
-79.6509
-79.9561
-79.9561
-79.0405
-78.7354
-79.0405
-78.7354
-79.3457
-78.4302
-78.7354
-78.4302
-79.3457
-79.0405
-79.3457
-79.9561
-79.3457
-79.6509
-79.3457
-79.3457
-79.3457
-78.7354
-78.7354
-78.4302
-78.4302
-77.8198
-78.4302
-77.8198
-77.8198
-78.125
-77.2095
-78.125
-77.8198
-78.4302
-79.0405
-78.7354
-79.0405
-77.8198
-79.3457
-79.0405
-79.6509
-79.0405
-79.3457
-79.6509
-79.3457
-79.6509
-79.3457
-80.2612
-79.3457
-79.3457
-79.3457
-79.6509
-79.6509
-79.0405
-79.6509
-79.3457
-79.0405
-78.4302
-78.7354
-79.0405
-79.0405
-79.6509
-79.3457
-79.3457
-79.3457
-78.7354
-79.6509
-78.7354
-79.0405
-78.4302
-78.7354
-77.8198
-79.0405
-79.0405
-79.6509
-79.6509
-80.5664
-80.5664
-80.2612
-80.5664
-79.0405
-79.3457
-78.7354
-78.4302
-78.7354
-77.8198
-78.4302
-78.7354
-80.2612
-80.5664
-81.1768
-80.2612
-79.3457
-80.2612
-79.6509
-79.3457
-79.3457
-79.0405
-79.0405
-79.6509
-80.2612
-79.3457
-79.6509
-78.4302
-78.7354
-78.125
-78.125
-78.4302
-78.7354
-79.0405
-79.6509
-78.4302
-79.0405
-79.3457
-79.6509
-79.3457
-79.9561
-78.4302
-79.0405
-78.4302
-79.0405
-78.4302
-79.0405
-79.9561
-78.7354
-79.0405
-79.0405
-79.6509
-79.9561
-80.2612
-80.2612
-79.9561
-80.8716
-78.7354
-79.9561
-79.6509
-79.6509
-79.9561
-79.6509
-79.3457
-79.9561
-79.3457
-79.0405
-79.6509
-78.7354
-79.6509
-79.3457
-78.7354
-79.6509
-79.3457
-80.2612
-79.0405
-80.2612
-79.3457
-80.2612
-79.6509
-79.0405
-79.6509
-79.6509
-79.9561
-80.2612
-80.2612
-80.2612
-79.9561
-80.2612
-80.8716
-79.9561
-79.6509
-79.9561
-79.6509
-79.6509
-79.9561
-79.6509
-79.6509
-80.2612
-79.9561
-80.5664
-79.6509
-79.9561
-78.7354
-78.4302
-77.5146
-78.7354
-78.7354
-79.0405
-79.3457
-80.5664
-80.8716
-81.1768
-81.7871
-80.2612
-79.9561
-80.2612
-79.6509
-79.6509
-79.3457
-79.9561
-80.5664
-80.8716
-79.9561
-79.6509
-80.5664
-78.7354
-79.6509
-79.0405
-79.6509
-79.9561
-79.9561
-79.6509
-79.0405
-80.2612
-78.7354
-79.9561
-79.3457
-79.9561
-79.6509
-79.6509
-78.7354
-79.6509
-79.3457
-79.3457
-79.9561
-79.9561
-80.2612
-80.2612
-79.9561
-82.0923
-81.1768
-82.0923
-81.1768
-81.1768
-81.1768
-80.5664
-81.1768
-80.2612
-80.2612
-80.8716
-80.2612
-79.3457
-79.6509
-79.6509
-79.9561
-80.2612
-79.9561
-79.6509
-79.9561
-79.0405
-79.3457
-79.0405
-79.3457
-79.3457
-79.3457
-78.7354
-78.4302
-79.3457
-79.3457
-80.8716
-79.9561
-79.6509
-79.3457
-79.6509
-79.3457
-79.3457
-79.3457
-79.3457
-79.6509
-79.9561
-79.9561
-80.2612
-80.5664
-80.2612
-80.2612
-81.1768
-79.3457
-80.5664
-78.125
-79.0405
-79.3457
-78.4302
-79.3457
-79.3457
-79.6509
-79.9561
-81.7871
-81.1768
-80.5664
-79.9561
-78.7354
-79.9561
-78.4302
-79.6509
-77.8198
-79.3457
-79.3457
-79.6509
-79.6509
-79.3457
-79.6509
-79.0405
-78.4302
-78.7354
-79.0405
-79.3457
-79.6509
-81.1768
-80.8716
-81.4819
-80.8716
-81.1768
-81.4819
-80.2612
-80.8716
-79.9561
-79.9561
-79.0405
-79.6509
-80.2612
-80.5664
-80.2612
-80.2612
-80.2612
-81.1768
-80.5664
-79.9561
-80.2612
-79.9561
-79.9561
-79.3457
-79.3457
-79.6509
-79.0405
-78.7354
-78.7354
-78.7354
-78.7354
-78.4302
-79.0405
-78.7354
-79.3457
-79.3457
-79.0405
-79.3457
-79.6509
-79.9561
-79.9561
-80.2612
-80.2612
-80.2612
-80.2612
-80.2612
-80.5664
-79.9561
-80.8716
-79.9561
-79.9561
-79.3457
-79.9561
-79.9561
-79.3457
-80.2612
-79.6509
-79.3457
-79.9561
-79.6509
-79.0405
-79.0405
-80.2612
-79.6509
-80.8716
-79.3457
-80.2612
-79.6509
-79.3457
-79.0405
-79.3457
-79.9561
-79.3457
-79.6509
-79.6509
-79.9561
-81.1768
-81.7871
-82.3975
-81.7871
-80.8716
-79.9561
-79.3457
-79.3457
-79.0405
-79.6509
