-70.4956
-49.7437
-33.5693
-28.3813
-21.9727
-16.1743
-12.5122
-8.54492
-4.27246
1.2207
6.40869
0.610352
10.0708
26.2451
34.79
36.9263
38.7573
37.2314
37.8418
36.9263
36.3159
35.7056
35.0952
36.0107
35.7056
36.9263
36.3159
36.6211
36.0107
35.4004
34.79
33.2642
33.5693
32.6538
33.5693
32.6538
32.959
32.3486
31.4331
32.0435
30.2124
31.1279
31.1279
31.4331
30.8228
30.8228
30.5176
28.9917
28.6865
27.1606
27.1606
27.771
26.8555
27.1606
26.5503
26.8555
26.2451
26.8555
25.6348
26.2451
25.6348
25.9399
25.9399
26.2451
25.6348
25.6348
25.6348
26.2451
25.6348
25.0244
24.4141
24.7192
23.4985
24.1089
23.8037
22.583
21.9727
23.1934
22.8882
21.9727
22.8882
21.9727
21.9727
22.2778
21.9727
21.0571
20.1416
20.1416
18.9209
19.5313
18.6157
18.6157
17.395
17.395
17.395
17.0898
17.395
17.0898
17.7002
18.3105
18.3105
18.9209
18.3105
18.9209
18.3105
18.6157
18.9209
17.7002
17.0898
17.395
16.4795
16.1743
15.8691
15.8691
15.2588
14.3433
14.3433
13.4277
13.7329
13.7329
13.1226
14.3433
13.4277
14.0381
13.4277
13.4277
14.0381
14.0381
12.8174
12.5122
12.207
11.9019
11.2915
11.2915
10.9863
10.9863
9.46045
10.0708
9.15527
10.0708
10.0708
10.9863
10.6812
10.6812
10.376
9.46045
9.76563
10.376
9.46045
9.46045
8.54492
8.23975
7.01904
7.93457
7.62939
7.62939
7.32422
7.62939
7.01904
7.32422
7.01904
7.01904
6.71387
6.40869
6.10352
5.79834
4.57764
4.88281
3.66211
2.74658
3.05176
1.83105
2.13623
0.305176
1.83105
1.52588
1.52588
1.83105
1.83105
1.83105
2.13623
2.44141
2.44141
2.13623
1.52588
2.13623
0.610352
0.915527
0.305176
-0.610352
-0.305176
-1.52588
-1.2207
-0.915527
-1.52588
-0.915527
-2.13623
-1.52588
-1.83105
-1.52588
-2.74658
-2.74658
-3.35693
-3.35693
-3.96729
-4.27246
-4.57764
-4.88281
-5.79834
-5.79834
-6.10352
-5.49316
-6.10352
-5.18799
-5.49316
-6.10352
-6.10352
-7.01904
-7.01904
-7.01904
-6.40869
-7.32422
-7.32422
-7.62939
-8.23975
-8.23975
-9.15527
-7.93457
-10.0708
-9.76563
-10.9863
-10.6812
-11.2915
-10.6812
-10.9863
-11.5967
-10.9863
-11.5967
-12.8174
-12.8174
-13.4277
-14.0381
-14.6484
-14.6484
-15.564
-14.9536
-15.8691
-15.564
-16.4795
-15.564
-14.6484
-14.9536
-15.2588
-15.564
-15.8691
-16.1743
-16.7847
-16.1743
-17.395
-16.7847
-17.7002
-17.0898
-17.7002
-17.395
-18.9209
-18.6157
-18.6157
-19.5313
-19.5313
-19.2261
-19.5313
-20.4468
-20.752
-20.4468
-21.0571
-20.1416
-21.9727
-21.0571
-21.9727
-22.583
-23.1934
-23.1934
-23.4985
-23.1934
-23.1934
-23.4985
-23.4985
-23.8037
-23.8037
-23.1934
-23.1934
-22.2778
-22.2778
-22.8882
-23.4985
-22.2778
-23.1934
-23.1934
-23.4985
-23.4985
-24.1089
-24.4141
-25.0244
-25.3296
-26.2451
-25.9399
-26.8555
-26.2451
-27.4658
-26.8555
-27.1606
-26.5503
-27.4658
-26.8555
-27.1606
-26.8555
-27.771
-28.0762
-27.771
-28.3813
-28.0762
-28.0762
-29.2969
-28.0762
-29.6021
-29.2969
-29.9072
-29.9072
-29.9072
-30.2124
-30.2124
-30.5176
-31.1279
-31.4331
-30.2124
-31.1279
-31.4331
-32.0435
-32.3486
-32.3486
-31.4331
-31.7383
-32.6538
-32.3486
-33.5693
-32.959
-33.5693
-33.2642
-32.959
-32.6538
-33.2642
-32.6538
-32.6538
-33.5693
-33.2642
-33.2642
-34.1797
-33.5693
-34.79
-34.79
-35.4004
-34.4849
-35.7056
-36.0107
-36.0107
-36.0107
-36.6211
-37.5366
-36.3159
-36.3159
-34.4849
-35.7056
-35.4004
-34.4849
-35.4004
-34.79
-35.7056
-35.7056
-36.0107
-36.6211
-36.9263
-36.9263
-38.147
-37.8418
-38.147
-38.7573
-38.4521
-38.147
-38.4521
-38.147
-38.4521
-37.8418
-39.3677
-38.4521
-39.978
-39.0625
-39.978
-39.978
-40.2832
-41.5039
-40.8936
-41.1987
-40.8936
-40.8936
-40.5884
-40.8936
-41.1987
-40.8936
-40.5884
-40.8936
-41.1987
-40.5884
-41.5039
-40.5884
-40.8936
-41.8091
-40.5884
-42.7246
-41.8091
-41.8091
-42.4194
-42.4194
-43.335
-42.7246
-42.7246
-41.8091
-42.1143
-41.8091
-42.4194
-41.8091
-42.4194
-41.5039
-43.335
-43.9453
-42.7246
-43.9453
-43.9453
-44.8608
-44.8608
-45.166
-45.166
-44.8608
-45.4712
-43.9453
-44.5557
-44.2505
-43.9453
-44.2505
-43.335
-43.6401
-43.335
-44.5557
-44.2505
-44.8608
-44.5557
-45.4712
-45.166
-45.7764
-46.6919
-46.0815
-46.9971
-46.9971
-47.3022
-46.6919
-47.3022
-47.9126
-47.3022
-47.6074
-47.6074
-46.6919
-46.6919
-47.3022
-48.2178
-47.9126
-48.2178
-46.9971
-47.9126
-47.6074
-47.9126
-48.2178
-46.6919
-47.6074
-47.3022
-47.6074
-46.6919
-48.2178
-46.9971
-46.9971
-47.3022
-47.9126
-47.9126
-48.2178
-48.8281
-49.1333
-49.4385
-48.8281
-48.8281
-49.7437
-50.0488
-50.6592
-49.7437
-50.354
-49.1333
-49.7437
-49.7437
-49.4385
-49.4385
-48.8281
-50.0488
-49.1333
-49.7437
-50.0488
-50.354
-50.9644
-50.354
-51.8799
-51.5747
-51.8799
-50.6592
-51.5747
-51.8799
-51.5747
-52.7954
-52.4902
-52.7954
-52.4902
-52.4902
-51.8799
-52.4902
-52.4902
-52.1851
-53.4058
-52.4902
-53.4058
-52.4902
-53.4058
-52.7954
-53.4058
-52.7954
-53.1006
-53.7109
-53.1006
-53.7109
-54.6265
-53.7109
-54.6265
-55.2368
-54.3213
-53.7109
-53.4058
-54.3213
-54.6265
-54.3213
-54.3213
-54.3213
-54.9316
-55.2368
-53.7109
-54.9316
-54.9316
-54.6265
-55.542
-54.9316
-55.8472
-55.542
-55.542
-55.8472
-56.4575
-55.2368
-56.4575
-55.8472
-57.0679
-56.7627
-55.8472
-56.7627
-56.1523
-56.4575
-56.4575
-56.4575
-55.2368
-55.2368
-56.1523
-55.2368
-55.8472
-55.542
-55.2368
-55.8472
-55.8472
-56.1523
-55.8472
-56.1523
-56.1523
-57.373
-56.7627
-56.7627
-56.7627
-56.7627
-56.7627
-56.7627
-57.373
-56.7627
-57.0679
-56.4575
-57.0679
-57.0679
-57.373
-57.6782
-57.9834
-58.2886
-59.2041
-58.2886
-59.5093
-59.2041
-60.1196
-58.8989
-59.8145
-59.5093
-59.8145
-59.2041
-59.2041
-59.2041
-59.5093
-58.8989
-57.9834
-59.2041
-58.2886
-58.2886
-58.5938
-57.373
-59.2041
-58.5938
-59.8145
-58.8989
-59.2041
-59.2041
-59.5093
-60.1196
-59.8145
-60.4248
-60.4248
-59.8145
-59.5093
-59.5093
-59.8145
-59.8145
-59.2041
-59.5093
-59.8145
-59.5093
-60.73
-60.73
-61.0352
-60.1196
-60.73
-60.73
-60.73
-60.4248
-60.4248
-59.8145
-59.8145
-59.8145
-58.8989
-60.4248
-58.8989
-59.8145
-59.5093
-59.8145
-60.1196
-60.4248
-60.1196
-61.9507
-61.3403
-60.73
-60.73
-60.73
-61.0352
-61.6455
-61.3403
-61.0352
-61.6455
-61.6455
-61.9507
-61.3403
-62.2559
-61.9507
-62.8662
-61.9507
-63.7817
-63.4766
-62.8662
-62.561
-62.2559
-62.2559
-62.2559
-62.2559
-62.2559
-60.73
-61.9507
-61.0352
-62.2559
-61.9507
-62.2559
-61.6455
-60.73
-62.2559
-62.561
-62.2559
-63.1714
-63.1714
-62.561
-62.561
-62.8662
-61.9507
-62.561
-61.9507
-63.1714
-62.561
-63.1714
-63.7817
-63.1714
-64.0869
-64.0869
-65.0024
-64.3921
-64.0869
-64.3921
-64.6973
-63.7817
-63.4766
-64.0869
-63.1714
-63.7817
-62.2559
-62.561
-62.561
-62.561
-61.6455
-62.8662
-63.7817
-63.1714
-64.6973
-64.0869
-64.0869
-64.3921
-63.7817
-64.3921
-64.0869
-64.3921
-64.3921
-64.3921
-64.0869
-64.0869
-63.7817
-63.4766
-64.0869
-63.1714
-64.6973
-64.3921
-64.3921
-64.0869
-64.3921
-65.3076
-64.3921
-65.3076
-63.7817
-64.6973
-64.0869
-64.0869
-63.4766
-63.7817
-63.7817
-63.4766
-64.0869
-63.1714
-63.7817
-64.0869
-64.0869
-64.0869
-64.3921
-64.3921
-64.3921
-64.3921
-64.6973
-65.6128
-65.918
-65.6128
-65.918
-65.3076
-65.3076
-65.0024
-65.6128
-65.3076
-65.3076
-64.3921
-64.3921
-64.6973
-64.6973
-65.3076
-65.0024
-65.3076
-65.6128
-65.6128
-65.0024
-65.6128
-65.3076
-64.6973
-65.0024
-64.6973
-65.0024
-64.3921
-64.6973
-64.3921
-64.3921
-64.6973
-64.6973
-66.2231
-65.0024
-66.5283
-66.8335
-67.1387
-66.5283
-67.1387
-67.1387
-66.8335
-66.5283
-66.2231
-66.2231
-65.6128
-65.6128
-65.3076
-65.3076
-65.0024
-65.3076
-66.5283
-66.2231
-66.8335
-67.4438
-67.749
-67.749
-66.8335
-66.8335
-65.918
-66.5283
-65.918
-66.2231
-65.6128
-65.3076
-66.2231
-65.918
-65.6128
-66.5283
-67.4438
-65.6128
-66.8335
-66.8335
-67.1387
-67.749
-67.749
-68.0542
-67.749
-68.6646
-68.0542
-68.6646
-67.749
-67.1387
-67.4438
-66.5283
-66.8335
-66.5283
-66.2231
-65.6128
-66.5283
-66.8335
-66.8335
-66.8335
-66.5283
-67.4438
-67.1387
-67.1387
-66.8335
-66.2231
-66.2231
-66.5283
-67.1387
-66.2231
-66.8335
-66.2231
-66.2231
-66.5283
-66.8335
-66.2231
-66.2231
-66.2231
-66.5283
-66.8335
-66.8335
-66.5283
-67.749
-68.0542
-68.6646
-68.6646
-68.6646
-68.9697
-69.2749
-68.6646
-68.6646
-68.9697
-68.3594
-68.0542
-67.4438
-67.749
-67.749
-68.3594
-67.749
-67.749
-68.6646
-67.4438
-67.4438
-67.4438
-67.1387
-67.1387
-67.749
-66.8335
-66.5283
-67.4438
-67.4438
-68.3594
-68.0542
-68.6646
-68.6646
-68.3594
-68.3594
-68.0542
-68.9697
-68.0542
-68.0542
-67.4438
-68.3594
-67.749
-68.6646
-68.9697
-69.2749
-69.5801
-68.3594
-70.1904
-68.3594
-68.6646
-67.749
-67.4438
-67.4438
-66.8335
-67.4438
-67.4438
-67.749
-68.3594
-68.6646
-67.4438
-67.4438
-68.3594
-67.1387
-68.0542
-67.4438
-67.4438
-67.1387
-67.4438
-67.749
-67.1387
-68.6646
-67.4438
-68.6646
-68.9697
-68.3594
-69.2749
-68.6646
-69.5801
-70.4956
-69.8853
-69.2749
-69.8853
-69.2749
-69.5801
-68.9697
-69.5801
-68.9697
-68.9697
-68.6646
-68.0542
-67.749
-68.6646
-68.6646
-68.9697
-68.0542
-68.9697
-68.6646
-69.2749
-68.3594
-68.6646
-68.6646
-68.3594
-68.0542
-68.0542
-68.3594
-67.4438
-68.0542
-67.4438
-68.0542
-68.6646
-67.749
-68.3594
-68.6646
-69.8853
-69.2749
-70.4956
-69.8853
-71.106
-71.4111
-70.8008
-71.106
-70.4956
-69.8853
-70.1904
-68.9697
-68.9697
-68.6646
-68.9697
-67.749
-68.6646
-67.1387
-68.0542
-68.6646
-68.9697
-69.2749
-68.9697
-70.4956
-70.1904
-70.4956
-69.2749
-69.5801
-69.5801
-68.9697
-68.6646
-68.6646
-68.9697
-68.6646
-68.6646
-68.9697
-69.8853
-70.8008
-70.4956
-70.8008
-70.4956
-71.4111
-70.4956
-71.106
-71.106
-70.4956
-70.4956
-69.2749
-69.8853
-69.5801
-69.8853
-69.8853
-70.1904
-69.5801
-69.2749
-69.8853
-70.1904
-70.4956
-70.4956
-70.4956
-70.8008
-70.4956
-71.4111
-70.4956
-71.4111
-70.4956
-70.4956
-70.4956
-70.1904
-70.8008
-70.4956
-70.4956
-70.4956
-71.106
-69.8853
-70.8008
-70.8008
-71.7163
-72.0215
-71.7163
-72.6318
-72.6318
-72.6318
-71.4111
-72.0215
-71.4111
-71.4111
-71.106
-70.4956
-69.5801
-69.8853
-69.8853
-69.5801
-70.4956
-69.2749
-69.8853
-69.8853
-68.9697
-70.4956
-69.2749
-71.106
-69.5801
-70.1904
-70.1904
-70.1904
-69.8853
-69.8853
-71.106
-70.4956
-71.106
-70.8008
-71.4111
-70.8008
-71.106
-70.8008
-70.4956
-70.8008
-70.1904
-70.1904
-70.1904
-70.1904
-69.8853
-69.8853
-70.1904
-70.1904
-71.4111
-71.4111
-70.8008
-70.8008
-70.4956
-70.1904
-68.9697
-69.2749
-69.2749
-70.1904
-69.2749
-70.8008
-71.106
-72.3267
-72.0215
-72.0215
-72.3267
-72.3267
-71.7163
-71.7163
-71.7163
-71.7163
-71.4111
-71.106
-71.7163
-72.3267
-71.7163
-72.3267
-72.0215
-72.6318
-72.6318
-73.5474
-72.3267
-72.0215
-72.3267
-71.7163
-71.7163
-71.4111
-70.8008
-71.106
-70.4956
-71.106
-69.8853
-70.8008
-70.4956
-71.106
-71.4111
-70.8008
-71.4111
-71.7163
-72.0215
-72.6318
-72.0215
-72.6318
-72.3267
-72.937
-72.0215
-72.3267
-71.7163
-72.6318
-72.6318
-72.3267
-72.0215
-72.0215
-72.6318
-72.0215
-72.6318
-72.0215
-72.0215
-72.0215
-71.7163
-72.3267
-72.0215
-72.0215
-71.106
-71.7163
-70.1904
-71.106
-70.4956
-70.1904
-70.1904
-71.106
-71.7163
-70.8008
-71.106
-71.106
-72.0215
-72.937
-72.3267
-73.2422
-73.2422
-73.2422
-72.3267
-72.6318
-71.4111
-72.0215
-71.4111
-71.4111
-71.7163
-71.7163
-72.0215
-72.6318
-73.8525
-72.937
-72.937
-72.937
-72.3267
-72.6318
-71.7163
-72.0215
-71.7163
-70.8008
-71.7163
-71.4111
-72.0215
-72.3267
-72.3267
-72.3267
-72.3267
-72.6318
-72.0215
-73.5474
-71.7163
-73.5474
-72.937
-72.937
-73.5474
-73.5474
-73.2422
-73.5474
-74.1577
-73.5474
-73.5474
-72.6318
-72.6318
-73.2422
-72.0215
-72.937
-72.3267
-72.3267
-72.3267
-72.3267
-72.0215
-72.6318
-73.2422
-72.6318
-72.3267
-72.937
-72.6318
-72.6318
-72.6318
-72.6318
-72.0215
-72.3267
-71.7163
-73.2422
-72.3267
-72.6318
-72.6318
-72.6318
-73.2422
-72.3267
-72.937
-72.3267
-73.2422
-73.8525
-72.6318
-73.5474
-72.6318
-72.937
-72.0215
-72.937
-72.3267
-72.3267
-70.4956
-71.4111
-71.106
-71.4111
-72.3267
-72.0215
-72.3267
-73.2422
-73.8525
-73.5474
-73.5474
-74.4629
-73.5474
-73.5474
-72.6318
-72.0215
-71.7163
-71.106
-72.0215
-71.106
-71.106
-71.7163
-71.106
-70.8008
-72.3267
-72.937
-72.937
-74.1577
-73.2422
-73.8525
-72.6318
-73.5474
-72.6318
-72.6318
-72.3267
-71.4111
-72.3267
-72.6318
-72.3267
-72.937
-72.3267
-72.937
-72.937
-72.937
-73.2422
-73.8525
-72.937
-72.937
-73.5474
-73.2422
-73.5474
-72.937
-72.3267
-73.2422
-73.5474
-72.0215
-73.2422
-73.8525
-72.937
-72.6318
-72.0215
-73.2422
-72.6318
-73.2422
-73.2422
-73.5474
-72.937
-73.5474
-73.8525
-73.8525
-73.8525
-74.1577
-72.937
-73.8525
-73.2422
-72.937
-72.0215
-73.5474
-72.6318
-72.937
-72.0215
-72.937
-73.5474
-72.3267
-73.5474
-72.6318
-72.937
-72.3267
-72.0215
-72.3267
-72.0215
-72.6318
-71.4111
-71.7163
-72.0215
-71.4111
-71.4111
-71.106
-71.4111
-70.1904
-71.4111
-71.106
-72.3267
-71.7163
-73.2422
-72.937
-72.6318
-73.2422
-72.937
-74.7681
-73.5474
-73.8525
-73.2422
-72.6318
-72.3267
-71.4111
-71.7163
-70.8008
-71.106
-71.4111
-70.8008
-72.3267
-72.3267
-72.937
-73.2422
-74.1577
-72.937
-73.5474
-72.3267
-72.0215
-71.4111
-71.4111
-70.4956
-70.1904
-71.4111
-72.0215
-72.3267
-72.6318
-72.3267
-72.3267
-72.3267
-73.2422
-72.6318
-72.6318
-72.6318
-73.2422
-73.2422
