-82.7026
-65.6128
-48.8281
-40.8936
-34.79
-29.2969
-21.9727
-15.564
-9.46045
-4.57764
0.305176
-4.88281
-2.13623
12.5122
24.7192
30.2124
30.2124
31.4331
32.3486
33.2642
33.2642
30.8228
31.1279
31.7383
32.6538
31.7383
30.2124
29.6021
30.2124
30.2124
28.6865
27.1606
26.8555
27.4658
28.6865
25.9399
24.4141
24.1089
25.3296
24.7192
22.583
21.0571
22.2778
22.2778
21.3623
18.9209
18.3105
19.2261
19.8364
18.3105
16.4795
16.4795
17.7002
16.4795
14.3433
13.7329
14.3433
14.6484
13.7329
11.9019
12.207
12.5122
11.9019
10.376
8.8501
9.76563
10.376
9.15527
7.32422
7.93457
8.8501
7.93457
6.71387
5.79834
6.40869
6.71387
5.49316
3.66211
4.57764
5.18799
3.35693
1.83105
1.83105
2.74658
2.74658
1.2207
0.915527
0.915527
1.52588
0.305176
-0.915527
-0.915527
0
-0.610352
-1.83105
-3.66211
-3.66211
-3.35693
-3.05176
-2.74658
-3.66211
-4.27246
-5.79834
-6.40869
-5.79834
-5.79834
-5.49316
-5.49316
-5.18799
-7.62939
-8.8501
-8.8501
-8.23975
-7.93457
-7.93457
-7.93457
-9.46045
-9.76563
-10.9863
-10.376
-10.6812
-10.376
-10.0708
-10.376
-11.9019
-12.5122
-12.207
-11.9019
-11.2915
-11.5967
-12.207
-13.7329
-14.9536
-14.0381
-14.6484
-13.4277
-13.1226
-14.0381
-15.8691
-16.4795
-14.9536
-15.564
-13.7329
-15.564
-16.4795
-17.0898
-17.395
-16.4795
-16.4795
-16.1743
-17.395
-19.2261
-18.9209
-18.3105
-17.395
-18.6157
-18.6157
-20.4468
-19.5313
-19.8364
-18.9209
-18.3105
-19.2261
-20.752
-20.752
-19.8364
-19.5313
-20.1416
-21.9727
-22.8882
-21.9727
-21.0571
-20.4468
-21.9727
-21.9727
-22.8882
-21.3623
-21.6675
-21.3623
-23.4985
-23.4985
-22.583
-22.2778
-22.583
-23.8037
-23.8037
-23.8037
-22.8882
-22.8882
-24.4141
-24.7192
-25.0244
-23.1934
-23.4985
-23.1934
-24.7192
-25.9399
-26.2451
-25.3296
-25.0244
-24.4141
-23.8037
-24.1089
-24.4141
-25.0244
-26.5503
-26.8555
-28.0762
-27.1606
-27.1606
-26.2451
-25.6348
-25.3296
-25.0244
-25.3296
-26.8555
-28.0762
-28.6865
-27.771
-27.1606
-26.8555
-26.8555
-26.8555
-27.771
-27.4658
-28.6865
-28.6865
-28.6865
-28.6865
-28.0762
-27.4658
-27.1606
-28.3813
-29.2969
-29.9072
-29.2969
-28.6865
-28.0762
-28.3813
-28.6865
-29.6021
-30.8228
-29.9072
-30.2124
-29.2969
-29.2969
-29.6021
-30.5176
-30.8228
-30.5176
-29.9072
-29.2969
-29.2969
-30.5176
-31.1279
-31.7383
-31.7383
-31.1279
-29.9072
-30.5176
-31.4331
-32.959
-31.7383
-31.7383
-30.8228
-30.8228
-32.6538
-33.2642
-32.6538
-31.7383
-31.1279
-31.4331
-32.6538
-33.2642
-32.3486
-32.3486
-31.4331
-32.3486
-34.1797
-34.4849
-32.959
-32.3486
-32.3486
-33.8745
-34.79
-33.5693
-32.3486
-32.3486
-33.5693
-34.1797
-34.1797
-33.8745
-32.959
-34.1797
-34.1797
-35.4004
-35.7056
-35.7056
-34.79
-33.5693
-34.1797
-33.5693
-34.1797
-34.1797
-35.4004
-36.0107
-36.3159
-36.3159
-35.4004
-36.0107
-34.79
-34.79
-34.79
-35.7056
-36.0107
-37.2314
-36.9263
-36.9263
-36.6211
-35.7056
-36.0107
-35.7056
-36.0107
-37.2314
-37.2314
-37.2314
-37.2314
-36.6211
-35.7056
-36.0107
-36.9263
-38.4521
-39.0625
-38.147
-38.4521
-36.9263
-36.6211
-36.0107
-37.8418
-39.0625
-38.7573
-38.4521
-36.9263
-37.5366
-36.9263
-38.4521
-39.3677
-39.3677
-39.0625
-38.4521
-37.2314
-38.147
-39.6729
-39.6729
-39.978
-39.6729
-38.147
-38.147
-38.7573
-40.5884
-39.978
-39.6729
-38.147
-39.0625
-39.978
-41.1987
-40.8936
-39.978
-39.6729
-39.3677
-41.5039
-41.8091
-40.2832
-39.3677
-38.7573
-39.978
-41.5039
-41.8091
-40.5884
-40.2832
-40.2832
-41.8091
-41.8091
-40.8936
-40.2832
-39.978
-42.7246
-42.4194
-42.1143
-40.8936
-40.5884
-41.1987
-42.4194
-43.335
-42.1143
-41.8091
-40.5884
-40.5884
-41.1987
-42.4194
-43.0298
-43.335
-43.6401
-43.0298
-43.335
-42.1143
-42.1143
-41.5039
-42.4194
-43.0298
-42.7246
-43.9453
-43.9453
-43.335
-42.7246
-42.7246
-42.4194
-43.0298
-43.335
-44.2505
-45.4712
-45.166
-44.2505
-43.6401
-43.335
-43.0298
-43.0298
-44.8608
-45.166
-45.166
-44.5557
-44.8608
-43.6401
-43.6401
-43.9453
-44.8608
-45.7764
-45.7764
-45.4712
-44.8608
-44.5557
-44.2505
-45.4712
-46.9971
-45.7764
-46.0815
-43.9453
-44.5557
-44.2505
-45.7764
-46.6919
-46.0815
-46.0815
-44.2505
-45.166
-46.6919
-47.9126
-47.6074
-45.7764
-46.0815
-45.4712
-46.3867
-46.9971
-47.3022
-46.0815
-45.4712
-45.4712
-46.6919
-48.2178
-47.6074
-46.9971
-46.3867
-46.3867
-47.6074
-48.2178
-47.9126
-46.6919
-46.6919
-47.9126
-48.8281
-48.2178
-47.3022
-46.6919
-46.6919
-49.4385
-47.9126
-47.6074
-46.6919
-47.3022
-49.1333
-49.7437
-48.8281
-47.9126
-47.9126
-47.6074
-49.1333
-49.4385
-49.4385
-49.4385
-48.8281
-48.8281
-47.9126
-47.9126
-48.2178
-49.4385
-49.7437
-50.0488
-50.354
-50.0488
-50.0488
-48.8281
-48.5229
-48.8281
-49.4385
-50.354
-51.2695
-51.5747
-50.354
-50.0488
-49.4385
-49.1333
-49.4385
-50.0488
-51.2695
-51.2695
-51.5747
-50.0488
-50.354
-49.4385
-50.0488
-50.9644
-52.7954
-52.1851
-50.9644
-50.6592
-50.0488
-50.0488
-51.5747
-52.1851
-52.4902
-51.2695
-50.9644
-50.0488
-50.9644
-51.8799
-53.4058
-52.7954
-51.8799
-51.5747
-50.9644
-52.4902
-52.7954
-53.1006
-52.4902
-51.5747
-51.2695
-50.6592
-52.7954
-52.7954
-53.1006
-52.1851
-51.8799
-52.4902
-54.3213
-54.6265
-53.7109
-52.7954
-51.8799
-53.7109
-53.4058
-53.4058
-53.1006
-51.8799
-53.4058
-53.4058
-54.9316
-53.1006
-52.4902
-53.1006
-54.9316
-54.9316
-53.7109
-53.4058
-53.1006
-55.2368
-55.2368
-53.7109
-53.7109
-53.4058
-55.542
-55.542
-55.2368
-54.3213
-53.7109
-54.3213
-54.9316
-56.4575
-55.542
-55.542
-54.9316
-54.6265
-54.3213
-54.3213
-55.542
-56.1523
-57.0679
-56.1523
-55.8472
-55.2368
-54.6265
-54.6265
-53.7109
-54.6265
-56.1523
-57.0679
-57.0679
-57.0679
-56.4575
-55.8472
-55.2368
-54.9316
-56.4575
-56.1523
-57.6782
-57.0679
-57.0679
-56.1523
-55.8472
-55.8472
-57.373
-57.373
-57.6782
-57.6782
-56.7627
-55.8472
-56.4575
-56.7627
-58.2886
-57.9834
-57.6782
-57.373
-56.7627
-56.1523
-57.6782
-58.8989
-57.9834
-57.0679
-56.4575
-56.7627
-57.9834
-58.5938
-59.5093
-58.5938
-57.6782
-56.7627
-58.5938
-58.8989
-59.5093
-57.9834
-57.373
-57.6782
-58.2886
-59.8145
-59.2041
-58.5938
-57.6782
-57.6782
-59.5093
-59.5093
-59.5093
-57.6782
-57.9834
-58.5938
-60.1196
-59.5093
-58.8989
-57.9834
-59.5093
-60.1196
-60.1196
-59.2041
-57.9834
-59.2041
-60.1196
-60.4248
-59.5093
-57.6782
-59.5093
-60.73
-61.3403
-60.1196
-59.8145
-59.8145
-59.2041
-61.3403
-60.4248
-61.0352
-60.1196
-59.2041
-59.5093
-59.2041
-60.73
-60.73
-61.9507
-61.3403
-60.73
-60.1196
-60.1196
-60.1196
-60.1196
-61.0352
-61.6455
-62.2559
-61.9507
-61.3403
-61.0352
-60.1196
-61.3403
-60.73
-61.9507
-62.2559
-62.2559
-61.6455
-61.0352
-60.1196
-60.4248
-61.6455
-62.561
-62.8662
-62.561
-61.3403
-60.73
-60.4248
-61.0352
-62.561
-63.4766
-61.9507
-62.2559
-61.0352
-61.6455
-62.561
-62.8662
-62.8662
-61.9507
-62.2559
-61.6455
-61.9507
-63.4766
-63.1714
-63.1714
-61.6455
-61.6455
-62.2559
-64.0869
-63.4766
-63.1714
-62.561
-61.9507
-63.4766
-64.3921
-64.3921
-63.4766
-62.8662
-62.8662
-63.7817
-64.3921
-63.7817
-63.1714
-62.2559
-63.4766
-64.3921
-64.0869
-62.8662
-62.8662
-63.7817
-64.6973
-64.6973
-63.1714
-62.8662
-64.6973
-65.3076
-64.6973
-62.8662
-63.1714
-64.6973
-65.0024
-64.0869
-63.1714
-63.4766
-65.0024
-65.6128
-65.0024
-63.7817
-62.561
-64.0869
-65.0024
-65.3076
-65.6128
-64.6973
-65.0024
-63.7817
-63.7817
-64.3921
-65.0024
-65.3076
-65.6128
-65.0024
-65.0024
-64.0869
-63.7817
-63.7817
-64.6973
-65.3076
-66.8335
-65.918
-66.2231
-65.918
-65.0024
-64.0869
-64.3921
-65.6128
-65.918
-66.5283
-66.5283
-65.918
-64.6973
-64.3921
-65.6128
-65.918
-67.1387
-66.5283
-66.2231
-65.0024
-65.0024
-65.918
-66.5283
-67.1387
-66.2231
-65.918
-65.3076
-65.3076
-66.2231
-67.4438
-67.1387
-65.918
-65.6128
-65.0024
-65.918
-67.1387
-68.0542
-67.1387
-66.2231
-66.2231
-66.8335
-68.0542
-66.2231
-66.5283
-65.6128
-65.6128
-67.1387
-68.6646
-67.1387
-66.5283
-66.2231
-66.2231
-68.3594
-67.749
-66.8335
-66.5283
-66.2231
-67.4438
-68.0542
-67.749
-66.2231
-66.5283
-67.749
-68.3594
-67.749
-65.6128
-66.5283
-67.4438
-68.9697
-67.4438
-66.8335
-66.8335
-68.9697
-68.9697
-67.4438
-67.1387
-66.8335
-68.6646
-69.2749
-67.749
-67.4438
-66.5283
-67.1387
-67.749
-69.5801
-69.2749
-68.3594
-68.6646
-67.4438
-66.8335
-67.4438
-68.9697
-68.6646
-69.5801
-68.9697
-68.9697
-68.0542
-67.749
-67.749
-68.3594
-69.5801
-69.2749
-69.8853
-69.2749
-68.6646
-67.4438
-67.1387
-68.6646
-70.1904
-70.1904
-69.8853
-69.2749
-68.0542
-68.0542
-68.9697
-69.8853
-69.8853
-69.2749
-68.3594
-67.749
-68.0542
-69.5801
-70.4956
-70.8008
-69.5801
-68.9697
-68.6646
-69.8853
-71.106
-70.8008
-69.8853
-68.9697
-68.9697
-68.0542
-70.1904
-70.1904
-70.1904
-69.2749
-68.9697
-69.5801
-70.4956
-71.106
-69.8853
-69.8853
-68.9697
-70.1904
-71.7163
-70.4956
-69.8853
-69.5801
-69.5801
-71.106
-70.8008
-69.8853
-68.9697
-69.2749
-71.106
-71.7163
-70.1904
-70.1904
-69.5801
-72.0215
-71.7163
-70.8008
-69.5801
-69.8853
-72.0215
-71.106
-70.4956
-69.2749
-71.106
-71.7163
-71.106
-70.1904
-70.1904
-72.0215
-71.7163
-71.4111
-70.1904
-70.4956
-70.8008
-71.7163
-72.3267
-71.4111
-70.8008
-70.1904
-70.1904
-70.8008
-71.7163
-71.7163
-71.7163
-71.7163
-70.8008
-70.4956
-70.8008
-71.106
-71.7163
-72.6318
-72.6318
-72.3267
-71.7163
-71.106
-71.106
-70.4956
-71.106
-72.6318
-72.0215
-72.3267
-71.4111
-71.4111
-70.4956
-71.7163
-72.937
-72.937
-72.6318
-71.106
-71.4111
-70.4956
-72.6318
-73.5474
-72.937
-72.3267
-71.4111
-71.4111
-72.0215
-72.937
-72.937
-72.3267
-72.0215
-71.7163
-71.4111
-73.5474
-73.2422
-72.6318
-72.3267
-72.0215
-73.2422
-73.5474
-72.937
-72.6318
-71.4111
-71.7163
-72.3267
-73.8525
-72.937
-72.6318
-72.0215
-73.2422
-74.1577
-73.2422
-73.5474
-72.3267
-72.6318
-73.5474
-73.8525
-72.6318
-72.0215
-72.3267
-73.5474
-74.7681
-72.937
-72.3267
-72.0215
-74.1577
-73.8525
-73.5474
-72.3267
-72.937
-75.0732
-73.8525
-73.8525
-72.0215
-73.8525
-75.0732
-73.8525
-72.937
-72.0215
-72.937
-73.8525
-74.1577
-72.6318
-72.6318
-72.6318
-73.8525
-74.4629
-74.4629
-74.7681
-74.1577
-73.5474
-72.6318
-73.5474
-74.4629
-74.7681
-74.7681
-73.8525
-74.1577
-72.937
-73.2422
-73.2422
-74.7681
-75.0732
-74.7681
-74.7681
-73.8525
-73.2422
-72.6318
-74.4629
-74.7681
-75.6836
-75.3784
-74.1577
-72.937
-72.3267
-74.1577
-74.7681
-74.7681
-75.0732
-73.8525
-73.8525
-72.937
-75.0732
-75.6836
-75.9888
-74.7681
-74.1577
-73.8525
-74.1577
-75.6836
-75.0732
-74.7681
-74.4629
-74.1577
-74.7681
-76.2939
-75.3784
-74.7681
-74.1577
-73.2422
-75.6836
-75.9888
-75.3784
-74.7681
-74.7681
-74.7681
-75.9888
-76.2939
-74.7681
-74.7681
-73.8525
-75.6836
-76.5991
-74.4629
-74.1577
-74.1577
-75.9888
-76.5991
-75.6836
-74.7681
-74.4629
-77.2095
-76.5991
-75.6836
-73.8525
-75.3784
-75.9888
-75.9888
-75.0732
-74.1577
-75.6836
-76.5991
-76.2939
-74.1577
-74.7681
-76.5991
-76.2939
-75.3784
-74.4629
-75.9888
-76.5991
-76.9043
-76.2939
-75.0732
-74.7681
-75.3784
-76.9043
-76.2939
-77.2095
-75.9888
-75.0732
-74.7681
-74.7681
-76.2939
-76.5991
-77.5146
-76.5991
-76.9043
-75.6836
-75.3784
-75.3784
-75.6836
-77.2095
-76.5991
-77.2095
-75.9888
-75.9888
-74.7681
-75.3784
-76.5991
-77.8198
-77.8198
-76.9043
-75.9888
-75.3784
-75.6836
-76.9043
-78.125
-77.2095
-76.9043
-75.6836
-75.3784
-75.9888
-76.9043
-78.4302
-77.2095
-75.9888
-75.6836
-75.6836
-77.5146
-78.4302
-77.8198
-76.2939
-76.2939
-76.2939
-77.2095
-78.125
-77.5146
-75.9888
-75.0732
-76.2939
-77.5146
-77.8198
-77.2095
-75.9888
-76.9043
-77.8198
-78.125
-77.5146
-76.9043
-76.5991
-77.8198
-78.4302
-77.8198
-76.5991
-75.9888
-78.125
-77.5146
-77.8198
-76.9043
-75.9888
-77.8198
-78.7354
-78.125
-76.2939
-76.5991
-78.125
-78.4302
-77.5146
-76.5991
-76.9043
-78.125
-78.7354
-77.2095
-76.2939
-77.2095
-78.125
-77.8198
-76.5991
-76.5991
-76.9043
-79.3457
-78.125
-77.8198
-77.5146
-76.9043
-77.5146
-78.7354
-78.7354
-78.7354
-77.8198
-76.9043
-76.9043
-77.5146
-77.2095
-79.0405
-79.3457
-79.0405
-78.4302
-77.5146
-76.9043
-77.2095
-78.125
-79.0405
-79.6509
-78.7354
-78.4302
-77.8198
-77.2095
-78.125
-79.0405
-79.3457
-78.7354
-78.125
-76.9043
-77.2095
-78.7354
-79.6509
-79.3457
-78.7354
-78.125
-77.5146
-78.7354
-79.6509
-80.2612
-78.7354
-77.5146
-76.9043
-77.8198
-79.3457
-79.3457
-78.7354
-77.8198
-77.8198
-78.4302
-79.3457
-79.6509
-78.7354
-77.8198
-77.5146
-79.0405
-79.9561
-79.0405
-78.4302
-77.8198
-78.4302
-80.2612
-79.9561
-78.7354
-77.5146
-77.8198
-79.6509
-79.6509
-77.8198
-78.125
-77.5146
-80.2612
-79.3457
-79.6509
-78.4302
-78.7354
-80.5664
-79.3457
-78.4302
-77.2095
-79.0405
-80.5664
-79.0405
-78.125
-78.4302
-80.2612
-80.2612
-79.0405
-78.4302
-79.0405
-80.5664
-79.3457
-78.4302
-78.4302
-79.6509
-80.2612
-79.9561
-78.4302
-77.5146
-79.0405
-79.9561
-80.2612
-79.9561
-79.6509
-79.0405
-78.7354
-78.4302
-79.0405
-80.2612
-80.8716
-79.9561
-79.9561
-79.6509
-78.125
-78.4302
-78.4302
-80.2612
-80.8716
-79.9561
-79.9561
-78.4302
-79.0405
-79.0405
-81.1768
-80.8716
-80.8716
-80.2612
-79.0405
-78.7354
-79.6509
-80.2612
-81.4819
-80.5664
-79.9561
-78.7354
-79.0405
-80.2612
-81.1768
-80.5664
-79.6509
-79.6509
-78.7354
-79.6509
-80.5664
-81.4819
-79.9561
-79.6509
-79.6509
-81.1768
-81.1768
-80.5664
-79.3457
-78.7354
-79.0405
-80.2612
-80.5664
-80.2612
-79.6509
-79.6509
-80.5664
-81.7871
-80.5664
-80.2612
-79.3457
-79.9561
-80.8716
-80.8716
-79.9561
-79.3457
-79.9561
-80.8716
-81.4819
-80.2612
-79.3457
-79.9561
-82.0923
-81.1768
-79.6509
-79.0405
-80.2612
-82.0923
-80.8716
-79.6509
-79.6509
-81.1768
-81.7871
-80.2612
-79.3457
-79.6509
-81.7871
-80.5664
-79.6509
-79.6509
-79.9561
-82.0923
-81.4819
-80.5664
-79.6509
-80.2612
-81.7871
-81.7871
-82.0923
-80.5664
-79.9561
-79.3457
-79.3457
-80.5664
-81.4819
-81.7871
-80.8716
-81.4819
-79.6509
-79.6509
-79.9561
-81.1768
-82.0923
-81.4819
-80.8716
-79.9561
-79.9561
-79.3457
-81.1768
-81.4819
-82.0923
-81.4819
-80.2612
-80.2612
-79.3457
-81.4819
-82.0923
-82.3975
-81.4819
-80.2612
-80.2612
-80.2612
-81.7871
-82.0923
-81.4819
-80.8716
-79.6509
-79.9561
-81.4819
-81.4819
-81.1768
-80.8716
-79.6509
-80.8716
-81.7871
-82.0923
-81.4819
-80.2612
-79.6509
-80.2612
-82.3975
-82.0923
-81.1768
-79.6509
-80.8716
-81.4819
-82.0923
-81.4819
-80.2612
-80.5664
-81.1768
-83.313
-81.7871
-80.5664
-79.9561
-81.4819
-83.0078
-82.0923
-81.4819
-80.5664
-81.7871
-82.0923
-81.4819
-80.5664
-80.2612
-82.0923
-82.0923
-81.4819
-80.2612
-80.8716
-83.0078
-82.3975
-80.8716
-80.2612
-82.7026
-82.0923
-81.7871
-80.5664
-81.1768
-82.7026
-81.7871
-80.8716
-79.9561
-81.4819
-81.7871
-82.7026
-82.0923
-80.8716
-80.2612
-81.4819
-81.4819
-82.3975
-83.313
-82.3975
-81.1768
-81.1768
-80.2612
-80.8716
-81.4819
-82.7026
-81.7871
-81.4819
-80.8716
-80.8716
-80.8716
-81.4819
-82.3975
-82.7026
-82.7026
-81.4819
-81.1768
-80.8716
-81.4819
-82.3975
-81.7871
-82.3975
-81.4819
-81.4819
-80.2612
-82.0923
-82.3975
-82.7026
-81.7871
-80.8716
-81.1768
-81.4819
-82.7026
-82.0923
-82.3975
-81.1768
-80.8716
-81.4819
-83.313
-82.3975
-81.4819
-81.1768
-80.2612
-81.7871
-83.6182
-82.3975
-81.7871
-81.1768
-81.7871
-82.7026
-83.0078
-82.3975
-81.4819
-81.4819
-82.7026
-83.313
-81.4819
-80.8716
-80.5664
-82.7026
-82.7026
-82.7026
-81.1768
-81.1768
-83.313
-83.313
-82.3975
-80.8716
-81.4819
-83.0078
-82.7026
-82.3975
-80.8716
-82.3975
-83.313
-83.313
-81.7871
-81.4819
-83.0078
-82.7026
-81.7871
-80.8716
-81.7871
-83.6182
-82.3975
-81.4819
-80.8716
-82.7026
-83.6182
-83.6182
