-71.7163
-52.1851
-37.2314
-30.2124
-25.0244
-19.5313
-15.8691
-10.376
-5.18799
0
4.88281
0.915527
13.1226
29.6021
38.4521
40.2832
40.8936
40.2832
41.5039
40.5884
41.1987
41.1987
39.3677
39.3677
38.147
38.147
36.9263
36.9263
36.9263
36.3159
36.6211
36.0107
36.9263
35.4004
35.7056
35.0952
35.0952
35.0952
33.8745
33.8745
32.959
33.2642
32.6538
32.959
32.3486
32.3486
31.7383
31.7383
32.0435
32.0435
30.5176
30.8228
28.9917
29.2969
28.0762
27.771
27.4658
27.4658
27.4658
28.3813
27.771
27.771
28.3813
28.0762
27.1606
26.8555
26.2451
24.7192
24.4141
25.3296
25.0244
25.3296
25.3296
25.6348
25.9399
24.7192
26.2451
24.4141
24.7192
23.1934
24.4141
24.1089
24.7192
25.0244
24.4141
23.8037
24.4141
23.1934
22.2778
21.6675
21.6675
20.1416
21.9727
21.3623
22.2778
21.6675
21.9727
21.6675
21.0571
20.752
19.2261
20.752
20.1416
21.0571
21.0571
19.8364
20.1416
19.8364
20.1416
19.5313
20.1416
19.8364
19.5313
19.8364
19.5313
20.1416
19.5313
19.8364
19.5313
19.8364
19.5313
19.2261
18.9209
18.3105
18.9209
18.3105
17.395
17.7002
15.8691
16.7847
15.564
17.0898
16.1743
16.4795
16.1743
16.4795
17.0898
16.4795
16.7847
16.4795
15.564
15.8691
15.564
15.564
14.9536
14.0381
14.0381
14.3433
14.3433
13.4277
14.0381
13.7329
14.3433
14.0381
13.1226
13.7329
13.1226
12.5122
11.5967
11.9019
11.2915
11.2915
10.6812
10.0708
9.76563
9.76563
9.15527
8.8501
10.0708
9.15527
9.15527
9.76563
9.15527
10.9863
9.46045
10.9863
10.0708
10.6812
9.15527
9.15527
9.15527
8.23975
8.23975
6.71387
6.40869
6.71387
5.79834
6.10352
6.40869
7.01904
7.32422
7.62939
6.71387
7.01904
7.01904
7.01904
7.32422
6.40869
5.79834
4.57764
5.18799
3.96729
4.57764
3.66211
2.74658
2.74658
1.83105
2.44141
1.52588
2.44141
2.44141
2.44141
2.74658
2.74658
3.35693
3.05176
1.83105
3.35693
2.13623
2.13623
0.305176
0.610352
-0.305176
0.610352
-0.305176
-0.915527
-0.915527
-1.2207
-1.2207
-1.83105
-1.52588
-1.2207
-2.74658
-2.74658
-3.05176
-3.05176
-3.35693
-3.66211
-3.66211
-3.96729
-3.66211
-4.88281
-5.49316
-6.10352
-5.79834
-5.79834
-5.79834
-5.49316
-6.10352
-6.40869
-7.01904
-4.57764
-6.40869
-5.79834
-6.40869
-6.71387
-7.01904
-7.32422
-6.71387
-7.62939
-8.23975
-8.8501
-9.46045
-10.376
-9.76563
-8.54492
-9.76563
-10.376
-10.376
-10.376
-10.9863
-10.9863
-10.9863
-11.5967
-10.376
-11.9019
-10.9863
-12.5122
-11.9019
-11.9019
-12.207
-11.9019
-12.8174
-12.8174
-13.1226
-13.4277
-12.8174
-12.8174
-12.5122
-13.7329
-13.1226
-14.0381
-14.6484
-14.6484
-14.9536
-14.0381
-15.2588
-14.6484
-16.1743
-15.564
-15.2588
-15.564
-15.8691
-16.1743
-16.1743
-16.1743
-16.1743
-16.7847
-16.7847
-17.395
-16.7847
-17.7002
-18.3105
-18.9209
-20.4468
-19.5313
-20.1416
-20.1416
-20.4468
-21.3623
-21.0571
-20.752
-20.752
-20.4468
-19.8364
-20.1416
-20.4468
-19.8364
-20.1416
-19.2261
-20.4468
-19.5313
-21.0571
-20.4468
-21.3623
-21.6675
-20.752
-21.3623
-22.8882
-23.1934
-23.1934
-23.1934
-23.1934
-23.4985
-22.8882
-22.8882
-23.4985
-23.1934
-24.4141
-23.8037
-23.8037
-24.1089
-24.4141
-25.3296
-24.7192
-26.2451
-25.6348
-26.2451
-25.9399
-25.9399
-26.5503
-26.2451
-25.9399
-25.6348
-25.6348
-25.6348
-25.9399
-26.2451
-26.2451
-26.2451
-25.9399
-26.2451
-27.1606
-27.771
-27.771
-28.3813
-28.0762
-28.9917
-29.9072
-29.6021
-30.2124
-29.9072
-29.6021
-29.9072
-29.9072
-29.6021
-29.2969
-29.2969
-29.6021
-30.2124
-29.9072
-29.9072
-29.9072
-29.6021
-31.1279
-30.8228
-32.0435
-32.0435
-33.2642
-32.959
-32.6538
-32.6538
-32.6538
-33.2642
-32.6538
-32.6538
-33.2642
-32.959
-32.6538
-32.3486
-33.5693
-32.959
-33.5693
-32.6538
-33.8745
-33.8745
-33.8745
-33.8745
-34.4849
-34.1797
-33.2642
-33.2642
-33.5693
-33.5693
-33.5693
-32.959
-34.1797
-34.4849
-34.79
-34.4849
-35.4004
-35.7056
-35.0952
-36.6211
-35.0952
-36.6211
-36.3159
-36.6211
-36.0107
-36.3159
-36.3159
-35.7056
-36.0107
-35.4004
-36.6211
-36.6211
-36.0107
-36.3159
-36.9263
-36.9263
-37.2314
-37.5366
-38.147
-38.7573
-38.4521
-38.147
-38.4521
-38.4521
-38.4521
-37.8418
-38.147
-38.4521
-38.147
-37.8418
-37.5366
-38.7573
-38.4521
-38.4521
-39.3677
-39.0625
-39.978
-39.3677
-40.2832
-39.978
-41.1987
-40.8936
-40.5884
-41.1987
-40.8936
-41.8091
-41.5039
-41.1987
-40.8936
-40.5884
-40.2832
-40.2832
-40.5884
-39.6729
-41.1987
-40.5884
-41.8091
-41.5039
-42.1143
-41.8091
-43.335
-43.6401
-42.7246
-43.6401
-43.6401
-43.335
-43.0298
-42.7246
-42.7246
-42.1143
-43.0298
-43.0298
-43.335
-43.6401
-44.2505
-44.5557
-44.2505
-45.166
-44.5557
-44.8608
-45.4712
-44.8608
-45.4712
-45.7764
-44.8608
-43.9453
-44.5557
-44.5557
-43.9453
-43.9453
-44.2505
-45.166
-44.8608
-44.2505
-44.5557
-46.0815
-45.166
-45.7764
-46.3867
-45.4712
-46.3867
-45.4712
-45.7764
-45.7764
-45.166
-45.7764
-45.7764
-46.6919
-45.7764
-46.6919
-46.9971
-46.9971
-46.9971
-47.3022
-47.3022
-47.6074
-47.6074
-46.9971
-47.6074
-47.3022
-47.9126
-49.1333
-46.9971
-48.2178
-47.9126
-47.9126
-47.9126
-48.2178
-48.5229
-48.2178
-48.2178
-48.5229
-49.1333
-49.1333
-49.4385
-49.4385
-49.4385
-49.7437
-49.4385
-48.8281
-48.8281
-49.1333
-48.2178
-47.6074
-49.1333
-49.4385
-50.0488
-49.4385
-51.2695
-51.2695
-51.5747
-51.8799
-50.6592
-50.6592
-50.9644
-51.2695
-49.1333
-50.354
-49.7437
-49.7437
-49.4385
-50.0488
-50.354
-50.354
-51.2695
-51.2695
-52.4902
-51.5747
-51.2695
-51.5747
-51.5747
-52.4902
-51.5747
-53.1006
-53.1006
-53.1006
-52.4902
-52.4902
-54.3213
-52.7954
-53.4058
-53.1006
-52.7954
-52.4902
-52.4902
-53.1006
-53.1006
-53.1006
-53.4058
-53.1006
-53.1006
-53.7109
-53.1006
-53.1006
-53.1006
-52.4902
-52.7954
-52.1851
-51.8799
-52.4902
-51.8799
-53.1006
-52.1851
-53.1006
-52.7954
-53.4058
-53.1006
-54.3213
-54.9316
-54.9316
-54.3213
-56.1523
-55.8472
-55.542
-55.542
-56.4575
-56.4575
-56.1523
-54.9316
-55.542
-55.2368
-55.542
-55.8472
-55.2368
-55.542
-55.8472
-55.542
-54.9316
-55.8472
-54.9316
-55.8472
-55.8472
-54.9316
-54.6265
-54.9316
-54.9316
-54.3213
-54.9316
-54.3213
-56.4575
-55.8472
-56.4575
-55.8472
-56.7627
-57.373
-57.0679
-57.0679
-57.373
-57.6782
-57.373
-57.0679
-57.9834
-57.0679
-57.0679
-56.7627
-56.7627
-57.373
-57.373
-57.9834
-57.9834
-57.9834
-56.7627
-57.0679
-56.7627
-56.4575
-57.0679
-56.7627
-57.0679
-57.0679
-57.373
-56.4575
-57.6782
-57.373
-57.373
-56.7627
-57.6782
-57.373
-56.7627
-57.0679
-57.6782
-58.2886
-57.6782
-57.0679
-57.9834
-57.373
-58.5938
-57.6782
-59.5093
-58.8989
-59.5093
-59.2041
-58.5938
-58.8989
-57.9834
-58.8989
-58.2886
-57.9834
-58.2886
-57.6782
-57.9834
-58.2886
-58.5938
-58.2886
-58.8989
-58.2886
-58.8989
-59.2041
-60.1196
-59.8145
-59.2041
-59.5093
-58.8989
-59.2041
-59.2041
-59.2041
-59.8145
-59.5093
-59.8145
-60.1196
-61.3403
-60.4248
-61.3403
-61.0352
-61.6455
-61.9507
-62.2559
-61.6455
-61.9507
-61.9507
-60.73
-61.3403
-60.73
-61.0352
-60.73
-60.1196
-60.4248
-59.8145
-59.5093
-60.1196
-60.73
-60.73
-61.0352
-61.9507
-61.6455
-62.8662
-61.9507
-62.2559
-61.6455
-61.3403
-60.73
-60.73
-60.73
-60.4248
-61.0352
-59.2041
-61.3403
-61.9507
-62.2559
-63.1714
-62.8662
-62.561
-61.9507
-62.561
-61.9507
-62.8662
-63.1714
-62.2559
-62.2559
-61.6455
-61.9507
-62.2559
-62.8662
-61.9507
-62.561
-62.2559
-62.2559
-62.561
-61.9507
-62.8662
-62.8662
-62.561
-62.561
-62.2559
-63.1714
-62.8662
-63.1714
-62.561
-63.1714
-62.561
-62.2559
-62.2559
-62.561
-62.8662
-61.9507
-62.8662
-61.9507
-62.561
-62.8662
-63.1714
-63.4766
-64.0869
-64.0869
-63.4766
-64.3921
-64.3921
-64.6973
-64.0869
-63.7817
-64.3921
-63.1714
-64.0869
-63.1714
-64.6973
-64.3921
-64.6973
-64.0869
-64.3921
-64.0869
-64.3921
-64.0869
-64.3921
-64.3921
-64.0869
-64.3921
-64.0869
-63.4766
-63.4766
-62.8662
-63.4766
-63.7817
-64.0869
-63.4766
-64.3921
-64.0869
-64.0869
-65.3076
-65.0024
-65.918
-65.3076
-65.3076
-65.3076
-65.3076
-64.6973
-64.6973
-65.3076
-63.7817
-64.0869
-63.1714
-64.0869
-63.7817
-64.6973
-64.6973
-64.6973
-65.0024
-64.3921
-64.3921
-64.3921
-64.0869
-65.3076
-64.0869
-65.3076
-65.6128
-66.2231
-66.5283
-65.918
-66.2231
-65.3076
-65.6128
-64.6973
-65.0024
-65.0024
-65.0024
-65.0024
-65.918
-65.3076
-66.2231
-65.6128
-65.3076
-66.2231
-65.6128
-66.2231
-65.6128
-65.6128
-65.918
-65.3076
-65.3076
-65.0024
-64.6973
-65.3076
-65.3076
-65.6128
-64.6973
-65.3076
-65.0024
-65.6128
-65.3076
-66.5283
-65.918
-66.2231
-66.5283
-65.918
-66.8335
-66.5283
-66.5283
-65.918
-65.6128
-66.2231
-64.6973
-66.5283
-65.0024
-66.2231
-66.5283
-65.918
-67.1387
-66.5283
-67.749
-66.8335
-66.8335
-67.749
-67.4438
-67.1387
-67.749
-67.749
-67.1387
-67.4438
-66.2231
-66.8335
-66.8335
-66.8335
-66.5283
-65.6128
-66.5283
-66.5283
-65.3076
-67.1387
-66.8335
-67.749
-67.1387
-68.3594
-68.0542
-68.9697
-69.2749
-68.9697
-68.3594
-67.1387
-67.749
-67.1387
-67.4438
-66.5283
-68.0542
-67.4438
-67.1387
-68.3594
-69.2749
-69.5801
-69.8853
-68.6646
-68.9697
-68.3594
-67.4438
-67.1387
-66.8335
-66.5283
-66.8335
-67.1387
-67.749
-68.9697
-67.4438
-68.6646
-68.6646
-68.9697
-68.6646
-69.5801
-68.3594
-69.2749
-69.8853
-69.2749
-69.8853
-69.5801
-69.2749
-69.2749
-69.2749
-69.8853
-69.2749
-69.8853
-68.9697
-69.5801
-69.2749
-69.5801
-70.4956
-70.1904
-69.8853
-69.8853
-69.5801
-69.2749
-69.2749
-69.5801
-68.9697
-69.5801
-67.749
-68.6646
-67.4438
-68.3594
-67.4438
-67.749
-68.0542
-68.0542
-68.3594
-68.0542
-68.6646
-68.9697
-68.3594
-69.2749
-68.6646
-70.4956
-68.6646
-69.8853
-68.9697
-69.2749
-69.2749
-69.2749
-68.6646
-69.2749
-69.2749
-69.8853
-70.4956
-69.5801
-70.4956
-69.8853
-70.1904
-70.1904
-69.5801
-69.8853
-69.2749
-69.2749
-68.0542
-68.9697
-68.6646
-68.3594
-68.0542
-68.6646
-69.8853
-69.8853
-69.8853
-69.2749
-69.5801
-69.2749
-69.5801
-69.5801
-68.6646
-69.5801
-69.2749
-70.4956
-70.8008
-71.106
-71.4111
-71.4111
-70.8008
-70.1904
-69.5801
-68.3594
-68.6646
-68.6646
-68.6646
-69.8853
-69.8853
-70.4956
-71.106
-71.4111
-71.4111
-70.8008
-70.8008
-69.8853
-70.4956
-69.5801
-70.1904
-69.5801
-69.2749
-69.5801
-69.5801
-70.1904
-69.5801
-70.8008
-69.8853
-70.8008
-69.8853
-70.8008
-71.106
-71.106
-71.4111
-71.7163
-71.4111
-70.4956
-71.4111
-70.8008
-70.4956
-71.106
-69.8853
-70.1904
-68.6646
-69.8853
-68.9697
-70.1904
-69.2749
-70.1904
-69.5801
-69.8853
-70.1904
-70.1904
-69.8853
-69.8853
-69.5801
-69.5801
-70.4956
-70.1904
-68.6646
-69.8853
-69.8853
-70.4956
-70.8008
-71.106
-71.4111
-71.7163
-72.0215
-71.7163
-71.7163
-71.7163
-71.4111
-72.3267
-71.4111
-72.0215
-71.106
-71.4111
-69.8853
-71.4111
-70.8008
-70.4956
-70.1904
-71.7163
-71.7163
-70.8008
-71.4111
-69.8853
-71.106
-71.106
-70.4956
-70.1904
-70.8008
-71.4111
-69.8853
-70.4956
-72.0215
-72.0215
-71.7163
-71.7163
-71.4111
-71.106
-70.4956
-70.1904
-71.106
-70.1904
-71.7163
-71.4111
-72.0215
-72.937
-72.0215
-72.937
-72.6318
-73.5474
-72.3267
-71.7163
-71.4111
-71.106
-71.4111
-71.106
-70.8008
-70.4956
-69.8853
-70.4956
-70.4956
-71.4111
-70.4956
-72.0215
-70.8008
-70.8008
-71.106
-72.0215
-71.4111
-71.4111
-71.106
-70.4956
-71.106
-70.1904
-70.8008
-71.7163
-71.4111
-71.106
-71.106
-72.0215
-71.106
-71.7163
-72.0215
-71.4111
-72.3267
-72.6318
-72.3267
-72.6318
-72.937
-72.937
-72.6318
-73.2422
-73.2422
-73.5474
-72.6318
-73.5474
-72.3267
-72.937
-72.0215
-72.937
-72.0215
-72.3267
-72.3267
-72.3267
-73.5474
-72.3267
-72.3267
-71.7163
-71.7163
-72.3267
-71.4111
-72.6318
-72.6318
-73.5474
-73.5474
-73.2422
-73.5474
-72.937
-73.5474
-72.0215
-73.2422
-72.6318
-72.6318
-72.3267
-72.6318
-73.5474
-72.937
-73.5474
-73.8525
-74.4629
-73.8525
-73.2422
-72.3267
-72.3267
-72.0215
-72.3267
-71.4111
-72.0215
-72.6318
-73.8525
-74.1577
-74.4629
-73.5474
-74.4629
-72.6318
-72.3267
-72.0215
-72.6318
-72.6318
-71.7163
-73.2422
-72.6318
-73.5474
-72.937
-73.5474
-73.2422
-73.8525
-73.5474
-74.1577
-74.4629
-75.0732
-75.3784
-74.7681
-75.0732
-74.4629
-74.4629
-74.7681
-74.1577
-75.0732
-73.8525
-74.4629
-73.2422
-74.1577
-73.8525
-73.8525
-74.4629
-73.8525
-74.1577
-74.4629
-74.4629
-75.0732
-75.0732
-74.4629
-74.7681
-74.4629
-73.5474
-74.1577
-73.8525
-74.1577
-73.5474
-72.937
-72.937
-73.2422
-72.937
-72.3267
-73.2422
-73.5474
-73.5474
-73.8525
-73.5474
-74.4629
-74.7681
-75.3784
-74.7681
-75.6836
-75.0732
-75.3784
-74.7681
-73.5474
-74.4629
-72.937
-73.2422
-72.6318
-72.937
-72.937
-73.2422
-73.5474
-73.8525
-75.0732
-74.7681
-75.3784
-75.6836
-75.9888
-76.2939
-74.7681
-74.1577
-73.5474
-73.8525
-72.937
-73.8525
-73.8525
-73.5474
-75.3784
-75.0732
-75.9888
-74.4629
-75.3784
-74.4629
-74.7681
-74.1577
-74.1577
-74.4629
-74.1577
-74.7681
-74.4629
-75.0732
-74.4629
-73.8525
-73.8525
-73.2422
-73.8525
-72.6318
-73.8525
-72.937
-73.2422
-73.2422
-74.1577
-73.8525
-74.1577
-74.4629
-73.8525
-74.7681
-74.1577
-74.1577
-74.1577
-72.937
-73.8525
-72.937
-73.8525
-73.8525
-73.5474
-73.2422
-73.8525
-74.7681
-74.4629
-73.8525
-74.1577
-74.1577
-74.4629
-75.0732
-74.1577
-73.5474
-74.1577
-73.2422
-74.4629
-72.937
-74.7681
-73.8525
-74.4629
-74.7681
-75.0732
-75.9888
-74.1577
-75.3784
-75.0732
-74.7681
-75.0732
-74.4629
-74.4629
-74.4629
-74.7681
-73.8525
-74.4629
-72.937
-73.5474
-74.1577
-73.8525
-74.4629
-74.1577
-74.7681
-75.3784
-75.3784
-76.2939
-75.9888
-75.3784
-74.7681
-75.3784
-74.1577
-74.4629
-73.5474
-73.5474
-72.937
-73.5474
-73.8525
-73.8525
-75.0732
-74.7681
-74.7681
-74.4629
-74.4629
-73.5474
-73.5474
-74.1577
-73.8525
-75.0732
-74.1577
-76.2939
-76.2939
-74.7681
-75.9888
-74.4629
-73.5474
-73.2422
-72.6318
-73.2422
-73.5474
-74.1577
-74.4629
-75.3784
-75.3784
-75.9888
-75.3784
-75.9888
-75.6836
-74.7681
-74.4629
-75.0732
-74.7681
-74.1577
-74.1577
-74.4629
-73.8525
-73.8525
-73.8525
-74.1577
-74.1577
-74.1577
-74.1577
-73.8525
-73.5474
-74.7681
-75.0732
-75.0732
-74.7681
-74.4629
-74.4629
-74.7681
-74.7681
-74.1577
-73.5474
-73.5474
-72.6318
-73.5474
-72.937
-73.8525
-73.8525
-73.5474
-72.937
-74.1577
-74.1577
-74.1577
-73.8525
-74.1577
-74.1577
-74.4629
-74.1577
-74.4629
-73.8525
-75.0732
-73.8525
-75.0732
-73.8525
-73.5474
-73.8525
-73.2422
-73.8525
-72.937
-73.5474
-73.8525
-74.1577
-73.8525
-74.7681
-74.7681
-75.3784
-75.6836
-75.0732
-76.2939
-75.0732
-75.0732
-73.5474
-73.5474
-73.5474
-73.2422
-72.937
-73.8525
-73.5474
-74.1577
-74.7681
-75.0732
-75.3784
-75.9888
-74.4629
-75.3784
-73.5474
-74.1577
-72.6318
-73.2422
-72.6318
-72.6318
-74.4629
-74.1577
-74.4629
-74.1577
-74.1577
-74.1577
-73.5474
-73.8525
-73.8525
-74.4629
-74.7681
-75.6836
-74.7681
-75.6836
-74.4629
-74.4629
-75.3784
-75.3784
-75.3784
-73.8525
-73.5474
-74.1577
-73.8525
-73.8525
-74.1577
-75.3784
-74.4629
-74.1577
-75.0732
-75.3784
-75.0732
-75.6836
-75.3784
-74.7681
-74.7681
-75.3784
-74.7681
-75.0732
-75.0732
-75.3784
-74.1577
-75.0732
-74.1577
-75.0732
-75.3784
-75.0732
-75.0732
-74.7681
-75.0732
-74.7681
-74.4629
-73.8525
-74.1577
-74.1577
-73.5474
-73.5474
-73.2422
-73.5474
-72.937
-73.8525
-73.2422
-73.5474
-74.7681
-74.1577
-74.7681
-75.0732
-76.2939
-75.3784
-75.3784
-75.0732
-74.4629
-74.1577
-73.8525
-74.1577
-72.937
-73.5474
-72.937
-72.937
-72.937
-73.8525
-75.0732
-75.0732
-75.9888
-75.0732
-76.2939
-74.7681
-74.7681
-75.3784
-74.7681
-74.4629
-74.7681
-74.4629
-74.1577
-74.7681
-75.0732
-74.7681
-74.4629
-73.8525
-74.1577
-73.5474
-73.2422
-73.5474
-73.8525
-74.7681
-74.1577
-75.9888
-75.0732
-75.0732
-74.7681
-74.1577
-73.8525
-73.8525
-73.8525
-74.1577
-73.2422
-72.937
-73.8525
-73.5474
-73.8525
-74.4629
-74.1577
-74.4629
-74.4629
-74.4629
-74.4629
-74.7681
-75.0732
-74.7681
-75.0732
-73.8525
-74.7681
-73.5474
-74.1577
-73.5474
-73.5474
-73.8525
-73.5474
-73.8525
-74.1577
-73.8525
-74.4629
-74.4629
-74.7681
-75.3784
-75.9888
-75.0732
-75.9888
-75.0732
-75.9888
-75.3784
-75.6836
-75.9888
-75.3784
-75.9888
-74.4629
-75.0732
-74.1577
-75.3784
-75.0732
-74.7681
-75.0732
-75.0732
-75.3784
-74.4629
-74.7681
-74.4629
-75.3784
-74.7681
-75.3784
-74.7681
-75.0732
-75.3784
-75.0732
-75.0732
-74.1577
-74.4629
-73.8525
-73.8525
-74.4629
-73.8525
-74.1577
-74.4629
-75.0732
-75.9888
-76.2939
-75.9888
-76.2939
-75.6836
-75.0732
-75.0732
-74.4629
-73.5474
-74.1577
-73.8525
-74.7681
-74.4629
-75.3784
-75.0732
-76.5991
-75.6836
-75.6836
-75.9888
-75.3784
-75.0732
-74.4629
-75.3784
-75.0732
-74.7681
-76.2939
-74.7681
-75.6836
-74.4629
-76.2939
-74.4629
-75.0732
-74.4629
-75.0732
-74.7681
-75.3784
-75.6836
-75.0732
-75.9888
-75.9888
-76.2939
-75.3784
-75.0732
-75.0732
-74.7681
-75.3784
-75.0732
-74.7681
-74.7681
-74.7681
-75.0732
-74.7681
-75.6836
-75.0732
-75.9888
-74.7681
-74.7681
-75.0732
-74.7681
-75.0732
-74.4629
-75.0732
-73.8525
-74.4629
-73.2422
-73.8525
-74.1577
-73.8525
-75.0732
-74.1577
-75.0732
-75.0732
-75.0732
-76.5991
-75.9888
-76.9043
-76.9043
-76.2939
-76.5991
-76.2939
-75.6836
-75.3784
-75.0732
-74.4629
-75.0732
-74.1577
-73.8525
-74.4629
-74.7681
-75.3784
-75.3784
-75.9888
-76.2939
-77.2095
-76.5991
-76.2939
-75.9888
-75.6836
-75.0732
-74.4629
-73.8525
-74.1577
-74.1577
-74.4629
-73.8525
-74.7681
-75.3784
-76.2939
-74.4629
-75.3784
-74.4629
-75.3784
-74.1577
-75.3784
-75.0732
-75.0732
-75.3784
-76.5991
-76.5991
-75.3784
-75.6836
-75.0732
-74.4629
-74.1577
-74.4629
-75.0732
-74.7681
-75.6836
-75.3784
-75.6836
-76.2939
-75.9888
-77.5146
-76.2939
-77.2095
-76.2939
-75.6836
-75.9888
-75.3784
-75.6836
-74.7681
-75.6836
-74.7681
-75.9888
-75.0732
-75.9888
-75.6836
-75.3784
-75.3784
-77.2095
-76.2939
-76.2939
-77.5146
-76.5991
-76.5991
-76.5991
-76.2939
-76.5991
-75.6836
-75.0732
-75.0732
-75.3784
-75.0732
-75.3784
-74.7681
-74.7681
-75.9888
-75.0732
-75.6836
-75.0732
-75.0732
-75.0732
-74.7681
-75.0732
-74.7681
-75.3784
-74.1577
-75.0732
-74.7681
-75.3784
-75.9888
-75.9888
-75.9888
-75.3784
-75.0732
-74.7681
-75.3784
-75.0732
-75.0732
-75.6836
-75.0732
-75.3784
-74.7681
-75.6836
-75.9888
-76.5991
-75.9888
-75.6836
-75.3784
-75.0732
-74.4629
-75.0732
-75.3784
-75.0732
-74.4629
-74.4629
-75.0732
-75.9888
-75.0732
-76.9043
-76.2939
-76.2939
-75.3784
-75.0732
-74.7681
-74.7681
-74.1577
-73.8525
-74.4629
-74.7681
-75.3784
-75.3784
-76.2939
-75.9888
-74.7681
-75.3784
-74.7681
-75.6836
-75.0732
-74.7681
-75.6836
-75.0732
-74.7681
-75.0732
-74.1577
-74.1577
-75.0732
-75.0732
-73.8525
-74.1577
-73.8525
-74.1577
-74.7681
-74.4629
-74.7681
-73.8525
-74.7681
-74.7681
-75.3784
-74.4629
-74.4629
-75.0732
