-74.7681
-57.373
-40.5884
-31.1279
-23.8037
-17.0898
-11.2915
-4.88281
1.52588
9.76563
20.1416
18.9209
17.395
19.2261
22.2778
22.583
24.7192
25.9399
26.8555
26.5503
25.0244
25.6348
23.8037
24.4141
24.7192
25.9399
25.3296
25.0244
24.4141
22.583
22.8882
22.583
23.8037
23.1934
22.583
21.3623
19.8364
20.1416
19.5313
21.0571
20.752
19.8364
18.3105
16.1743
16.1743
17.0898
16.7847
16.7847
16.1743
13.7329
12.207
13.7329
12.8174
14.0381
13.4277
12.5122
10.9863
10.6812
10.0708
10.6812
10.9863
9.76563
8.23975
7.01904
7.62939
7.32422
8.23975
7.93457
5.79834
4.57764
4.27246
4.88281
4.88281
4.88281
3.96729
2.13623
1.52588
2.13623
2.74658
2.44141
2.13623
1.52588
-0.915527
-0.915527
-2.13623
-1.52588
-1.52588
-2.13623
-1.83105
-1.2207
-1.83105
-2.44141
-2.13623
-3.35693
-3.96729
-4.57764
-5.79834
-6.71387
-7.62939
-7.62939
-8.54492
-7.93457
-7.93457
-8.54492
-8.23975
-8.23975
-7.93457
-8.54492
-8.23975
-9.46045
-9.15527
-10.9863
-10.9863
-12.207
-13.4277
-13.1226
-13.1226
-13.1226
-13.4277
-12.8174
-13.1226
-13.1226
-12.8174
-13.4277
-13.7329
-14.0381
-15.2588
-15.564
-15.8691
-16.4795
-16.4795
-16.4795
-16.1743
-16.1743
-15.8691
-16.4795
-16.4795
-17.0898
-18.6157
-19.2261
-19.2261
-19.8364
-18.6157
-18.9209
-18.9209
-18.3105
-18.6157
-18.9209
-19.8364
-19.8364
-21.6675
-22.2778
-21.6675
-21.9727
-21.3623
-20.752
-19.8364
-20.752
-21.0571
-23.1934
-23.4985
-23.4985
-23.1934
-22.2778
-21.9727
-21.9727
-22.2778
-22.8882
-24.4141
-25.0244
-24.7192
-24.7192
-23.4985
-24.1089
-23.1934
-23.1934
-24.7192
-25.0244
-25.6348
-25.3296
-25.6348
-24.7192
-25.0244
-24.7192
-24.4141
-25.0244
-24.7192
-25.3296
-25.3296
-25.6348
-25.3296
-26.2451
-26.2451
-26.2451
-27.4658
-27.1606
-27.1606
-27.4658
-27.771
-28.0762
-28.6865
-28.3813
-28.3813
-29.2969
-28.6865
-29.2969
-28.9917
-29.2969
-29.2969
-29.2969
-28.9917
-28.6865
-29.2969
-28.3813
-28.0762
-28.0762
-27.4658
-28.0762
-27.771
-28.6865
-27.771
-28.6865
-28.9917
-29.2969
-29.6021
-29.9072
-30.5176
-31.1279
-31.1279
-31.1279
-30.5176
-30.5176
-30.2124
-30.2124
-29.6021
-29.2969
-29.2969
-29.6021
-30.5176
-30.5176
-30.5176
-31.4331
-32.0435
-31.7383
-32.3486
-32.6538
-31.1279
-31.4331
-30.8228
-30.2124
-30.8228
-30.8228
-30.8228
-32.3486
-32.959
-32.0435
-32.6538
-32.3486
-32.3486
-31.7383
-31.4331
-31.7383
-31.4331
-32.0435
-32.6538
-34.4849
-32.959
-32.959
-32.3486
-31.7383
-31.1279
-32.0435
-32.959
-33.2642
-34.1797
-33.5693
-33.2642
-33.2642
-32.3486
-32.3486
-32.3486
-32.6538
-32.3486
-33.5693
-33.8745
-34.79
-34.79
-34.4849
-35.0952
-34.4849
-35.4004
-35.4004
-34.79
-35.4004
-35.0952
-35.4004
-35.0952
-35.7056
-34.79
-35.0952
-34.79
-34.4849
-35.0952
-34.4849
-34.79
-34.1797
-34.79
-34.1797
-34.4849
-34.1797
-34.1797
-34.1797
-34.1797
-34.4849
-34.79
-35.0952
-35.7056
-35.4004
-36.9263
-36.0107
-37.8418
-37.2314
-36.9263
-36.9263
-36.3159
-36.6211
-35.0952
-36.0107
-35.7056
-36.0107
-35.4004
-35.0952
-36.0107
-36.3159
-36.9263
-37.8418
-37.5366
-37.5366
-37.8418
-37.8418
-36.6211
-37.2314
-36.3159
-36.9263
-35.4004
-36.9263
-36.6211
-36.6211
-38.4521
-38.4521
-38.4521
-38.147
-38.147
-38.147
-36.9263
-37.2314
-36.9263
-37.8418
-37.5366
-38.7573
-39.0625
-39.3677
-38.7573
-38.147
-37.8418
-37.2314
-36.9263
-37.5366
-38.7573
-39.6729
-39.978
-39.978
-38.7573
-38.4521
-36.9263
-37.8418
-38.147
-39.3677
-40.2832
-39.978
-40.2832
-39.3677
-39.3677
-39.3677
-38.7573
-38.7573
-38.147
-38.147
-39.0625
-39.0625
-38.7573
-39.3677
-38.147
-38.7573
-39.0625
-38.4521
-39.6729
-39.978
-39.6729
-40.2832
-40.2832
-40.5884
-40.8936
-41.5039
-41.1987
-42.1143
-41.5039
-42.7246
-42.1143
-41.8091
-41.1987
-40.2832
-41.1987
-40.8936
-40.8936
-40.2832
-40.2832
-40.2832
-39.978
-40.2832
-40.5884
-41.1987
-40.2832
-41.1987
-41.8091
-42.1143
-42.7246
-43.0298
-43.335
-42.7246
-42.7246
-42.1143
-41.8091
-40.8936
-40.8936
-41.8091
-40.2832
-41.5039
-41.5039
-42.4194
-42.7246
-43.9453
-43.6401
-43.0298
-43.335
-42.4194
-42.1143
-41.8091
-41.1987
-41.5039
-41.5039
-43.0298
-43.0298
-44.2505
-44.2505
-44.2505
-43.6401
-43.0298
-42.7246
-41.8091
-42.1143
-43.0298
-43.335
-44.2505
-44.2505
-43.6401
-43.0298
-43.335
-42.4194
-43.0298
-43.0298
-43.9453
-45.166
-44.2505
-44.5557
-43.9453
-43.335
-43.0298
-43.335
-43.335
-44.2505
-44.8608
-45.166
-45.4712
-44.2505
-45.166
-44.5557
-44.8608
-44.5557
-44.5557
-44.8608
-44.5557
-44.5557
-44.5557
-44.2505
-44.5557
-43.9453
-43.9453
-43.6401
-43.9453
-43.0298
-43.9453
-43.9453
-43.9453
-44.5557
-45.166
-44.5557
-45.166
-45.166
-45.166
-46.0815
-46.6919
-46.3867
-46.3867
-45.7764
-46.9971
-46.6919
-46.0815
-46.0815
-45.166
-45.7764
-44.8608
-45.166
-44.8608
-45.166
-45.4712
-45.4712
-46.0815
-46.0815
-47.6074
-47.3022
-47.9126
-47.6074
-47.6074
-46.3867
-46.0815
-45.7764
-45.166
-45.4712
-45.4712
-45.4712
-46.6919
-46.6919
-47.9126
-48.5229
-48.8281
-47.6074
-47.6074
-46.0815
-46.6919
-46.0815
-46.6919
-46.6919
-47.3022
-48.5229
-48.8281
-48.5229
-48.2178
-47.6074
-46.9971
-46.6919
-46.9971
-47.3022
-48.2178
-49.1333
-49.4385
-48.5229
-47.9126
-47.3022
-47.3022
-47.6074
-47.6074
-48.8281
-48.8281
-48.8281
-48.2178
-47.9126
-47.6074
-47.3022
-48.2178
-47.9126
-50.0488
-49.7437
-49.4385
-48.8281
-49.4385
-49.7437
-48.8281
-49.1333
-49.1333
-49.1333
-49.4385
-48.5229
-48.5229
-48.2178
-48.8281
-47.6074
-48.5229
-48.8281
-48.2178
-47.9126
-47.9126
-48.5229
-48.2178
-49.1333
-48.5229
-49.1333
-48.5229
-48.8281
-49.4385
-49.4385
-50.6592
-50.354
-50.9644
-51.2695
-50.6592
-50.9644
-51.2695
-50.9644
-50.6592
-50.0488
-50.0488
-49.1333
-49.1333
-48.5229
-49.1333
-49.1333
-50.0488
-50.0488
-50.9644
-51.5747
-51.2695
-52.1851
-51.2695
-51.2695
-50.6592
-50.0488
-49.7437
-49.7437
-50.0488
-49.4385
-51.2695
-50.354
-51.8799
-51.5747
-51.8799
-51.5747
-51.2695
-50.9644
-50.354
-50.354
-50.354
-50.0488
-51.8799
-52.1851
-52.7954
-52.7954
-52.4902
-51.8799
-50.354
-50.354
-50.0488
-50.6592
-51.8799
-52.7954
-53.1006
-52.7954
-52.1851
-51.2695
-51.2695
-50.6592
-51.8799
-52.1851
-53.4058
-53.4058
-52.7954
-52.4902
-51.5747
-51.2695
-51.2695
-51.8799
-52.1851
-53.4058
-54.3213
-53.7109
-54.3213
-53.4058
-53.4058
-53.4058
-54.3213
-53.1006
-53.4058
-53.4058
-53.1006
-52.7954
-52.1851
-52.4902
-52.1851
-51.8799
-51.8799
-51.5747
-52.1851
-51.8799
-52.7954
-52.4902
-53.4058
-52.4902
-53.7109
-53.7109
-54.3213
-54.9316
-54.6265
-54.9316
-55.2368
-54.9316
-54.6265
-54.3213
-54.9316
-53.7109
-53.7109
-52.7954
-53.1006
-53.7109
-55.2368
-55.542
-55.2368
-54.9316
-53.7109
-53.4058
-53.4058
-54.6265
-55.8472
-54.9316
-55.2368
-53.7109
-53.7109
-53.1006
-53.7109
-54.9316
-55.8472
-56.1523
-55.8472
-55.542
-54.9316
-54.3213
-53.7109
-54.6265
-56.4575
-55.542
-56.1523
-54.9316
-54.9316
-54.3213
-53.4058
-56.4575
-55.8472
-57.0679
-55.542
-55.2368
-54.6265
-54.6265
-55.8472
-56.4575
-57.0679
-55.542
-56.1523
-54.9316
-55.2368
-55.542
-56.4575
-56.4575
-55.542
-54.6265
-55.2368
-55.8472
-57.6782
-56.7627
-56.7627
-55.542
-55.2368
-55.2368
-55.8472
-57.373
-57.0679
-57.0679
-56.4575
-56.7627
-55.8472
-55.8472
-55.8472
-55.2368
-55.8472
-55.2368
-56.4575
-56.7627
-58.2886
-57.6782
-58.2886
-57.9834
-58.2886
-57.6782
-57.0679
-57.373
-56.4575
-55.8472
-55.542
-55.542
-55.8472
-56.1523
-57.9834
-57.6782
-58.5938
-57.9834
-57.9834
-57.9834
-57.9834
-57.6782
-56.7627
-56.4575
-56.1523
-56.4575
-58.2886
-58.2886
-58.8989
-58.2886
-58.2886
-56.7627
-57.373
-56.1523
-57.0679
-57.373
-58.8989
-59.2041
-58.5938
-58.2886
-57.9834
-57.0679
-57.373
-57.0679
-58.8989
-59.2041
-60.1196
-58.8989
-58.5938
-57.373
-57.373
-57.6782
-57.9834
-59.2041
-59.8145
-59.8145
-59.2041
-57.6782
-57.9834
-57.6782
-59.2041
-59.8145
-60.1196
-58.5938
-58.2886
-57.373
-57.373
-59.5093
-59.8145
-60.1196
-59.8145
-58.5938
-57.9834
-57.9834
-60.4248
-60.1196
-60.1196
-58.8989
-58.2886
-57.9834
-60.1196
-60.4248
-60.1196
-59.8145
-59.2041
-58.5938
-58.8989
-58.2886
-60.1196
-60.1196
-61.3403
-60.1196
-60.73
-60.4248
-60.1196
-59.5093
-58.8989
-58.5938
-58.2886
-59.2041
-59.2041
-59.8145
-60.4248
-60.73
-62.2559
-61.3403
-61.6455
-60.73
-61.0352
-60.4248
-59.8145
-59.2041
-58.8989
-59.2041
-60.4248
-61.3403
-60.73
-61.6455
-61.9507
-61.3403
-61.3403
-60.1196
-60.4248
-59.2041
-59.8145
-60.1196
-60.73
-61.9507
-62.561
-61.6455
-61.0352
-61.3403
-60.73
-59.8145
-59.8145
-60.4248
-61.6455
-61.6455
-62.2559
-61.6455
-61.3403
-60.4248
-60.1196
-60.4248
-61.0352
-62.561
-62.8662
-62.2559
-61.3403
-60.1196
-60.1196
-60.1196
-61.3403
-61.9507
-62.8662
-62.2559
-61.6455
-60.4248
-60.4248
-61.6455
-61.9507
-63.7817
-61.9507
-61.9507
-61.3403
-60.1196
-61.3403
-62.561
-63.1714
-62.2559
-61.6455
-60.4248
-61.3403
-62.2559
-62.561
-62.8662
-61.9507
-61.0352
-60.73
-62.8662
-64.0869
-63.1714
-62.8662
-61.6455
-61.3403
-61.3403
-62.2559
-62.8662
-63.1714
-62.8662
-62.8662
-62.8662
-61.9507
-61.6455
-61.6455
-61.6455
-62.561
-62.2559
-63.7817
-63.1714
-63.7817
-63.4766
-64.3921
-63.4766
-63.1714
-63.1714
-62.8662
-62.561
-61.9507
-61.9507
-61.9507
-62.561
-63.7817
-64.0869
-65.0024
-64.0869
-64.3921
-63.4766
-63.4766
-63.1714
-62.561
-61.9507
-62.8662
-63.4766
-63.7817
-64.6973
-64.6973
-64.0869
-63.7817
-63.1714
-63.1714
-62.561
-63.7817
-63.7817
-65.0024
-64.6973
-64.3921
-64.0869
-63.1714
-62.8662
-62.8662
-63.7817
-64.3921
-64.6973
-65.0024
-64.0869
-64.0869
-62.561
-63.1714
-62.8662
-65.3076
-65.0024
-65.0024
-64.6973
-64.3921
-63.7817
-62.8662
-64.3921
-65.0024
-64.6973
-65.0024
-63.4766
-63.7817
-62.8662
-64.6973
-65.0024
-66.2231
-65.0024
-64.6973
-63.7817
-64.0869
-65.3076
-65.0024
-65.3076
-65.0024
-63.7817
-63.4766
-64.6973
-66.2231
-65.3076
-65.3076
-63.4766
-63.7817
-64.6973
-65.0024
-66.5283
-65.6128
-65.6128
-64.3921
-64.6973
-63.7817
-64.0869
-64.3921
-64.6973
-65.3076
-65.6128
-66.5283
-65.3076
-65.918
-65.3076
-64.6973
-64.6973
-64.3921
-64.0869
-64.3921
-64.0869
-64.6973
-65.3076
-65.918
-66.2231
-65.918
-65.6128
-65.6128
-65.3076
-64.6973
-64.3921
-64.3921
-64.6973
-65.6128
-66.5283
-66.5283
-66.2231
-66.2231
-65.3076
-65.3076
-64.6973
-64.6973
-64.0869
-65.918
-66.2231
-67.4438
-66.5283
-65.918
-65.3076
-65.0024
-65.0024
-65.3076
-66.2231
-66.5283
-67.1387
-67.1387
-66.8335
-66.2231
-65.0024
-65.3076
-64.6973
-66.2231
-67.1387
-66.8335
-66.5283
-65.0024
-65.6128
-65.3076
-65.6128
-67.4438
-67.1387
-66.2231
-65.6128
-65.6128
-65.0024
-66.5283
-67.1387
-67.4438
-66.8335
-66.5283
-65.3076
-65.3076
-66.5283
-67.4438
-67.4438
-66.5283
-65.6128
-65.6128
-65.918
-68.0542
-67.749
-67.4438
-66.2231
-66.2231
-66.8335
-68.0542
-67.1387
-66.5283
-66.5283
-65.6128
-66.2231
-67.4438
-68.0542
-68.0542
-68.0542
-67.749
-67.1387
-67.4438
-66.5283
-66.5283
-66.8335
-66.5283
-66.5283
-67.4438
-68.0542
-68.6646
-68.3594
-68.0542
-68.0542
-67.749
-67.4438
-67.1387
-66.2231
-66.8335
-66.5283
-66.8335
-67.1387
-68.0542
-68.6646
-68.9697
-69.2749
-68.3594
-67.749
-67.1387
-66.5283
-66.5283
-65.3076
-67.4438
-68.0542
-69.2749
-68.0542
-68.6646
-68.0542
-67.4438
-67.1387
-67.1387
-67.4438
-67.4438
-68.9697
-69.2749
-68.6646
-68.0542
-67.4438
-67.4438
-66.2231
-67.4438
-68.0542
-69.2749
-68.9697
-68.3594
-67.4438
-67.1387
-66.5283
-67.4438
-69.2749
-68.6646
-68.6646
-68.3594
-67.749
-67.1387
-66.8335
-68.3594
-68.6646
-68.9697
-68.6646
-67.4438
-67.4438
-66.8335
-68.9697
-69.2749
-69.2749
-69.2749
-68.3594
-67.1387
-66.8335
-68.9697
-69.2749
-68.9697
-68.0542
-67.4438
-67.1387
-68.3594
-69.5801
-68.6646
-68.3594
-67.749
-67.749
-68.3594
-69.2749
-69.8853
-68.9697
-68.3594
-68.0542
-67.749
-67.749
-68.9697
-68.9697
-69.8853
-69.8853
-69.2749
-69.5801
-68.9697
-68.9697
-68.9697
-68.9697
-68.3594
-67.749
-68.0542
-68.0542
-69.8853
-69.5801
-70.4956
-69.2749
-69.5801
-68.9697
-68.3594
-68.6646
-68.0542
-68.6646
-68.3594
-68.0542
-69.2749
-69.8853
-70.4956
-69.8853
-69.8853
-69.2749
-68.6646
-68.3594
-67.749
-68.3594
-69.5801
-70.4956
-70.1904
-69.8853
-69.8853
-68.6646
-68.6646
-68.0542
-69.2749
-69.5801
-70.4956
-70.4956
-70.1904
-69.8853
-69.5801
-68.6646
-67.749
-68.9697
-70.1904
-70.8008
-70.1904
-69.2749
-69.2749
-68.3594
-69.2749
-69.8853
-71.7163
-71.106
-70.1904
-70.1904
-68.6646
-68.6646
-70.1904
-71.106
-70.8008
-69.8853
-68.9697
-68.9697
-69.2749
-70.4956
-71.7163
-70.1904
-70.1904
-68.9697
-68.9697
-70.1904
-71.106
-71.7163
-69.8853
-68.6646
-69.2749
-70.1904
-71.106
-70.4956
-70.1904
-68.9697
-68.6646
-69.8853
-71.4111
-71.106
-70.8008
-70.4956
-69.8853
-69.8853
-69.5801
-70.1904
-71.106
-70.8008
-71.7163
-71.7163
-71.7163
-70.8008
-71.106
-70.4956
-69.8853
-69.5801
-69.2749
-69.2749
-69.8853
-70.4956
-71.106
-71.4111
-72.3267
-71.4111
-72.3267
-71.4111
-71.106
-70.1904
-70.4956
-69.5801
-69.8853
-70.1904
-70.8008
-71.7163
-72.3267
-71.7163
-70.8008
-71.106
-70.4956
-70.1904
-70.4956
-70.4956
-71.7163
-71.4111
-72.0215
-71.106
-71.7163
-70.1904
-70.4956
-69.8853
-70.8008
-72.3267
-72.3267
-72.0215
-71.4111
-71.106
-70.1904
-70.1904
-70.4956
-71.106
-73.2422
-71.7163
-72.0215
-71.106
-70.8008
-71.106
-70.8008
-72.0215
-72.3267
-72.0215
-71.106
-70.4956
-70.8008
-71.106
-72.937
-72.0215
-72.937
-71.7163
-70.8008
-70.4956
-71.7163
-72.937
-71.7163
-71.7163
-70.1904
-70.4956
-71.106
-72.3267
-72.6318
-72.0215
-71.4111
-70.8008
-71.4111
-71.7163
-72.3267
-72.0215
-71.106
-71.4111
-70.4956
-72.3267
-72.3267
-72.6318
-72.3267
-72.0215
-72.0215
-70.8008
-71.106
-70.1904
-71.7163
-71.4111
-72.0215
-72.3267
-73.5474
-72.937
-73.2422
-72.6318
-72.0215
-71.4111
-71.106
-70.8008
-71.106
-71.106
-72.0215
-72.3267
-72.937
-73.5474
-73.2422
-72.937
-72.937
-71.7163
-71.7163
-71.4111
-71.7163
-72.0215
-72.3267
-73.2422
-73.5474
-72.3267
-72.3267
-71.4111
-71.7163
-71.4111
-71.7163
-71.7163
-73.8525
-72.6318
-72.6318
-73.2422
-71.4111
-72.0215
-71.7163
-72.3267
-72.3267
-73.2422
-72.937
-72.3267
-72.3267
-70.8008
-71.7163
-71.7163
-72.937
-74.1577
-73.2422
-72.6318
-72.3267
-72.0215
-71.4111
-73.5474
-72.937
-73.2422
-72.6318
-72.0215
-71.7163
-72.3267
-73.5474
-73.8525
-72.937
-72.3267
-71.7163
-71.7163
-72.6318
-74.4629
-73.8525
-73.5474
-72.0215
-71.7163
-73.2422
-74.1577
-74.1577
-72.6318
-71.7163
-71.4111
-72.937
-73.2422
-73.2422
-72.937
-71.7163
-72.6318
-72.3267
-74.7681
-74.4629
-74.1577
-73.5474
-72.6318
-72.3267
-72.0215
-72.0215
-72.3267
-72.6318
-73.8525
-74.1577
-74.1577
-73.8525
-73.8525
-73.5474
-72.937
-72.3267
-72.6318
-72.3267
-72.3267
-72.6318
-72.6318
-74.1577
-74.1577
-74.4629
-74.4629
-73.8525
-72.937
-72.937
-72.6318
-72.0215
-72.6318
-73.5474
-74.4629
-74.4629
-74.4629
-74.7681
-73.8525
-73.5474
-72.6318
-72.937
-72.3267
-72.937
-73.5474
-73.8525
-74.1577
-73.2422
-73.2422
-72.6318
-72.3267
-72.937
-73.5474
-75.0732
-74.4629
-74.1577
-73.2422
-73.5474
-72.6318
-72.3267
-73.5474
-74.4629
-74.4629
-73.8525
-73.8525
-72.3267
-72.3267
-73.5474
-74.7681
-74.7681
-73.8525
-73.8525
-72.6318
-72.937
-73.8525
-75.0732
-74.4629
-74.1577
-73.2422
-72.3267
-72.937
-73.5474
-74.7681
-73.8525
-72.937
-72.937
-72.937
-74.4629
-75.0732
-75.3784
-74.1577
-72.6318
-72.937
-74.1577
-75.6836
-74.1577
-74.4629
-72.937
-72.937
-74.1577
-74.4629
-75.9888
-74.4629
-73.8525
-73.5474
-73.2422
-72.6318
-73.2422
-74.1577
-73.8525
-74.7681
-74.7681
-75.0732
-75.0732
-74.4629
-74.1577
-73.2422
-73.5474
-72.3267
-72.937
-72.6318
-73.5474
-73.8525
-74.7681
-75.3784
-75.0732
-75.0732
-74.1577
-73.8525
-73.2422
-72.937
-72.937
-73.5474
-74.1577
-75.0732
-75.3784
-74.7681
-74.7681
-73.8525
-73.5474
-72.937
-72.6318
-74.1577
-74.1577
-75.0732
-74.7681
-74.4629
-74.4629
-73.5474
-73.2422
-73.5474
-73.8525
-75.3784
-74.7681
-74.4629
-73.5474
-72.937
-72.3267
-73.5474
-73.8525
-75.0732
-74.7681
-75.3784
-74.1577
-72.937
-73.5474
-73.8525
-74.1577
-75.3784
-74.1577
-73.8525
-72.6318
-73.2422
-73.5474
-75.6836
-75.3784
-74.7681
-73.5474
-72.937
-73.8525
-74.1577
-75.0732
-74.4629
-74.4629
-73.2422
-73.2422
-75.0732
-75.3784
-75.0732
-73.8525
-73.5474
-73.2422
-74.7681
-75.3784
-74.7681
-74.1577
-72.937
-74.4629
-74.4629
-75.9888
-75.3784
-75.0732
-73.8525
-73.5474
-73.2422
-72.937
-73.8525
-75.0732
-75.6836
-76.2939
-75.3784
-74.7681
-74.4629
-73.8525
-73.5474
-73.8525
-72.937
-73.8525
-73.8525
-74.1577
-75.3784
-75.3784
-75.9888
-75.0732
-75.0732
-74.1577
-74.1577
-73.5474
-72.937
-73.5474
-73.2422
-74.7681
-75.3784
-75.9888
-75.9888
-75.6836
-74.7681
-74.1577
-73.8525
-73.2422
-73.5474
-73.5474
-75.3784
-75.0732
-74.7681
-74.7681
-74.1577
-73.8525
-74.1577
-74.4629
-75.3784
-75.3784
-76.2939
-74.1577
-74.7681
-73.5474
-73.8525
-74.1577
-75.3784
-76.5991
-75.0732
-75.3784
-73.5474
-74.1577
-74.1577
-74.7681
-76.2939
-75.6836
-75.0732
-73.8525
-74.1577
-73.8525
-75.0732
-75.9888
-75.3784
-75.0732
-73.8525
-73.5474
-72.937
-74.7681
-75.3784
-75.0732
-74.4629
-73.5474
-73.5474
-75.0732
-76.5991
-75.6836
-75.0732
-73.5474
-73.5474
-74.1577
-75.3784
-75.3784
-74.7681
-73.8525
-73.5474
-74.7681
-76.2939
-74.7681
-75.3784
-74.1577
-73.8525
-73.8525
-73.8525
-74.7681
-75.0732
-75.3784
-75.6836
-75.6836
-75.3784
-75.0732
-74.1577
-73.8525
-73.2422
-73.2422
-73.8525
-74.4629
-75.0732
-75.6836
-76.2939
-75.9888
-75.6836
-75.3784
-73.8525
-74.1577
-73.5474
-73.8525
-73.8525
-74.7681
-75.3784
-75.3784
-76.2939
-75.0732
-75.0732
-73.8525
-73.8525
-73.5474
-73.8525
-75.3784
-75.3784
-76.2939
-75.3784
-75.3784
-74.7681
-73.8525
-73.8525
-74.1577
-75.3784
-76.2939
-75.9888
-74.7681
-74.7681
-74.4629
-73.5474
-74.4629
-74.7681
-76.5991
-76.5991
-76.2939
-75.3784
-74.1577
-74.1577
-74.7681
-75.9888
-76.2939
-76.2939
-74.7681
-74.1577
-73.8525
-75.0732
-76.9043
-76.5991
-75.9888
-74.4629
-74.7681
-73.8525
-75.0732
-76.5991
-75.9888
-75.3784
-74.7681
-74.7681
-74.7681
-76.5991
-76.2939
-75.3784
-75.0732
-73.8525
-75.0732
-76.5991
-75.9888
-75.0732
-74.4629
-75.0732
-75.6836
-77.5146
-76.2939
-75.3784
-74.1577
-74.4629
-74.1577
-75.3784
-76.5991
-75.9888
-76.5991
-75.6836
-75.9888
-74.7681
-75.0732
-75.0732
-75.0732
-75.3784
-75.9888
-76.2939
-76.9043
-77.5146
-76.2939
-76.9043
-75.9888
-75.3784
-75.0732
-75.0732
-74.7681
-74.4629
-75.9888
-76.9043
-77.5146
-77.2095
-76.2939
-76.2939
-75.6836
-75.3784
-74.7681
-75.3784
-75.3784
-75.6836
-76.9043
-76.5991
-76.5991
-75.3784
-75.9888
-74.4629
-75.6836
-75.6836
-76.5991
-77.5146
