-80.2612
-63.4766
-46.9971
-38.147
-31.7383
-25.6348
-20.4468
-14.3433
-8.23975
-1.52588
6.71387
11.5967
24.1089
36.0107
41.5039
41.5039
43.0298
42.7246
43.0298
43.0298
43.335
43.335
42.1143
41.8091
39.3677
38.4521
37.5366
36.9263
37.2314
36.3159
36.3159
35.4004
34.79
32.6538
31.4331
30.2124
29.9072
30.2124
28.9917
29.9072
29.2969
28.6865
26.8555
25.0244
24.4141
23.4985
23.4985
23.1934
23.8037
23.4985
22.8882
21.9727
21.0571
20.1416
19.5313
20.1416
20.1416
19.8364
19.8364
19.2261
17.7002
15.8691
15.8691
15.2588
15.564
15.8691
16.1743
16.1743
15.564
14.0381
12.5122
11.9019
12.5122
13.1226
12.5122
13.1226
13.1226
12.8174
12.8174
11.5967
11.2915
10.6812
9.76563
9.15527
9.15527
9.46045
7.93457
7.62939
7.32422
8.23975
6.40869
7.32422
6.40869
5.79834
5.79834
4.88281
5.49316
4.57764
3.35693
3.35693
3.96729
3.66211
3.05176
3.66211
3.35693
3.35693
2.74658
2.13623
2.13623
2.44141
2.13623
1.83105
2.13623
1.83105
1.52588
1.52588
1.52588
1.2207
1.52588
1.52588
0.305176
0.915527
0.305176
0.305176
0
-0.610352
-0.610352
-1.52588
-2.13623
-2.13623
-2.74658
-3.05176
-3.96729
-3.35693
-4.88281
-3.96729
-5.18799
-3.96729
-4.27246
-4.27246
-3.66211
-4.27246
-3.66211
-4.27246
-3.66211
-3.96729
-3.96729
-4.88281
-5.18799
-6.10352
-6.40869
-6.10352
-7.32422
-7.93457
-8.23975
-8.23975
-7.93457
-7.93457
-7.62939
-7.01904
-6.71387
-7.01904
-6.40869
-6.71387
-7.32422
-7.32422
-8.54492
-9.15527
-9.76563
-10.376
-10.9863
-10.6812
-10.376
-9.76563
-9.46045
-9.76563
-9.46045
-8.8501
-9.15527
-9.46045
-9.76563
-9.76563
-10.376
-10.0708
-11.2915
-10.9863
-11.2915
-11.2915
-12.207
-11.9019
-11.5967
-12.5122
-11.9019
-12.8174
-12.8174
-13.4277
-13.4277
-13.4277
-13.4277
-13.4277
-13.7329
-13.1226
-13.7329
-13.4277
-13.4277
-13.1226
-12.8174
-13.4277
-13.1226
-13.7329
-13.1226
-13.1226
-13.1226
-12.207
-13.4277
-12.8174
-13.7329
-13.4277
-13.7329
-13.7329
-13.7329
-14.3433
-14.6484
-14.3433
-14.3433
-14.3433
-14.3433
-15.2588
-14.9536
-14.6484
-14.9536
-15.2588
-15.564
-15.564
-16.7847
-15.8691
-16.7847
-16.7847
-17.0898
-17.0898
-16.7847
-17.7002
-17.0898
-17.7002
-18.3105
-17.0898
-17.395
-17.395
-17.395
-17.0898
-17.0898
-15.564
-16.1743
-15.8691
-15.8691
-15.8691
-15.8691
-15.8691
-16.1743
-16.7847
-16.7847
-17.395
-17.395
-18.6157
-18.6157
-18.3105
-18.6157
-18.9209
-18.6157
-17.7002
-17.7002
-17.7002
-17.7002
-17.7002
-17.0898
-17.7002
-17.395
-17.395
-17.0898
-17.0898
-17.7002
-17.7002
-18.6157
-17.395
-18.6157
-17.7002
-18.3105
-18.3105
-17.7002
-19.2261
-18.6157
-19.8364
-19.5313
-20.4468
-20.1416
-20.752
-20.752
-21.3623
-21.0571
-20.752
-20.752
-20.4468
-20.1416
-20.4468
-20.1416
-20.4468
-19.8364
-20.4468
-20.4468
-20.4468
-19.2261
-19.8364
-20.1416
-20.1416
-20.1416
-19.5313
-20.1416
-19.8364
-20.1416
-19.8364
-20.4468
-20.752
-19.8364
-20.752
-20.4468
-20.1416
-20.1416
-20.4468
-20.4468
-20.4468
-21.0571
-21.0571
-21.3623
-21.6675
-22.2778
-22.2778
-21.9727
-21.9727
-21.6675
-22.8882
-21.6675
-22.583
-22.2778
-22.8882
-22.2778
-22.583
-21.6675
-21.9727
-21.9727
-21.9727
-22.2778
-21.3623
-20.752
-21.0571
-20.4468
-21.3623
-20.752
-21.0571
-20.752
-21.0571
-21.9727
-22.583
-23.1934
-22.8882
-23.4985
-23.1934
-23.8037
-23.1934
-22.8882
-22.8882
-22.583
-22.2778
-21.6675
-21.6675
-20.752
-21.3623
-21.3623
-21.0571
-21.3623
-21.0571
-21.9727
-22.2778
-22.2778
-22.583
-21.9727
-22.2778
-21.9727
-22.2778
-21.9727
-22.8882
-22.583
-23.4985
-23.4985
-24.1089
-23.8037
-23.8037
-24.4141
-24.4141
-25.0244
-24.4141
-25.3296
-24.1089
-24.4141
-24.4141
-24.4141
-24.7192
-24.1089
-24.7192
-23.8037
-23.8037
-23.4985
-23.4985
-23.4985
-22.8882
-23.1934
-23.1934
-23.4985
-23.8037
-24.1089
-23.4985
-23.4985
-24.7192
-24.1089
-23.8037
-23.4985
-23.1934
-23.4985
-23.8037
-23.8037
-24.1089
-24.4141
-24.1089
-25.3296
-25.0244
-24.7192
-25.0244
-25.6348
-25.6348
-25.3296
-25.9399
-25.6348
-26.2451
-26.2451
-26.2451
-25.9399
-25.9399
-25.9399
-25.0244
-25.3296
-25.0244
-25.0244
-25.0244
-25.0244
-24.7192
-25.0244
-25.0244
-24.7192
-24.7192
-24.7192
-24.4141
-24.4141
-24.4141
-25.6348
-25.6348
-26.2451
-26.2451
-27.4658
-26.8555
-27.4658
-25.6348
-26.2451
-25.9399
-26.2451
-25.9399
-25.6348
-25.6348
-25.3296
-25.3296
-25.3296
-25.3296
-25.9399
-25.6348
-25.6348
-25.9399
-25.6348
-25.9399
-26.2451
-26.8555
-27.1606
-27.1606
-27.1606
-27.771
-27.771
-28.0762
-28.0762
-28.0762
-28.0762
-27.4658
-27.4658
-27.1606
-26.8555
-27.1606
-26.5503
-26.2451
-27.1606
-27.1606
-26.8555
-26.2451
-26.5503
-26.2451
-26.2451
-25.6348
-26.8555
-26.5503
-26.5503
-25.9399
-27.1606
-26.2451
-27.1606
-26.8555
-26.8555
-27.4658
-27.1606
-27.4658
-26.5503
-26.5503
-26.8555
-26.8555
-27.4658
-27.1606
-28.0762
-27.1606
-27.4658
-27.4658
-27.771
-27.4658
-27.771
-28.3813
-27.771
-29.2969
-28.0762
-29.6021
-29.2969
-29.6021
-29.6021
-29.9072
-29.9072
-28.9917
-29.2969
-28.9917
-29.2969
-28.6865
-28.6865
-28.6865
-28.3813
-28.3813
-27.4658
-28.0762
-27.771
-28.0762
-27.771
-27.771
-29.2969
-28.9917
-29.2969
-30.2124
-30.2124
-29.6021
-29.9072
-30.2124
-28.9917
-29.6021
-28.9917
-28.3813
-28.9917
-27.771
-28.6865
-28.0762
-28.9917
-28.0762
-29.2969
-28.9917
-28.6865
-28.6865
-28.6865
-28.9917
-29.2969
-29.6021
-29.2969
-29.9072
-30.2124
-30.2124
-30.5176
-30.5176
-31.4331
-30.5176
-31.4331
-30.8228
-32.0435
-31.1279
-31.4331
-31.1279
-30.8228
-30.5176
-30.5176
-31.1279
-29.9072
-29.6021
-29.9072
-29.6021
-29.6021
-29.6021
-29.6021
-29.6021
-29.9072
-30.2124
-29.9072
-30.5176
-29.9072
-30.2124
-30.2124
-29.9072
-29.6021
-29.9072
-29.6021
-29.2969
-30.2124
-30.5176
-30.5176
-30.2124
-30.5176
-30.5176
-31.4331
-31.4331
-30.8228
-32.3486
-32.0435
-32.3486
-32.3486
-32.3486
-32.959
-31.7383
-32.959
-32.3486
-32.6538
-32.0435
-32.3486
-32.0435
-31.7383
-32.6538
-31.7383
-31.7383
-31.1279
-31.4331
-32.0435
-31.1279
-30.8228
-30.8228
-31.1279
-30.5176
-31.1279
-32.0435
-32.0435
-32.959
-32.959
-33.5693
-33.5693
-33.5693
-32.3486
-32.959
-32.3486
-31.7383
-32.0435
-31.4331
-31.4331
-30.8228
-31.7383
-31.1279
-31.7383
-31.1279
-31.1279
-31.1279
-31.7383
-32.0435
-31.7383
-31.7383
-32.0435
-32.6538
-32.959
-32.6538
-33.5693
-33.5693
-33.5693
-33.2642
-33.8745
-33.5693
-33.8745
-33.8745
-33.8745
-34.1797
-34.1797
-34.79
-34.1797
-34.1797
-33.8745
-34.4849
-34.4849
-34.4849
-33.8745
-33.2642
-34.1797
-34.1797
-33.2642
-34.1797
-33.8745
-34.1797
-33.5693
-34.79
-33.8745
-34.1797
-34.1797
-34.1797
-34.4849
-34.4849
-34.4849
-34.79
-34.4849
-35.0952
-35.0952
-35.0952
-34.79
-35.4004
-34.79
-35.0952
-35.0952
-35.7056
-35.0952
-35.7056
-35.7056
-35.4004
-36.3159
-36.6211
-35.4004
-35.7056
-35.4004
-35.0952
-34.79
-34.4849
-34.1797
-35.0952
-34.79
-34.1797
-33.8745
-34.1797
-34.1797
-34.1797
-35.0952
-35.4004
-34.79
-35.7056
-35.7056
-36.9263
-36.0107
-36.6211
-36.3159
-36.3159
-36.0107
-35.0952
-34.79
-34.4849
-34.4849
-34.4849
-34.4849
-34.4849
-35.0952
-35.7056
-35.4004
-36.6211
-36.6211
-36.9263
-36.3159
-36.9263
-35.7056
-35.0952
-35.7056
-35.0952
-35.4004
-35.0952
-34.79
-35.7056
-35.0952
-35.4004
-35.0952
-35.7056
-35.4004
-36.0107
-36.3159
-36.0107
-36.6211
-36.6211
-36.9263
-37.2314
-36.9263
-36.9263
-36.9263
-37.5366
-36.9263
-37.8418
-37.2314
-37.5366
-38.147
-39.0625
-38.147
-38.7573
-38.147
-38.4521
-38.4521
-38.147
-38.147
-38.4521
-38.147
-38.147
-37.2314
-38.7573
-38.4521
-39.0625
-38.147
-39.0625
-38.4521
-38.147
-38.4521
-37.8418
-38.147
-37.8418
-38.4521
-37.8418
-37.8418
-38.147
-37.2314
-37.8418
-37.2314
-37.2314
-36.9263
-37.2314
-37.2314
-37.2314
-37.2314
-36.9263
-37.5366
-37.8418
-38.4521
-38.4521
-39.0625
-39.978
-39.0625
-40.2832
-39.0625
-39.0625
-39.0625
-39.3677
-38.7573
-39.0625
-38.4521
-38.4521
-38.4521
-38.147
-38.4521
-38.147
-38.147
-38.4521
-38.147
-39.3677
-39.3677
-40.2832
-40.2832
-40.2832
-39.978
-39.6729
-40.8936
-40.5884
-40.5884
-40.2832
-40.2832
-40.2832
-40.2832
-40.5884
-40.8936
-40.5884
-40.5884
-40.8936
-39.978
-39.978
-39.0625
-38.7573
-38.7573
-38.7573
-38.7573
-38.4521
-39.0625
-38.4521
-39.0625
-39.3677
-38.7573
-39.0625
-39.3677
-39.3677
-39.0625
-38.7573
-39.3677
-39.0625
-39.0625
-39.3677
-40.2832
-39.3677
-39.978
-40.5884
-39.6729
-40.2832
-39.6729
-39.978
-39.978
-39.6729
-39.3677
-39.3677
-39.978
-39.6729
-39.978
-39.3677
-39.6729
-39.6729
-39.0625
-39.978
-39.3677
-40.2832
-39.978
-40.5884
-40.8936
-39.978
-41.5039
-40.5884
-42.7246
-41.8091
-42.1143
-42.1143
-42.1143
-42.4194
-42.1143
-41.8091
-41.8091
-42.1143
-42.4194
-41.8091
-42.1143
-41.1987
-41.5039
-40.5884
-40.8936
-40.5884
-40.8936
-40.8936
-41.1987
-41.8091
-42.4194
-43.0298
-42.4194
-42.7246
-42.4194
-42.4194
-42.4194
-41.8091
-42.4194
-40.8936
-41.8091
-40.5884
-41.1987
-41.5039
-41.5039
-41.5039
-41.8091
-41.5039
-40.8936
-41.5039
-41.1987
-40.8936
-41.5039
-41.5039
-41.1987
-41.5039
-42.1143
-41.8091
-42.1143
-42.1143
-41.5039
-42.7246
-42.7246
-42.7246
-42.7246
-43.0298
-43.6401
-43.335
-43.9453
-43.335
-44.2505
-43.6401
-44.2505
-44.2505
-43.335
-44.5557
-44.5557
-44.8608
-44.5557
-44.5557
-44.2505
-44.2505
-44.2505
-44.2505
-44.5557
-44.2505
-44.8608
-43.9453
-44.2505
-44.2505
-44.2505
-45.166
-44.8608
-44.8608
-45.166
-45.166
-44.8608
-44.5557
-44.5557
-44.5557
-44.5557
-44.2505
-44.5557
-44.2505
-44.2505
-43.9453
-43.6401
-43.6401
-43.335
-43.335
-43.335
-43.6401
-43.335
-43.335
-43.335
-43.335
-43.6401
-44.2505
-44.5557
-44.8608
-44.8608
-45.4712
-45.4712
-45.166
-45.166
-44.8608
-45.7764
-45.4712
-44.5557
-45.166
-44.2505
-44.2505
-44.5557
-43.335
-43.9453
-43.6401
-43.6401
-44.2505
-44.8608
-45.7764
-45.7764
-46.3867
-45.7764
-46.3867
-45.7764
-45.7764
-45.4712
-45.7764
-46.0815
-45.7764
-46.0815
-45.7764
-46.3867
-46.0815
-46.3867
-46.6919
-46.6919
-46.6919
-46.3867
-46.6919
-46.0815
-46.3867
-45.7764
-46.0815
-45.7764
-45.166
-45.7764
-46.0815
-45.7764
-45.166
-45.4712
-45.166
-44.2505
-45.166
-44.2505
-44.5557
-45.166
-45.4712
-45.166
-45.166
-45.166
-45.166
-45.166
-45.4712
-45.7764
-45.166
-46.3867
-44.8608
-45.4712
-45.7764
-45.4712
-46.3867
-45.7764
-45.7764
-45.7764
-45.4712
-46.3867
-45.7764
-46.3867
-46.9971
-46.9971
-47.6074
-47.3022
-47.9126
-47.9126
-48.5229
-48.2178
-48.2178
-47.9126
-48.2178
-47.6074
-46.9971
-47.3022
-46.6919
-47.6074
-46.9971
-46.6919
-46.6919
-46.6919
-46.3867
-46.0815
-46.6919
-46.0815
-46.9971
-46.9971
-47.9126
-47.9126
-48.5229
-49.1333
-49.4385
-49.1333
-47.9126
-48.5229
-48.2178
-46.9971
-46.9971
-46.6919
-46.6919
-47.3022
-47.6074
-47.6074
-48.8281
-48.8281
-48.8281
-49.1333
-49.1333
-49.1333
-48.8281
-48.8281
-48.8281
-49.1333
-49.7437
-49.1333
-49.7437
-48.8281
-49.7437
-49.1333
-49.1333
-47.6074
-47.9126
-48.2178
-47.9126
-47.6074
-47.3022
-47.6074
-47.3022
-47.3022
-47.6074
-47.3022
-48.2178
-47.6074
-47.9126
-47.9126
-47.6074
-48.2178
-47.9126
-48.8281
-48.2178
-48.8281
-47.9126
-49.1333
-47.6074
-47.9126
-48.2178
-47.3022
-48.8281
-47.9126
-48.5229
-48.8281
-48.5229
-48.8281
-48.2178
-48.8281
-48.5229
-49.1333
-47.9126
-48.2178
-47.9126
-47.9126
-48.8281
-48.5229
-48.8281
-48.5229
-48.8281
-49.4385
-49.4385
-50.354
-50.354
-50.6592
-50.6592
-50.6592
-51.2695
-51.5747
-51.2695
-50.6592
-51.2695
-50.354
-50.6592
-50.0488
-49.7437
-49.1333
-49.4385
-49.1333
-48.8281
-49.4385
-48.8281
-49.4385
-50.0488
-50.354
-50.9644
-51.2695
-51.5747
-51.2695
-50.9644
-50.9644
-50.354
-50.354
-50.0488
-50.0488
-49.7437
-49.4385
-49.7437
-49.4385
-49.1333
-50.0488
-50.354
-50.0488
-50.354
-50.354
-50.354
-51.2695
-50.0488
-50.0488
-50.0488
-50.6592
-49.4385
-49.7437
-49.7437
-50.0488
-49.7437
-49.7437
-50.354
-49.7437
-50.354
-50.354
-50.9644
-50.6592
-50.0488
-50.9644
-50.6592
-50.0488
-50.354
-50.354
-50.6592
-51.2695
-51.5747
-50.9644
-51.5747
-51.2695
-50.9644
-51.5747
-50.6592
-51.2695
-50.9644
-51.5747
-50.9644
-51.5747
-51.8799
-50.9644
-50.6592
-50.6592
-51.5747
-51.2695
-50.9644
-50.6592
-51.5747
-50.6592
-50.9644
-51.2695
-50.9644
-51.8799
-51.2695
-52.1851
-51.2695
-52.4902
-51.5747
-52.4902
-52.1851
-52.4902
-53.4058
-52.7954
-53.1006
-54.3213
-53.4058
-53.7109
-53.1006
-53.4058
-52.7954
-52.7954
-52.1851
-51.8799
-51.8799
-51.5747
-51.5747
-51.8799
-52.1851
-51.8799
-53.1006
-53.7109
-53.1006
-54.3213
-53.7109
-54.3213
-53.1006
-53.1006
-52.7954
-52.4902
-52.4902
-52.1851
-52.4902
-52.1851
-52.7954
-53.1006
-54.3213
-54.3213
-54.3213
-54.9316
-53.7109
-54.6265
-54.3213
-54.9316
-54.9316
-55.542
-54.6265
-55.2368
-54.6265
-54.6265
-53.7109
-53.7109
-53.7109
-53.4058
-53.1006
-53.7109
-52.7954
-53.1006
-52.1851
-53.1006
-53.1006
-53.1006
-52.1851
-52.4902
-53.1006
-52.7954
-52.7954
-52.7954
-53.1006
-53.1006
-52.7954
-53.7109
-52.4902
-53.1006
-52.4902
-52.7954
-53.1006
-53.1006
-53.4058
-53.1006
-53.7109
-52.7954
-53.4058
-53.7109
-54.3213
-53.7109
-53.7109
-54.3213
-53.7109
-53.4058
-53.7109
-54.3213
-55.542
-55.2368
-55.542
-55.542
-56.1523
-55.8472
-56.4575
-56.1523
-55.8472
-56.7627
-55.542
-55.8472
-55.2368
-55.542
-55.2368
-55.2368
-54.6265
-54.6265
-54.6265
-54.6265
-54.3213
-53.4058
-54.3213
-55.2368
-55.2368
-55.8472
-56.4575
-57.0679
-56.7627
-56.7627
-55.8472
-55.8472
-55.8472
-54.9316
-55.542
-54.3213
-55.2368
-54.6265
-54.9316
-54.6265
-55.542
-56.1523
-56.7627
-57.373
-57.0679
-57.0679
-57.0679
-57.0679
-57.0679
-57.0679
-57.373
-56.7627
-56.7627
-56.7627
-57.0679
-57.373
-57.6782
-57.373
-57.0679
-57.9834
-57.373
-57.0679
-57.0679
-57.373
-57.6782
-57.0679
-57.373
-56.7627
-56.7627
-55.8472
-56.1523
-55.8472
-55.8472
-56.4575
-56.4575
-57.0679
-56.1523
-56.7627
-57.0679
-57.0679
-57.0679
-56.1523
-57.0679
-56.1523
-56.7627
-56.1523
-57.0679
-57.373
-57.373
-57.0679
-57.6782
-57.9834
-57.6782
-58.2886
-57.6782
-57.373
-58.8989
-58.2886
-58.8989
-58.5938
-58.8989
-57.9834
-58.5938
-57.6782
-57.6782
-57.9834
-57.373
-57.373
-57.0679
-57.373
-56.7627
-57.0679
-57.0679
-56.1523
-57.6782
-57.0679
-57.373
-56.7627
-57.6782
-57.9834
-58.8989
-58.8989
-58.5938
-59.5093
-58.8989
-58.2886
-58.2886
-57.9834
-57.6782
-57.0679
-57.373
-56.7627
-56.7627
-57.0679
-57.9834
-57.9834
-58.8989
-59.5093
-59.5093
-59.2041
-58.2886
-58.2886
-57.6782
-57.373
-57.373
-56.7627
-57.373
-57.0679
-57.373
-57.373
-57.6782
-57.373
-57.373
-57.9834
-57.373
-57.6782
-56.7627
-57.0679
-57.0679
-57.373
-57.9834
-57.9834
-58.8989
-58.2886
-58.8989
-57.9834
-58.5938
-58.5938
-58.5938
-58.8989
-59.2041
-59.2041
-59.2041
-59.5093
-59.2041
-59.5093
-59.5093
-59.2041
-59.5093
-59.2041
-59.8145
-59.2041
-59.5093
-59.5093
-59.5093
-59.5093
-59.8145
-60.1196
-60.1196
-60.1196
-59.5093
-58.8989
-58.8989
-58.8989
-58.8989
-58.2886
-58.8989
-58.2886
-59.2041
-58.2886
-58.5938
-58.2886
-58.5938
-58.8989
-59.2041
-59.2041
-58.8989
-58.8989
-59.5093
-59.5093
-60.4248
-60.1196
-60.73
-60.73
-61.9507
-60.73
-60.4248
-60.4248
-60.1196
-60.1196
-59.8145
-59.8145
-59.2041
-59.2041
-58.5938
-59.2041
-59.2041
-59.2041
-60.1196
-59.5093
-60.4248
-61.0352
-61.6455
-61.0352
-60.73
-60.4248
-60.4248
-60.1196
-60.1196
-59.8145
-59.2041
-58.8989
-59.2041
-60.1196
-60.73
-61.0352
-61.3403
-61.6455
-61.3403
-61.6455
-61.9507
-62.2559
-61.6455
-61.0352
-61.6455
-61.6455
-61.6455
-61.0352
-61.6455
-60.73
-61.6455
-61.0352
-61.0352
-60.4248
-61.3403
-60.1196
-60.1196
-59.5093
-59.2041
-60.1196
-59.5093
-60.73
-60.1196
-59.8145
-60.73
-60.1196
-60.4248
-61.3403
-61.0352
-60.1196
-60.1196
-60.1196
-60.1196
-60.73
-60.73
-61.6455
-60.73
-61.0352
-61.6455
-61.9507
-61.6455
-61.6455
-61.9507
-61.9507
-62.561
-62.561
-62.561
-62.561
-62.561
-62.8662
-62.561
-62.8662
-61.6455
-61.9507
-61.9507
-61.6455
-61.3403
-61.3403
-61.6455
-60.73
-61.3403
-61.0352
-61.0352
-61.3403
-61.3403
-61.0352
-60.73
-61.6455
-61.3403
-62.561
-62.561
-62.8662
-62.561
-62.561
-62.561
-62.561
-61.6455
-61.9507
-61.3403
-61.0352
-61.6455
-61.3403
-60.73
-61.9507
-62.561
-63.4766
-63.1714
-63.7817
-62.561
-62.2559
-61.9507
-61.3403
-61.6455
-61.3403
-61.6455
-61.6455
-61.6455
-61.9507
-61.9507
-62.8662
-61.9507
-62.8662
-61.9507
-62.2559
-61.9507
-61.6455
-62.2559
-61.9507
-61.6455
-61.9507
-61.6455
-61.6455
-61.3403
-61.9507
-61.3403
-61.3403
-61.6455
-61.9507
-61.3403
-61.9507
-62.2559
-62.2559
-61.6455
-61.9507
-61.6455
-61.9507
-62.2559
-61.9507
-62.2559
-61.3403
-61.3403
-62.2559
-61.9507
-62.2559
-62.2559
-62.561
-62.2559
-62.2559
-62.2559
-61.9507
-61.9507
-62.2559
-62.2559
-61.9507
-62.2559
-62.2559
-63.4766
-63.1714
-63.7817
-64.3921
-64.3921
-65.0024
-63.7817
-65.0024
-65.3076
-64.3921
-64.6973
-64.3921
-64.6973
-64.0869
-64.0869
-63.7817
-63.1714
-62.8662
-62.8662
-62.8662
-62.8662
-62.8662
-62.561
-63.4766
-63.7817
-63.7817
-65.0024
-65.0024
-65.3076
-65.0024
-65.3076
-64.3921
-63.7817
-63.4766
-62.8662
-63.1714
-63.1714
-63.4766
-62.561
-63.4766
-63.1714
-65.3076
-65.3076
-65.0024
-65.6128
-64.3921
-64.3921
-64.3921
-64.0869
-63.7817
-63.4766
-63.4766
-63.4766
-64.0869
-63.1714
-63.7817
-63.4766
-63.4766
-63.7817
-63.4766
-64.0869
-64.3921
-64.0869
-63.7817
-64.0869
-64.3921
-63.7817
-64.0869
-63.7817
-63.7817
-64.0869
-65.0024
-64.3921
-64.3921
-64.6973
-64.6973
-65.918
-64.3921
-65.3076
-64.6973
-65.0024
-64.3921
-64.3921
-64.3921
-64.3921
-64.6973
-64.6973
-64.3921
-64.6973
-64.0869
-64.6973
-64.0869
-64.3921
-64.0869
-64.6973
-63.7817
-63.7817
-63.7817
-63.4766
-64.3921
-64.0869
-64.3921
-64.3921
-64.6973
-64.0869
-65.0024
-65.0024
-65.6128
-66.8335
-65.6128
-66.5283
-66.2231
-66.5283
-66.2231
-66.5283
-65.918
-65.6128
-65.6128
-64.3921
-64.3921
-64.0869
-64.0869
-64.3921
-64.3921
-65.0024
-65.0024
-66.2231
-67.1387
-66.8335
-66.8335
-66.5283
-66.5283
-66.2231
-66.2231
-65.0024
-65.3076
-65.3076
-64.6973
-64.6973
-64.6973
-66.8335
-66.2231
-67.749
-66.5283
-66.5283
-66.2231
-65.918
-65.6128
-65.3076
-65.918
-65.6128
-65.0024
-64.6973
-64.6973
-64.6973
-64.6973
-64.6973
-64.6973
-65.0024
-65.3076
-64.6973
-65.3076
-65.3076
-65.6128
-65.6128
-65.3076
-65.6128
-65.6128
-66.2231
-65.0024
-66.2231
-65.3076
-66.2231
-65.3076
-66.2231
-66.2231
-65.918
-66.2231
-66.2231
-66.2231
-66.2231
-65.6128
-66.2231
-65.6128
-66.2231
-65.918
-66.2231
-66.5283
-65.6128
-65.918
-65.3076
-65.3076
-65.918
-65.0024
-65.6128
-65.3076
-65.3076
-65.6128
-66.2231
-65.6128
-66.8335
-66.8335
-66.8335
-67.1387
-67.749
-67.4438
-67.1387
-68.3594
-68.3594
-68.0542
-67.749
-67.749
-67.749
-67.1387
-67.749
-66.8335
-66.8335
-66.2231
-66.2231
-65.918
-66.5283
-66.8335
-66.2231
-67.1387
-67.749
-68.0542
-68.6646
-68.3594
-68.3594
-67.4438
-68.3594
-67.4438
-67.749
-66.5283
-66.8335
-66.5283
-66.2231
-67.4438
-67.749
-68.6646
-68.0542
-69.2749
-68.0542
-67.749
-68.0542
-67.4438
-67.4438
-66.8335
-67.1387
-66.2231
-67.1387
-66.5283
-67.1387
-66.5283
-67.1387
-67.1387
-67.1387
-67.1387
-66.5283
-66.5283
-66.8335
-66.8335
-67.4438
-66.5283
-67.1387
-66.2231
-67.1387
-66.8335
-66.8335
-67.1387
-66.8335
-67.749
-67.1387
-67.4438
-67.4438
-67.1387
-67.4438
-67.4438
-67.1387
-66.5283
-67.1387
-66.8335
-67.4438
-67.1387
-67.4438
-67.4438
-67.4438
-67.749
-66.8335
-67.749
-68.0542
-67.749
-67.749
-68.0542
-68.6646
-69.2749
-68.6646
-68.9697
-69.5801
-69.5801
-69.8853
-69.5801
-69.5801
-69.5801
-69.2749
-69.5801
-69.8853
-69.5801
-68.9697
-68.9697
-69.2749
-68.3594
-68.6646
-68.0542
-68.3594
-67.1387
-67.749
-67.4438
-67.749
-68.6646
-68.3594
-69.8853
-70.1904
-70.1904
-70.1904
-69.8853
-69.8853
-69.5801
-69.2749
-68.6646
-68.3594
-67.4438
-68.3594
-68.6646
-68.9697
-69.8853
-70.1904
-70.4956
-70.1904
-70.4956
-69.2749
-68.9697
-68.6646
-68.0542
-68.6646
-68.3594
-69.2749
-70.1904
-70.1904
-70.1904
-71.106
-70.8008
-69.5801
-70.1904
-70.1904
-70.4956
-70.4956
-70.8008
-70.4956
-71.106
-71.106
-70.8008
-71.106
-70.4956
-71.7163
-70.4956
-70.4956
-70.4956
-71.4111
-71.106
-70.8008
-71.4111
-70.8008
-70.8008
-70.4956
-71.106
-70.1904
-70.8008
-71.4111
-71.4111
-71.4111
-71.4111
-71.4111
-71.106
-71.106
-71.7163
-71.4111
-71.4111
-70.8008
-70.8008
-70.8008
-70.8008
-70.4956
-70.1904
-70.8008
-70.4956
-70.8008
-70.8008
-70.4956
-70.1904
-70.1904
-69.8853
-69.5801
-68.9697
-68.9697
-68.9697
-68.9697
-69.8853
-69.2749
-69.8853
-70.1904
-70.4956
-70.8008
-71.106
-71.4111
-71.106
-71.106
-71.4111
-71.4111
-71.4111
-70.4956
-70.4956
-69.5801
-70.4956
-69.5801
-69.8853
-69.2749
-70.1904
-70.8008
-70.8008
-71.4111
-72.0215
-72.0215
-72.0215
-71.4111
-71.4111
-70.8008
-70.4956
-69.2749
-69.5801
-69.8853
-69.8853
-71.106
-71.4111
-72.3267
-72.0215
-72.0215
-71.4111
-71.4111
-70.4956
-70.4956
-70.4956
-70.4956
-70.8008
-70.1904
-70.4956
-69.8853
-70.4956
-69.8853
-70.4956
-71.106
-70.1904
-70.4956
-70.1904
-70.8008
-70.1904
-70.4956
-70.8008
-71.4111
-70.8008
-71.4111
-71.4111
-70.8008
-71.106
-70.8008
-70.8008
-70.1904
-70.4956
-70.4956
-70.4956
-70.4956
-70.4956
-70.4956
-71.4111
-70.8008
-71.4111
-70.1904
-71.106
-69.8853
-70.1904
-70.4956
-70.4956
-70.8008
-70.4956
-71.106
-70.4956
-71.7163
-71.106
-72.3267
-71.7163
-72.6318
-72.6318
-72.6318
-72.937
-72.3267
-72.937
-73.2422
-73.2422
-72.3267
-71.7163
-72.3267
-71.7163
-71.106
-70.8008
-70.1904
-70.4956
-71.106
-71.106
-71.106
-72.0215
-72.3267
-73.2422
-73.5474
-72.937
-73.5474
-72.937
-72.3267
-71.4111
-72.0215
-71.106
-71.4111
-71.106
-71.106
-71.4111
-71.106
-72.3267
-72.937
-73.5474
-72.6318
-72.937
-72.6318
-71.7163
-71.4111
-70.8008
-71.106
-71.4111
-71.7163
-72.3267
-72.937
-73.5474
-73.5474
-73.2422
-73.5474
-72.937
-72.937
-72.937
-73.2422
-72.937
-73.5474
-72.6318
-73.2422
-72.937
-72.6318
-72.937
-73.5474
-73.5474
-73.5474
-73.8525
-73.5474
-73.8525
-73.5474
-73.2422
-73.5474
-73.5474
-73.8525
-72.937
-73.5474
-73.2422
-73.8525
-73.8525
-74.7681
-73.8525
-73.5474
-73.8525
-73.5474
-73.8525
-73.5474
-73.2422
-73.2422
-73.2422
-73.2422
-72.937
-73.5474
-72.3267
-73.2422
-72.937
-72.6318
-72.3267
-72.0215
-72.3267
-71.7163
-71.7163
-71.4111
-71.7163
-72.3267
-71.7163
-72.937
-73.2422
-74.1577
-73.5474
-74.7681
-74.1577
-74.1577
-74.1577
-74.1577
-73.8525
-73.5474
-73.2422
-72.6318
-72.6318
-72.3267
-72.0215
-72.0215
-71.4111
-72.937
-73.2422
-73.8525
-74.4629
-74.7681
-74.7681
-74.1577
-74.1577
-73.5474
-73.5474
-72.3267
-72.0215
-73.2422
-72.3267
-72.3267
-73.8525
-74.1577
-74.1577
-74.1577
-74.1577
-74.4629
-73.8525
-73.8525
-73.5474
-72.3267
-72.937
-72.0215
-72.6318
-72.937
-72.937
-73.2422
-73.5474
-73.8525
-73.5474
-73.8525
-73.2422
-73.8525
-73.2422
-72.6318
-73.2422
-72.6318
-73.5474
-72.937
-73.5474
-73.5474
-73.5474
-73.5474
-73.5474
-73.5474
-72.3267
-73.2422
-72.937
-73.5474
-72.6318
-72.937
-73.5474
-73.5474
-74.1577
-73.5474
-74.1577
-74.4629
-74.1577
-74.1577
-74.4629
-74.4629
-74.1577
-75.0732
-75.0732
-75.0732
-75.0732
-75.3784
-75.0732
-74.7681
-74.7681
-74.4629
-74.7681
-74.1577
-74.4629
-74.1577
-73.5474
-74.1577
-73.5474
-73.5474
-73.8525
-73.2422
-72.937
-72.937
-73.2422
-73.2422
-74.1577
-73.5474
-75.3784
-75.9888
-75.9888
-75.9888
-75.3784
-75.3784
-74.7681
-74.4629
-74.1577
-73.5474
-72.6318
-72.937
-73.2422
-73.2422
-75.0732
-75.0732
-75.3784
-75.3784
-75.3784
-74.7681
-74.7681
-74.7681
-73.5474
-73.8525
-73.5474
-73.8525
-74.1577
-75.6836
-75.6836
-75.6836
-75.6836
-74.7681
-74.7681
-74.1577
-74.1577
-73.5474
-73.8525
-73.2422
-73.5474
-74.1577
-73.5474
-74.1577
-74.1577
-74.4629
-73.8525
-73.5474
-73.2422
-73.2422
-73.8525
-73.5474
-74.1577
-73.5474
-73.8525
-73.5474
-74.1577
-73.5474
-73.5474
-73.5474
-73.8525
-73.5474
-73.8525
-74.1577
-74.1577
-73.8525
-74.1577
-73.5474
-74.1577
-73.5474
-74.1577
-73.5474
-74.1577
-73.8525
-74.1577
-74.4629
-74.1577
-74.7681
-75.0732
-74.7681
-75.0732
-75.3784
-75.3784
-75.6836
-75.6836
-75.3784
-76.5991
-75.9888
-75.6836
-75.9888
-75.9888
-76.2939
-75.3784
-75.6836
-75.0732
-75.3784
-75.0732
-74.7681
-74.1577
-74.1577
-74.1577
-74.4629
-74.4629
-74.7681
-75.9888
-75.6836
-76.5991
-76.9043
-76.2939
-76.5991
-75.3784
-75.6836
-75.6836
-75.0732
-74.7681
-74.4629
-74.7681
-74.1577
-75.0732
-74.7681
-75.3784
-76.2939
-76.2939
-76.2939
-76.2939
-75.3784
-75.0732
-75.0732
-74.1577
-74.7681
-74.7681
-75.0732
-76.2939
-76.2939
-76.9043
-76.5991
-76.5991
-75.9888
-76.2939
-75.9888
-75.9888
-75.9888
-75.9888
-75.6836
-75.9888
-75.9888
-75.9888
-75.6836
-75.9888
-75.6836
-75.9888
-75.3784
-76.2939
-75.9888
-75.9888
-75.9888
-76.2939
-76.2939
-75.6836
-75.9888
-75.6836
-76.2939
-75.6836
-76.5991
-76.2939
-76.2939
-76.2939
-75.9888
-76.2939
-75.6836
-76.2939
-75.3784
-75.6836
-75.0732
-74.7681
-75.3784
-75.0732
-75.0732
-75.0732
-75.0732
-74.7681
-75.0732
-75.0732
-74.7681
-75.6836
-75.0732
-76.2939
-75.3784
-76.2939
-76.9043
-76.9043
-77.5146
-76.5991
-77.8198
-77.2095
-77.2095
-75.9888
-76.5991
-76.5991
-75.9888
-76.5991
-75.3784
-75.3784
-75.3784
-75.6836
-75.3784
-75.3784
-75.9888
-76.2939
-76.9043
-77.2095
-77.2095
-76.9043
-76.9043
-76.9043
-76.9043
-76.5991
-75.6836
-75.0732
-75.6836
-75.6836
-75.9888
-76.5991
-78.125
-77.5146
-77.5146
-76.5991
-76.5991
-75.9888
-75.3784
-75.0732
-75.3784
-76.2939
-77.2095
-77.2095
-77.2095
-77.8198
-77.8198
-77.2095
-77.8198
-76.9043
-77.5146
-76.9043
-77.2095
-76.5991
-76.9043
-76.9043
-76.5991
-76.5991
-76.2939
-77.2095
-77.2095
-77.5146
-77.5146
-77.8198
-77.5146
-77.2095
-77.8198
-77.2095
-77.5146
-77.5146
-77.5146
-77.2095
-77.5146
-76.9043
-76.9043
-77.2095
-76.5991
-77.2095
-77.2095
-76.9043
-76.9043
-77.2095
-76.2939
-75.9888
-77.2095
-76.2939
-76.9043
-76.5991
-76.2939
-76.2939
-75.9888
-75.6836
-75.6836
-76.2939
-75.3784
-76.5991
-76.9043
-76.9043
-77.5146
-77.5146
-79.0405
-78.7354
-78.7354
-77.5146
-77.8198
-77.2095
-77.5146
-77.5146
-76.9043
-77.2095
-76.9043
-76.2939
-75.9888
-76.2939
-76.5991
-76.5991
-77.5146
-77.5146
-78.125
-78.4302
-78.7354
-78.4302
-78.125
-77.5146
-77.2095
-77.2095
-76.2939
-76.2939
-75.6836
-75.9888
-76.5991
-77.8198
-77.8198
-78.7354
-77.8198
-78.4302
-78.125
-77.8198
-77.5146
-75.9888
-76.5991
-76.2939
-76.2939
-77.8198
-77.5146
-78.7354
-78.125
-78.7354
-78.7354
-78.4302
-78.125
-77.8198
-78.4302
-77.8198
-78.4302
-77.8198
-77.8198
-78.125
-78.4302
-78.4302
-77.8198
-78.4302
-78.4302
-78.7354
-78.4302
-78.4302
-78.7354
-78.4302
-78.7354
-78.125
-78.4302
-78.4302
-78.7354
-79.0405
-78.7354
-78.4302
-78.125
-78.125
-78.125
-78.125
-77.8198
-77.2095
-77.5146
-77.5146
-77.5146
-77.2095
-77.8198
-77.5146
-76.5991
-76.9043
-76.2939
-76.9043
-76.5991
-77.2095
-76.9043
-77.5146
-77.5146
-77.5146
-78.4302
-79.3457
-79.3457
-78.7354
-78.7354
-79.3457
-79.0405
-79.3457
-78.7354
-78.7354
-77.8198
-78.125
-77.5146
-77.8198
-77.2095
-77.5146
-76.9043
-77.2095
-77.5146
-77.5146
-79.0405
-78.7354
-79.6509
-79.9561
-79.3457
-79.0405
-78.7354
-78.7354
-76.9043
-77.2095
-76.5991
-77.8198
-77.8198
-79.0405
-79.0405
-79.3457
-79.0405
-78.4302
-78.7354
-77.5146
-77.2095
-77.5146
-77.2095
-78.4302
-77.8198
-79.3457
-79.0405
-79.9561
-78.7354
-79.6509
-79.0405
-78.7354
-78.7354
-77.8198
-78.7354
-78.125
-78.125
-78.4302
-78.125
-78.4302
-78.7354
-79.3457
-78.7354
-79.3457
-78.4302
-79.0405
-79.0405
-78.7354
-78.7354
-78.125
-79.0405
-78.7354
-79.0405
-78.4302
-78.4302
-78.7354
-78.4302
-78.7354
-77.8198
-79.0405
-78.7354
-78.4302
-77.5146
-77.8198
-78.4302
-77.8198
-77.8198
-77.8198
-77.2095
-77.2095
-76.9043
-77.2095
-77.2095
-77.5146
-77.2095
-78.125
-78.125
-78.4302
-79.0405
-79.6509
-79.9561
-79.9561
-79.6509
-79.0405
-79.3457
-78.7354
-79.0405
-78.7354
-78.4302
-79.0405
-77.8198
-78.4302
-77.8198
-77.8198
-77.2095
-78.125
-78.4302
-78.7354
-79.6509
-79.6509
-79.6509
-79.6509
-79.9561
-79.3457
-79.0405
-79.0405
-77.8198
-77.8198
-77.8198
-78.4302
-77.8198
-78.7354
-79.0405
-79.9561
-80.5664
-80.2612
-79.9561
-79.3457
-78.7354
-78.7354
-77.8198
-77.5146
-77.5146
-78.4302
-79.3457
-79.6509
-79.3457
-79.9561
-79.9561
-79.6509
-79.3457
-79.0405
-79.3457
-79.0405
-79.6509
-78.7354
-79.3457
-79.3457
-79.0405
-79.0405
-78.7354
-79.6509
-79.0405
-79.0405
-79.0405
-79.0405
-79.0405
-78.4302
-79.6509
-79.3457
-79.3457
-79.0405
-78.7354
-79.0405
-78.7354
-78.4302
-77.8198
-79.0405
-77.8198
-78.7354
-78.125
-78.125
-78.4302
-77.8198
-78.7354
-78.4302
-79.0405
-78.7354
-78.7354
-78.4302
-78.125
-79.0405
-79.0405
-79.0405
-79.3457
-79.6509
-79.6509
-80.2612
-80.5664
-79.6509
-80.5664
-79.9561
-79.9561
-79.6509
-79.9561
-79.6509
-79.3457
-79.0405
-78.4302
-79.0405
-77.8198
-78.125
-78.4302
-79.0405
-79.0405
-79.0405
-79.9561
-79.6509
-80.5664
-80.5664
-80.2612
-80.2612
-80.2612
-79.0405
-78.7354
-79.0405
-78.125
-78.125
-78.4302
-79.3457
-79.9561
-80.8716
-80.8716
-79.9561
-79.9561
-79.3457
-79.3457
-78.125
-78.7354
-78.4302
-79.3457
-80.2612
-80.5664
-81.1768
-80.2612
-80.2612
-79.9561
-79.9561
-78.7354
-78.4302
-78.4302
-77.8198
-78.4302
-78.4302
-78.7354
-77.8198
-78.125
-78.4302
-78.4302
-79.0405
-78.7354
-79.3457
-79.0405
-78.7354
-78.7354
-78.4302
-78.4302
-77.8198
-78.7354
-78.7354
-78.7354
-78.4302
-79.0405
-78.7354
-78.4302
-78.4302
-78.7354
-79.3457
-78.7354
-78.4302
-79.0405
-79.3457
-78.7354
-79.0405
-79.6509
-79.0405
-79.9561
-79.9561
-80.5664
-80.2612
-80.5664
-80.2612
-81.4819
-80.8716
-81.1768
-81.1768
-80.5664
-80.8716
-80.8716
-80.2612
-80.2612
-79.6509
-79.6509
-78.7354
-78.7354
-78.4302
-79.0405
-79.0405
-79.0405
-79.6509
-79.6509
-79.9561
-80.8716
-80.5664
-81.1768
-80.5664
-81.1768
-80.5664
-80.2612
-79.6509
-79.9561
-79.3457
-79.3457
-78.4302
-79.0405
-79.3457
-79.6509
-80.8716
-81.1768
-81.4819
-81.1768
-80.8716
-80.2612
-79.9561
-79.9561
-79.3457
-79.0405
-78.7354
-79.6509
-79.9561
-80.8716
-81.4819
-80.8716
-81.1768
-79.9561
-80.2612
-79.6509
-79.9561
-79.6509
-78.4302
-79.3457
-79.3457
-79.6509
-79.3457
-80.8716
-79.6509
-79.9561
-80.5664
-79.9561
-80.5664
-79.9561
-79.9561
-79.9561
-80.2612
-80.5664
-79.6509
-79.9561
-79.9561
-80.2612
-80.5664
-80.8716
-79.9561
-79.3457
-79.9561
-79.3457
-80.2612
-80.2612
-80.2612
-80.2612
-80.8716
-81.1768
-81.4819
-81.7871
-81.4819
-82.3975
-80.8716
-82.0923
-81.4819
-80.8716
-81.1768
-80.8716
-80.8716
-79.9561
-80.8716
-79.9561
-80.5664
-79.3457
-79.6509
-79.6509
-79.6509
-79.3457
-79.0405
-79.0405
-79.3457
-79.6509
-79.9561
-80.2612
-80.5664
-81.1768
-81.4819
-81.4819
-81.1768
-80.8716
-80.2612
-80.8716
-80.5664
-80.2612
-79.6509
-79.0405
-79.3457
-79.9561
-80.2612
-81.1768
-80.8716
-81.1768
-81.7871
-80.8716
-81.4819
-80.2612
-80.5664
-79.3457
-79.9561
-79.0405
-79.6509
-79.9561
-79.9561
-81.1768
-81.4819
-81.1768
-80.8716
-80.8716
-80.2612
-79.9561
-79.6509
-79.3457
-80.2612
-79.9561
-80.8716
-81.1768
-81.7871
-81.7871
-81.7871
-81.1768
-81.4819
-81.7871
-81.4819
-81.7871
-82.0923
-81.7871
-82.0923
-81.1768
-81.4819
-81.1768
-81.4819
-81.1768
-81.7871
-82.0923
-81.4819
-82.0923
-81.4819
-82.3975
-82.3975
-81.7871
-81.4819
-81.4819
-81.4819
-81.7871
-81.4819
-80.8716
-81.4819
-80.8716
-81.4819
-80.8716
-81.1768
-80.8716
-80.5664
-80.8716
-80.5664
-80.2612
-79.9561
-80.2612
-79.6509
-79.3457
-80.2612
-79.6509
-80.2612
-79.6509
-79.9561
-79.6509
-80.8716
-80.2612
-80.2612
-81.4819
-81.1768
-82.3975
-82.0923
-82.0923
-81.7871
-81.7871
-81.1768
-80.8716
-80.8716
-79.6509
-80.5664
-79.9561
-79.6509
-79.9561
-79.9561
-80.5664
-80.8716
-81.4819
-82.0923
-82.7026
-81.7871
-81.4819
-80.8716
-80.5664
-80.8716
-79.3457
-79.9561
-79.3457
-80.8716
-80.2612
-81.1768
-81.1768
-81.4819
-81.4819
-81.1768
-80.8716
-80.5664
-80.2612
-79.6509
-79.9561
-80.2612
-80.8716
-82.0923
-81.7871
-82.3975
-81.1768
-81.4819
-81.1768
-80.5664
-81.1768
-81.1768
-80.8716
-80.8716
-80.8716
-80.2612
-81.4819
-80.8716
-80.5664
-81.1768
-80.8716
-81.4819
-80.8716
-81.1768
-81.1768
-81.4819
-81.1768
-80.8716
-81.1768
-80.2612
-81.1768
-80.5664
-80.8716
-80.2612
-80.2612
-80.2612
-80.8716
-80.8716
-79.9561
-80.8716
-80.2612
-79.9561
-80.2612
-79.3457
-79.3457
-79.6509
-79.9561
-79.6509
-80.2612
-80.2612
-80.5664
-80.5664
-81.1768
-81.4819
-81.1768
-81.7871
-82.0923
-82.3975
-81.4819
-81.7871
-82.0923
-81.1768
-80.8716
-80.8716
-81.1768
-79.9561
-80.5664
-79.6509
-79.3457
-79.6509
-79.6509
-80.5664
-80.5664
-81.1768
-81.7871
-82.7026
-82.7026
-82.0923
-81.7871
-81.1768
-80.8716
-80.2612
-80.2612
-79.6509
-79.3457
-79.9561
-81.1768
-81.1768
-81.4819
-82.3975
-82.0923
-81.7871
-81.7871
-81.4819
-79.9561
-79.9561
-79.9561
-80.2612
-81.1768
-81.1768
-82.3975
-81.7871
-81.7871
-81.1768
-80.8716
-80.8716
-79.9561
-80.2612
-79.9561
-80.2612
-80.2612
-80.5664
-80.8716
-80.2612
-80.2612
-79.3457
-79.9561
-79.3457
-79.9561
-79.9561
-79.9561
-80.2612
-80.2612
-80.8716
-80.2612
-80.2612
-80.5664
-80.5664
-80.5664
-79.9561
-80.5664
-79.6509
-80.2612
-79.6509
-80.2612
-80.5664
-80.2612
-80.2612
-80.5664
-80.8716
-80.2612
-81.4819
-81.7871
-80.8716
-81.7871
-81.7871
-82.0923
-81.7871
-82.7026
-82.0923
-82.7026
-81.7871
-82.3975
-81.7871
-81.4819
-81.4819
-81.1768
-81.1768
-80.8716
-80.8716
-80.8716
-79.9561
-81.1768
-80.2612
-80.2612
-79.9561
-81.1768
-80.8716
-81.4819
-81.1768
-81.7871
-82.3975
-82.0923
-81.7871
-81.7871
-81.7871
-81.1768
-80.8716
-80.8716
-79.9561
-80.2612
-79.9561
-80.8716
-80.8716
-81.4819
-81.7871
-82.0923
-81.4819
-81.4819
-81.4819
-80.8716
-80.5664
-79.9561
-79.9561
-80.5664
-80.5664
-81.4819
-81.7871
-82.7026
-82.0923
-82.0923
-81.7871
-81.1768
-80.2612
-80.2612
-79.9561
-79.6509
-80.2612
-80.8716
-81.1768
-80.8716
-80.8716
-80.8716
-80.8716
-81.4819
-81.1768
-81.7871
-82.0923
-81.7871
-81.7871
-81.1768
-81.1768
-80.8716
-81.7871
-81.4819
-81.1768
-81.1768
-81.4819
-82.0923
-80.8716
-81.7871
-80.5664
-82.0923
-81.7871
-82.3975
-82.3975
-82.0923
-82.7026
-82.0923
-82.3975
-82.0923
-82.0923
-82.0923
-81.7871
-82.3975
-82.3975
-82.3975
-82.0923
-82.3975
-81.7871
-82.3975
-81.4819
-81.1768
-80.8716
-79.9561
-81.1768
-80.2612
-80.5664
-81.1768
-80.2612
-80.5664
-80.5664
-81.4819
-81.4819
-82.0923
-81.7871
-82.7026
-82.7026
-81.4819
-82.3975
-81.7871
-82.0923
-81.4819
-81.7871
-80.8716
-80.2612
-80.2612
-79.6509
-80.2612
-80.5664
-81.1768
-81.7871
-82.7026
-83.0078
-82.3975
-82.3975
-81.7871
-82.0923
-81.1768
-81.1768
-79.9561
-80.5664
-81.4819
-81.4819
-82.0923
-82.7026
-82.3975
-82.0923
-81.7871
-80.5664
-80.8716
-80.2612
-80.2612
-81.4819
-81.1768
-82.3975
-82.3975
-83.0078
-82.7026
-82.7026
-82.0923
-82.0923
-82.0923
-81.7871
-81.7871
-81.4819
-81.7871
-81.4819
-81.1768
-81.7871
-81.7871
-82.7026
-82.0923
-83.0078
-82.0923
-82.3975
-82.3975
-81.7871
-81.7871
-82.0923
-81.7871
-82.0923
-82.3975
-81.7871
-81.7871
-82.3975
-81.1768
-82.0923
-80.8716
-81.1768
-81.1768
-81.1768
-81.4819
-81.1768
-81.4819
-80.5664
-80.8716
-80.2612
-80.5664
-80.8716
-80.2612
-79.9561
-80.2612
-81.1768
-80.5664
-81.4819
-82.0923
-82.0923
-82.3975
-83.0078
-82.7026
-83.0078
-83.0078
-82.3975
-82.3975
-81.4819
-81.4819
-81.1768
-80.5664
-80.8716
-80.8716
-81.1768
-80.8716
-81.1768
-81.1768
-82.0923
-82.7026
-82.3975
-82.7026
-82.3975
-82.0923
-81.4819
-81.4819
-80.8716
-80.5664
-81.1768
-80.2612
-81.1768
-80.8716
-82.0923
-82.3975
-83.0078
-82.0923
-81.7871
-82.0923
-81.4819
-81.7871
-80.8716
-80.8716
-80.5664
-81.1768
-81.7871
-81.7871
-82.7026
-82.0923
-82.7026
-82.0923
-81.7871
-81.4819
-81.4819
-81.4819
-81.4819
-81.1768
-80.5664
-80.5664
-80.5664
-80.8716
-81.4819
-80.2612
-81.1768
-80.8716
-81.1768
-80.8716
-81.1768
-80.8716
-80.5664
-81.1768
-80.8716
-80.8716
-80.8716
-80.5664
-81.1768
-80.8716
-80.8716
-80.8716
-80.8716
-80.2612
-80.8716
-79.9561
-80.5664
-80.5664
-80.2612
-81.1768
-80.2612
-80.8716
-81.4819
-81.4819
-82.7026
-81.7871
-82.7026
-82.3975
-83.0078
-82.3975
-82.7026
-82.7026
-82.0923
-82.3975
-81.7871
-82.0923
-81.4819
-81.7871
-81.1768
-80.5664
-80.8716
-79.9561
-80.8716
-79.9561
-81.1768
-81.1768
-81.1768
-81.7871
-82.7026
-83.313
-82.3975
-82.7026
-82.0923
-81.7871
-80.8716
-80.8716
-80.8716
-80.5664
-80.5664
-80.5664
-81.1768
-81.4819
-83.0078
-83.6182
-82.7026
-82.3975
-81.7871
-81.4819
-80.5664
-81.4819
-80.2612
-80.8716
-80.8716
-81.7871
-82.7026
-82.3975
-82.0923
-81.7871
-81.4819
-80.8716
-80.8716
-80.5664
-79.9561
-80.8716
-80.8716
-81.4819
-81.7871
-81.7871
-82.0923
-82.0923
-82.3975
-82.7026
-82.3975
-82.3975
-82.7026
-82.3975
-82.7026
-82.7026
-82.0923
-82.3975
-82.0923
-82.7026
-81.7871
-81.7871
-81.7871
-81.7871
-82.0923
-83.0078
-82.7026
-82.3975
-82.7026
-82.3975
-83.313
-82.7026
-82.0923
-82.3975
-82.3975
-82.7026
-82.3975
-83.313
-81.4819
-82.3975
-82.3975
-82.0923
-81.7871
-81.7871
-81.4819
-81.4819
-81.4819
-81.1768
-81.1768
-80.5664
-80.5664
-80.8716
-80.5664
-81.1768
-80.8716
-80.8716
-81.1768
-81.4819
-82.0923
-82.0923
-83.313
-82.7026
-82.7026
-82.3975
-82.7026
-82.3975
-81.4819
-81.7871
-80.8716
-81.1768
-80.2612
-81.1768
-80.2612
-81.4819
-82.3975
-82.3975
-82.7026
-83.313
-82.7026
-82.0923
-82.0923
-81.7871
-80.8716
-80.5664
-80.5664
-80.8716
-80.8716
-81.4819
-82.0923
-83.313
-82.7026
-82.7026
-82.0923
-81.4819
-80.5664
-80.2612
-80.5664
-80.5664
-81.4819
-82.0923
-82.0923
-83.6182
-83.313
-83.313
-82.7026
-82.3975
-82.0923
-82.3975
-82.3975
-82.3975
-82.3975
-82.0923
-82.3975
-81.7871
-82.7026
-82.3975
-82.0923
-82.3975
-81.7871
-82.7026
-81.7871
-82.7026
-82.0923
-82.3975
-82.0923
-82.3975
-82.3975
-82.0923
-82.0923
-81.7871
-81.1768
-81.7871
-81.1768
-81.1768
-81.1768
-81.1768
-81.1768
-81.7871
-80.8716
-81.1768
-80.8716
-80.8716
-80.8716
-80.5664
-80.8716
-80.5664
-80.8716
-80.5664
-81.4819
-82.0923
-82.3975
-82.7026
-83.0078
-83.0078
-83.313
-83.313
-82.3975
-81.7871
-82.0923
-82.0923
-81.7871
-81.4819
-81.1768
-80.5664
-80.8716
-80.5664
-80.8716
-80.8716
-81.1768
-81.7871
-82.0923
-83.313
-82.7026
-83.0078
-82.3975
-82.7026
-82.3975
-82.0923
-81.1768
-81.1768
-80.8716
-80.8716
-81.1768
-82.3975
-82.3975
-83.313
-82.0923
-82.7026
-82.0923
-82.0923
-80.8716
-81.1768
-80.8716
-81.7871
-82.3975
-82.7026
-83.6182
-82.7026
-82.7026
-82.0923
-81.4819
-81.1768
-80.5664
-80.8716
-80.8716
-80.8716
-80.8716
-80.8716
-80.5664
-81.4819
-81.1768
-80.8716
-81.1768
-80.5664
-81.4819
-80.8716
-81.1768
-80.8716
-80.2612
-80.8716
-80.5664
-81.4819
-80.5664
-80.8716
-81.1768
-81.1768
-81.1768
-80.8716
-81.7871
-81.1768
-81.4819
-81.1768
-81.4819
-81.4819
-81.7871
-81.7871
-82.0923
-82.0923
-82.3975
-82.7026
-82.7026
-83.0078
-83.0078
-83.0078
-83.6182
-83.0078
-83.6182
-83.0078
-83.0078
-82.7026
-82.7026
-82.0923
-82.0923
-82.0923
-80.8716
-81.1768
-80.5664
-80.8716
-79.9561
-80.5664
-81.4819
-82.0923
-83.0078
-82.7026
-83.6182
-83.313
-83.6182
-82.7026
-82.7026
-82.0923
-82.3975
-82.0923
-81.1768
-81.4819
-80.8716
-81.1768
-81.4819
-81.7871
-82.7026
-82.3975
-83.313
-83.313
-83.6182
-82.0923
-82.7026
-81.4819
-81.4819
-81.1768
-80.5664
-81.1768
-81.4819
-81.4819
-82.7026
-83.313
-82.3975
-82.3975
-81.7871
-80.8716
-81.4819
-80.5664
-81.7871
-81.1768
-81.1768
-82.0923
-82.0923
-82.3975
-82.3975
-82.7026
-82.7026
-82.7026
-82.7026
-83.313
-83.313
-82.3975
-83.313
-83.0078
-83.0078
-82.3975
-83.0078
-82.7026
-83.6182
-83.313
-82.7026
-83.0078
-83.313
-82.7026
-83.313
-83.0078
-83.313
-82.7026
-83.6182
-83.313
-83.0078
-82.7026
-83.313
-82.7026
-83.313
-83.0078
-82.7026
-83.0078
-82.3975
-82.0923
-81.7871
-81.1768
-81.4819
-81.1768
-81.7871
-81.1768
-81.4819
-80.8716
-80.8716
-80.5664
-81.4819
-82.0923
-81.7871
-82.3975
-83.0078
-83.313
-83.0078
-83.6182
-83.313
-83.0078
-82.7026
-81.7871
-82.3975
-81.7871
-80.8716
-80.5664
-80.8716
-80.8716
-81.1768
-82.3975
-82.7026
-83.313
-83.6182
-83.9233
-83.313
-81.7871
-82.0923
-81.4819
-81.4819
-80.8716
-81.1768
-81.1768
-81.4819
-82.3975
-83.0078
-83.6182
-83.313
-83.313
-82.3975
-82.0923
-80.8716
-80.8716
-81.4819
-80.8716
-82.3975
-82.7026
-83.6182
-83.313
-83.0078
-82.7026
-82.0923
-82.0923
-81.7871
-81.7871
-81.4819
-81.7871
-81.7871
-81.4819
-81.7871
-80.8716
-82.7026
-81.1768
-81.1768
-80.5664
-81.4819
-81.1768
-81.1768
-81.4819
-81.4819
-82.0923
-81.1768
-81.7871
-81.7871
-81.4819
-81.7871
-80.8716
-81.1768
-80.5664
-81.4819
-80.8716
-81.1768
-81.4819
-81.4819
-81.4819
-81.1768
-81.1768
-81.1768
-82.0923
-81.1768
-82.0923
-81.1768
-82.3975
-82.3975
-83.0078
-83.313
-82.7026
-83.313
-82.3975
-83.313
-83.313
-82.7026
-82.3975
-82.0923
-82.3975
-81.4819
-81.7871
-81.4819
-81.4819
-81.4819
-81.4819
-81.7871
-80.5664
-81.4819
-81.1768
-82.0923
-82.3975
-84.2285
-83.6182
-83.0078
-83.313
-82.3975
-82.3975
-81.7871
-81.7871
-80.8716
-81.1768
-81.4819
-81.4819
-81.7871
-82.3975
-82.7026
-83.313
-83.313
-82.7026
-82.3975
-82.3975
-80.5664
-81.1768
-80.2612
-81.7871
-81.7871
-82.0923
-83.0078
-83.313
-83.313
-82.7026
-82.3975
-81.7871
-81.7871
-81.7871
-80.8716
-80.8716
-80.2612
-81.4819
-80.8716
-81.4819
-81.7871
-82.3975
-82.0923
-81.7871
-82.0923
-82.0923
-82.0923
-82.0923
-81.7871
-82.3975
-81.7871
-82.7026
-81.4819
-82.0923
-81.7871
-81.4819
-81.7871
-82.0923
-82.3975
-82.3975
-82.3975
-82.3975
-83.313
-83.0078
-83.0078
-83.313
-82.7026
-83.9233
-83.0078
-83.313
-82.3975
-82.7026
-83.0078
-82.7026
-82.3975
-82.0923
-82.3975
-82.3975
-82.0923
-82.0923
-82.3975
-81.7871
-80.8716
-81.1768
-81.1768
-81.1768
-80.8716
-80.8716
-80.8716
-81.7871
-82.3975
-82.7026
-83.0078
-83.9233
-83.313
-83.313
-82.7026
-82.3975
-82.0923
-82.3975
-81.7871
-81.7871
-81.1768
-81.4819
-81.1768
-81.1768
-81.4819
-82.7026
-82.7026
-82.3975
-82.7026
-82.0923
-83.0078
-82.3975
-82.0923
-81.7871
-81.1768
-81.1768
-80.8716
-82.3975
-82.3975
-83.0078
-82.7026
-82.7026
-82.0923
-81.7871
-81.1768
-80.5664
-81.1768
-81.4819
-82.0923
-82.7026
-82.7026
-82.7026
-83.313
-82.7026
-82.7026
-82.7026
-82.0923
-82.3975
-82.0923
-82.3975
-81.1768
-81.7871
-81.7871
-80.8716
-81.7871
-81.4819
-82.0923
-82.0923
-81.7871
-82.3975
-82.3975
-82.7026
-82.3975
-82.7026
-81.7871
-82.0923
-81.4819
-81.4819
-81.4819
-81.4819
-82.3975
-81.4819
-82.0923
-81.1768
-81.1768
-81.1768
-81.1768
-81.1768
-80.8716
-81.1768
-80.2612
-81.1768
-80.2612
-81.1768
-80.8716
-81.1768
-81.4819
-81.4819
-81.7871
-82.0923
-82.3975
-83.0078
-82.7026
-82.7026
-83.313
-83.313
-82.3975
-82.7026
-82.3975
-82.7026
-81.4819
-81.1768
-81.1768
-80.2612
-81.1768
-80.2612
-80.8716
-80.8716
-82.0923
-82.0923
-82.7026
-83.6182
-83.0078
-83.313
-82.7026
-82.0923
-81.4819
-81.7871
-81.4819
-81.1768
-81.1768
-80.5664
-81.4819
-82.0923
-83.0078
-83.0078
-83.0078
-83.0078
-82.7026
-82.0923
-81.4819
-81.1768
-81.1768
-81.1768
-81.7871
-82.3975
-83.6182
-82.7026
-83.6182
-81.7871
-82.3975
-81.4819
-81.7871
-81.1768
-81.1768
-81.1768
-81.1768
-81.4819
-81.4819
-80.8716
-81.1768
-80.5664
-80.2612
-80.8716
-80.5664
-80.8716
-80.8716
-80.5664
-80.8716
-80.8716
-81.1768
-81.1768
-80.5664
-80.8716
-80.2612
-81.1768
-80.8716
-81.1768
-80.8716
-81.1768
-81.4819
-80.5664
-81.4819
-81.1768
-81.4819
-79.9561
-81.7871
-81.4819
-81.7871
-81.7871
-82.0923
-82.7026
-82.3975
-83.6182
-83.6182
-83.313
-83.313
-83.0078
-82.3975
-82.3975
-82.0923
-82.3975
-82.0923
-81.7871
-81.7871
-81.4819
-81.1768
-81.4819
-81.1768
-80.8716
-80.5664
-81.4819
-82.3975
-81.7871
-83.0078
-83.0078
-83.6182
-83.0078
-83.313
-82.3975
-82.0923
-81.7871
-81.1768
-81.1768
-80.2612
-81.1768
-80.8716
-81.1768
-81.7871
-82.7026
-83.0078
-83.6182
-83.6182
-82.7026
-83.0078
-81.1768
-81.4819
-80.2612
-80.5664
-81.1768
-81.4819
-82.3975
-83.6182
-83.0078
-82.7026
-82.7026
-81.7871
-81.1768
-80.5664
-80.8716
-81.4819
-81.7871
-82.7026
-82.7026
-82.7026
-82.7026
-83.6182
-83.6182
-82.3975
-82.7026
-83.0078
-83.6182
-82.7026
-83.0078
-83.0078
-83.313
-82.3975
-83.313
-83.6182
-83.0078
-83.6182
-82.7026
-83.313
-82.7026
-82.7026
-82.7026
-83.0078
-83.313
-83.313
-83.6182
-82.7026
-83.313
-83.0078
-82.7026
-83.313
-82.7026
-82.7026
-82.7026
-82.7026
-82.0923
-82.3975
-82.3975
-81.7871
-82.0923
-81.4819
-81.4819
-80.8716
-81.1768
-80.8716
-81.1768
-81.4819
-80.8716
-81.4819
-81.4819
-82.3975
-82.3975
-82.3975
-83.0078
-83.0078
-83.6182
-83.313
-83.313
-82.3975
-82.3975
-81.7871
-82.0923
-81.4819
-81.1768
-81.1768
-80.8716
-81.4819
-80.8716
-80.8716
-81.4819
-82.7026
-82.7026
-82.7026
-83.0078
-83.0078
-82.7026
-81.4819
-82.0923
-81.1768
-81.4819
-81.1768
-80.8716
-81.7871
-81.7871
-83.0078
-82.7026
-83.6182
-83.0078
-82.7026
-82.3975
-81.4819
-81.1768
-80.5664
-81.4819
-80.8716
-83.0078
-83.0078
-82.7026
-83.313
-83.0078
-83.0078
-83.0078
-83.6182
-82.3975
-82.0923
-81.4819
-81.7871
-82.0923
-81.7871
-82.3975
-81.7871
-82.3975
-82.0923
-82.3975
-82.0923
-82.0923
-82.0923
-82.3975
-82.3975
-82.0923
-82.3975
-82.0923
-81.4819
-82.0923
-81.7871
-82.0923
-81.4819
-81.7871
-81.7871
-81.1768
-80.8716
-81.1768
-80.8716
-80.8716
-81.4819
-80.8716
-81.1768
-81.1768
-81.7871
-81.4819
-81.4819
-81.7871
-81.7871
-82.3975
-82.0923
-82.0923
-83.0078
-83.313
-83.0078
-82.3975
-82.7026
-83.313
-82.0923
-83.0078
-81.7871
-82.0923
-81.4819
-81.4819
-81.1768
-80.8716
-81.1768
-81.1768
-81.4819
-81.4819
-82.0923
-82.3975
-83.313
-83.0078
-82.7026
-82.7026
-82.0923
-82.7026
-81.4819
-80.8716
-81.4819
-81.4819
-82.0923
-81.7871
-81.7871
-82.3975
-82.3975
-82.7026
-82.3975
-82.0923
-81.4819
-81.7871
-80.8716
-81.7871
-81.1768
-82.3975
-82.7026
-82.3975
-83.0078
-83.0078
-82.7026
-81.7871
-81.7871
-80.8716
-81.4819
-80.5664
-80.5664
-81.4819
-81.4819
-81.7871
-81.7871
-82.3975
-81.7871
-81.7871
-81.7871
-81.7871
-82.7026
-82.0923
-82.7026
-82.0923
-82.0923
-81.7871
-81.7871
-81.4819
-81.1768
-82.0923
