-71.7163
-50.0488
-34.4849
-28.6865
-22.8882
-18.3105
-13.4277
-8.8501
-3.96729
0.915527
6.71387
5.49316
19.5313
33.2642
39.0625
41.1987
42.4194
41.8091
43.0298
42.1143
42.7246
41.5039
42.1143
40.5884
39.978
39.3677
39.3677
40.5884
39.6729
39.3677
38.147
37.2314
36.3159
35.7056
35.4004
34.1797
35.4004
34.1797
34.1797
34.1797
33.8745
33.5693
33.5693
32.959
32.6538
31.7383
30.8228
32.0435
30.5176
31.1279
29.6021
29.6021
28.9917
28.0762
28.3813
28.3813
29.2969
29.6021
27.4658
28.6865
27.4658
27.771
27.771
26.8555
27.771
26.5503
26.8555
25.9399
26.2451
25.6348
25.9399
25.0244
25.6348
25.6348
25.0244
25.9399
24.7192
25.3296
25.3296
24.7192
25.3296
24.7192
25.3296
24.1089
24.1089
23.4985
24.4141
22.8882
22.583
23.1934
23.1934
22.2778
22.583
22.583
22.8882
22.2778
23.4985
21.6675
23.1934
21.6675
22.583
21.6675
21.0571
21.0571
19.8364
20.4468
19.2261
18.9209
19.2261
18.6157
18.9209
18.9209
20.4468
20.1416
19.8364
19.2261
19.5313
19.5313
19.2261
19.8364
18.9209
18.9209
18.6157
18.3105
16.7847
17.395
17.395
16.1743
16.4795
16.1743
15.564
15.2588
15.564
16.7847
15.8691
17.0898
14.9536
15.8691
15.564
15.2588
15.564
15.2588
14.9536
14.6484
14.6484
15.2588
14.6484
14.6484
13.4277
14.0381
13.1226
13.1226
13.4277
13.1226
12.8174
13.4277
13.1226
11.2915
12.5122
11.5967
11.5967
11.5967
12.207
11.5967
11.5967
11.2915
11.5967
11.9019
11.2915
11.5967
11.5967
11.2915
12.207
11.2915
10.9863
10.376
11.2915
10.376
9.76563
9.76563
9.15527
9.15527
7.62939
7.93457
7.32422
6.40869
7.01904
6.71387
7.01904
6.10352
7.62939
6.10352
7.62939
7.01904
7.01904
6.71387
6.71387
6.71387
5.49316
5.79834
4.57764
4.88281
6.10352
4.57764
5.79834
5.79834
5.18799
4.88281
5.18799
5.49316
5.49316
6.10352
4.88281
6.10352
3.96729
4.57764
3.66211
3.35693
2.74658
3.96729
2.44141
1.52588
1.2207
0.915527
0.915527
0.610352
0
0.305176
-0.610352
-0.610352
-0.610352
0.305176
-0.610352
-0.915527
-0.305176
-1.52588
-0.305176
-1.83105
-0.915527
-1.52588
-1.2207
-1.2207
-1.83105
-1.52588
-2.74658
-1.83105
-3.66211
-3.05176
-2.74658
-3.35693
-2.74658
-2.74658
-2.74658
-2.44141
-2.13623
-3.35693
-3.66211
-4.57764
-5.49316
-5.49316
-6.10352
-6.40869
-7.32422
-7.01904
-7.32422
-7.32422
-7.01904
-7.01904
-5.18799
-7.01904
-6.10352
-7.32422
-7.32422
-7.62939
-7.93457
-7.93457
-8.54492
-9.15527
-10.376
-10.0708
-10.6812
-10.6812
-10.6812
-11.2915
-10.9863
-10.376
-10.0708
-10.6812
-11.2915
-9.46045
-10.6812
-9.76563
-11.2915
-10.6812
-10.6812
-10.376
-11.9019
-11.5967
-13.1226
-13.1226
-12.5122
-13.4277
-13.1226
-13.4277
-14.3433
-13.4277
-13.4277
-12.8174
-13.7329
-13.1226
-13.7329
-13.7329
-14.3433
-14.9536
-14.9536
-16.1743
-14.9536
-16.1743
-15.564
-16.4795
-16.1743
-15.8691
-16.4795
-15.564
-16.4795
-16.1743
-16.1743
-15.8691
-17.0898
-16.1743
-17.0898
-17.395
-16.7847
-17.7002
-18.9209
-18.9209
-19.8364
-19.5313
-20.1416
-19.8364
-21.3623
-21.6675
-22.583
-21.6675
-21.0571
-20.752
-20.4468
-19.8364
-19.8364
-20.4468
-19.8364
-20.752
-20.752
-21.6675
-22.8882
-22.583
-23.1934
-23.1934
-22.8882
-22.583
-21.9727
-22.2778
-22.2778
-21.9727
-22.2778
-22.8882
-22.8882
-23.4985
-24.1089
-24.1089
-25.3296
-25.0244
-26.2451
-25.0244
-26.8555
-26.5503
-27.1606
-26.2451
-26.2451
-26.8555
-25.0244
-25.0244
-25.3296
-25.6348
-25.9399
-25.3296
-25.6348
-24.7192
-25.9399
-26.2451
-26.2451
-26.8555
-27.4658
-27.771
-28.0762
-28.0762
-27.771
-28.3813
-28.6865
-28.6865
-29.2969
-28.3813
-28.6865
-28.9917
-29.6021
-29.2969
-29.2969
-29.9072
-29.6021
-30.5176
-30.5176
-30.8228
-31.7383
-31.1279
-32.3486
-31.7383
-32.6538
-31.7383
-32.6538
-31.1279
-32.6538
-31.7383
-31.7383
-31.1279
-31.1279
-31.4331
-31.4331
-32.0435
-31.4331
-31.1279
-32.0435
-32.0435
-32.3486
-32.3486
-32.6538
-32.6538
-33.2642
-33.2642
-33.8745
-34.79
-34.4849
-35.0952
-34.4849
-34.79
-34.79
-33.8745
-34.1797
-33.5693
-35.0952
-34.4849
-35.7056
-35.4004
-36.0107
-36.3159
-37.2314
-38.147
-36.9263
-36.9263
-35.7056
-36.0107
-34.79
-35.0952
-35.4004
-35.4004
-36.0107
-35.4004
-36.6211
-36.6211
-36.9263
-37.8418
-37.5366
-38.4521
-38.147
-39.3677
-38.147
-39.3677
-39.3677
-39.3677
-38.4521
-39.3677
-38.147
-39.0625
-38.4521
-39.0625
-39.0625
-38.7573
-38.7573
-39.3677
-39.0625
-39.6729
-39.978
-39.978
-40.2832
-40.5884
-40.2832
-39.6729
-39.6729
-39.0625
-40.2832
-39.6729
-39.3677
-39.3677
-39.6729
-39.3677
-39.6729
-40.2832
-39.978
-40.8936
-40.8936
-41.1987
-42.1143
-41.5039
-40.5884
-41.1987
-41.5039
-41.8091
-41.1987
-41.5039
-41.1987
-42.1143
-42.1143
-42.4194
-42.4194
-42.1143
-43.335
-43.335
-43.9453
-44.2505
-45.166
-44.5557
-45.166
-44.5557
-44.8608
-45.166
-44.2505
-44.8608
-43.6401
-43.9453
-43.9453
-43.335
-43.9453
-43.0298
-44.2505
-43.335
-44.2505
-44.5557
-45.166
-45.7764
-45.7764
-46.3867
-47.3022
-46.9971
-45.7764
-46.3867
-46.0815
-45.7764
-45.166
-44.8608
-45.7764
-45.166
-45.7764
-45.7764
-46.6919
-46.9971
-46.9971
-47.9126
-48.8281
-48.5229
-48.8281
-49.4385
-49.1333
-48.2178
-48.8281
-48.2178
-48.2178
-46.9971
-47.6074
-46.9971
-46.9971
-46.6919
-47.6074
-47.9126
-47.3022
-47.6074
-47.6074
-47.3022
-48.8281
-48.5229
-48.8281
-48.8281
-49.4385
-48.8281
-48.2178
-48.8281
-48.2178
-49.4385
-48.5229
-49.1333
-49.1333
-49.4385
-50.0488
-50.354
-50.6592
-49.7437
-50.354
-50.0488
-50.354
-50.6592
-50.0488
-50.354
-49.4385
-50.0488
-49.4385
-49.7437
-49.7437
-49.7437
-49.7437
-50.354
-50.6592
-50.354
-50.9644
-50.6592
-51.8799
-52.1851
-52.1851
-54.3213
-52.7954
-54.3213
-54.3213
-54.3213
-53.1006
-52.7954
-52.7954
-52.7954
-53.1006
-53.1006
-54.3213
-52.7954
-54.6265
-54.9316
-54.9316
-55.2368
-54.6265
-54.3213
-53.7109
-53.7109
-53.1006
-53.4058
-53.7109
-53.1006
-53.4058
-53.1006
-54.6265
-53.1006
-54.9316
-53.7109
-54.9316
-55.542
-54.9316
-55.542
-54.6265
-55.2368
-54.9316
-54.3213
-55.542
-54.9316
-55.8472
-55.2368
-55.542
-54.6265
-54.9316
-54.3213
-54.9316
-55.8472
-55.8472
-56.7627
-55.542
-56.4575
-56.1523
-57.0679
-57.6782
-56.7627
-57.6782
-57.373
-57.373
-56.4575
-56.7627
-57.0679
-56.7627
-56.1523
-56.7627
-57.373
-56.7627
-57.373
-57.373
-57.6782
-57.6782
-57.6782
-58.5938
-58.5938
-58.2886
-59.5093
-58.5938
-59.2041
-59.2041
-59.5093
-57.6782
-58.8989
-57.373
-58.2886
-57.0679
-58.2886
-58.2886
-57.6782
-58.8989
-57.6782
-59.2041
-59.5093
-58.8989
-59.2041
-59.2041
-59.2041
-59.5093
-59.5093
-59.8145
-60.4248
-59.5093
-60.1196
-60.1196
-60.4248
-60.73
-60.73
-61.0352
-60.1196
-60.4248
-61.3403
-61.6455
-61.3403
-62.2559
-61.9507
-62.8662
-61.0352
-61.9507
-61.9507
-61.6455
-61.6455
-60.4248
-60.1196
-59.5093
-60.1196
-59.5093
-60.73
-60.1196
-61.3403
-61.6455
-61.3403
-62.2559
-62.8662
-62.8662
-62.561
-63.7817
-62.561
-61.9507
-62.8662
-61.0352
-62.2559
-60.73
-61.6455
-61.3403
-61.3403
-61.9507
-60.73
-61.9507
-61.9507
-61.6455
-62.2559
-62.2559
-63.4766
-62.2559
-63.1714
-62.561
-62.8662
-62.8662
-62.8662
-62.8662
-62.2559
-62.2559
-62.2559
-62.2559
-62.561
-61.6455
-62.561
-61.6455
-63.1714
-63.1714
-62.561
-62.8662
-63.1714
-63.7817
-62.2559
-63.1714
-63.1714
-63.7817
-63.1714
-63.1714
-63.4766
-62.8662
-64.0869
-63.4766
-64.6973
-65.0024
-65.0024
-65.0024
-65.3076
-67.1387
-65.918
-66.5283
-65.6128
-66.2231
-65.3076
-65.3076
-65.0024
-64.3921
-64.3921
-63.4766
-63.7817
-63.7817
-64.0869
-64.0869
-64.0869
-64.0869
-65.3076
-65.0024
-65.6128
-65.0024
-65.918
-65.6128
-65.0024
-65.0024
-64.6973
-65.0024
-64.3921
-64.0869
-64.3921
-64.6973
-64.3921
-64.6973
-65.0024
-65.3076
-65.0024
-66.2231
-66.2231
-67.1387
-67.749
-67.1387
-68.3594
-67.749
-67.1387
-66.2231
-65.6128
-66.2231
-66.8335
-66.5283
-65.3076
-64.3921
-65.6128
-66.5283
-67.1387
-65.918
-65.3076
-65.0024
-66.5283
-67.1387
-67.749
-67.4438
-66.8335
-66.2231
-65.3076
-65.6128
-65.3076
-66.5283
-67.1387
-67.1387
-66.8335
-66.2231
-66.5283
-66.5283
-66.5283
-66.5283
-67.4438
-67.4438
-68.6646
-67.4438
-67.4438
-67.4438
-66.8335
-67.4438
-67.4438
-68.0542
-68.0542
-66.8335
-66.8335
-65.0024
-66.8335
-66.8335
-67.4438
-67.749
-67.1387
-66.8335
-66.8335
-67.749
-67.4438
-68.9697
-67.749
-67.4438
-67.4438
-66.2231
-67.4438
-67.749
-67.749
-67.4438
-67.1387
-66.5283
-66.8335
-68.3594
-68.3594
-68.9697
-67.4438
-68.0542
-67.749
-69.2749
-69.8853
-69.5801
-68.9697
-67.1387
-67.749
-67.4438
-67.749
-68.0542
-68.6646
-68.9697
-68.6646
-68.0542
-68.3594
-68.6646
-67.749
-67.749
-67.749
-67.749
-68.0542
-68.0542
-68.3594
-68.9697
-69.5801
-68.9697
-68.9697
-69.2749
-68.0542
-68.0542
-67.4438
-66.5283
-67.4438
-67.749
-68.6646
-68.3594
-70.4956
-69.8853
-69.8853
-69.2749
-69.5801
-70.1904
-68.9697
-68.9697
-68.9697
-69.8853
-69.2749
-69.5801
-69.2749
-67.749
-68.6646
-66.8335
-68.0542
-67.749
-68.6646
-68.9697
-70.1904
-68.9697
-69.8853
-68.9697
-69.2749
-69.2749
-69.2749
-69.5801
-69.8853
-69.5801
-69.2749
-68.6646
-68.3594
-68.0542
-68.9697
-69.2749
-69.8853
-69.5801
-69.2749
-69.2749
-68.9697
-70.1904
-70.4956
-71.7163
-69.5801
-69.2749
-68.9697
-68.0542
-68.6646
-70.1904
-69.5801
-68.9697
-68.0542
-67.749
-68.3594
-70.1904
-70.1904
-70.1904
-68.9697
-68.9697
-69.5801
-70.1904
-71.4111
-71.106
-70.1904
-68.0542
-68.6646
-68.6646
-69.8853
-70.1904
-68.9697
-69.2749
-69.2749
-68.9697
-68.9697
-68.9697
-70.4956
-69.8853
-72.0215
-70.8008
-72.0215
-71.106
-70.4956
-70.1904
-69.2749
-69.5801
-68.6646
-68.9697
-68.6646
-68.9697
-69.5801
-68.6646
-70.1904
-69.2749
-70.4956
-69.5801
-70.1904
-69.8853
-69.8853
-68.9697
-70.1904
-70.4956
-71.106
-71.7163
-72.3267
-71.106
-70.4956
-69.8853
-69.8853
-69.2749
-69.5801
-69.5801
-71.106
-71.7163
-72.3267
-72.0215
-70.4956
-71.106
-70.1904
-70.8008
-69.8853
-71.106
-71.4111
-71.4111
-69.8853
-69.2749
-68.9697
-69.2749
-69.5801
-70.1904
-70.8008
-71.106
-70.1904
-69.5801
-69.5801
-71.106
-70.4956
-72.0215
-71.7163
-71.7163
-71.4111
-71.106
-70.8008
-71.106
-72.0215
-71.4111
-70.8008
-70.8008
-69.8853
-70.8008
-71.106
-72.3267
-72.3267
-71.4111
-71.4111
-71.106
-72.0215
-72.6318
-72.3267
-72.0215
-70.1904
-70.1904
-70.4956
-72.3267
-71.4111
-71.106
-69.8853
-69.5801
-69.8853
-70.1904
-71.7163
-72.0215
-72.0215
-71.4111
-71.4111
-71.4111
-71.4111
-72.0215
-71.4111
-72.0215
-71.4111
-72.0215
-72.0215
-72.0215
-72.937
-72.0215
-72.3267
-71.106
-71.4111
-71.106
-71.4111
-71.4111
-71.4111
-72.0215
-71.106
-73.2422
-72.6318
-72.6318
-71.7163
-71.7163
-71.106
-70.1904
-71.106
-70.8008
-70.8008
-71.7163
-71.4111
-72.3267
-71.4111
-71.4111
-71.106
-71.106
-70.8008
-72.0215
-72.6318
-73.8525
-73.8525
-72.937
-72.3267
-71.4111
-71.4111
-71.106
-70.4956
-72.0215
-71.4111
-73.5474
-71.7163
-71.7163
-71.4111
-71.7163
-72.0215
-73.8525
-73.5474
-72.937
-72.937
-71.106
-71.4111
-71.106
-71.4111
-72.937
-71.7163
-71.7163
-71.106
-70.1904
-70.8008
-71.4111
-72.6318
-72.0215
-71.7163
-71.106
-71.4111
-72.0215
-74.1577
-73.8525
-72.937
-72.3267
-71.7163
-72.0215
-72.6318
-72.937
-72.3267
-70.8008
-71.106
-70.4956
-72.937
-73.5474
-72.0215
-71.7163
-71.4111
-72.0215
-72.0215
-72.3267
-72.937
-72.937
-72.6318
-71.7163
-70.4956
-71.7163
-70.4956
-70.4956
-70.8008
-71.4111
-71.7163
-72.3267
-72.6318
-73.8525
-73.5474
-73.2422
-72.937
-72.937
-72.3267
-72.6318
-72.3267
-72.3267
-72.6318
-72.3267
-73.2422
-72.937
-73.5474
-72.6318
-72.3267
-72.6318
-70.8008
-70.8008
-71.106
-72.937
-73.2422
-73.2422
-73.8525
-72.937
-72.937
-72.3267
-72.6318
-72.0215
-71.4111
-72.6318
-72.3267
-74.4629
-72.3267
-72.6318
-71.7163
-72.0215
-71.7163
-72.0215
-73.8525
-73.2422
-74.4629
-73.8525
-73.2422
-73.5474
-73.2422
-73.8525
-73.5474
-74.4629
-73.2422
-72.937
-71.7163
-71.7163
-72.0215
-72.937
-73.8525
-73.5474
-72.6318
-72.0215
-71.7163
-73.5474
-74.1577
-74.7681
-72.937
-73.2422
-71.7163
-72.6318
-73.8525
-74.1577
-73.8525
-72.937
-72.0215
-72.3267
-72.0215
-74.1577
-73.5474
-73.5474
-72.3267
-73.5474
-73.5474
-74.7681
-74.7681
-74.1577
-74.1577
-73.5474
-73.5474
-72.937
-73.8525
-73.5474
-74.1577
-74.4629
-72.937
-72.937
-71.7163
-72.6318
-72.6318
-72.6318
-72.937
-72.937
-73.5474
-73.8525
-74.7681
-74.7681
-75.0732
-74.1577
-72.3267
-73.2422
-72.0215
-72.6318
-72.3267
-72.937
-73.2422
-73.5474
-74.4629
-74.4629
-74.1577
-74.1577
-73.5474
-74.4629
-73.8525
-74.4629
-74.7681
-75.3784
-75.6836
-75.6836
-74.4629
-73.5474
-73.5474
-72.937
-72.6318
-73.5474
-72.937
-74.7681
-74.4629
-73.8525
-72.937
-72.6318
-72.6318
-74.4629
-74.7681
-74.7681
-75.0732
-73.8525
-73.2422
-73.2422
-72.6318
-73.2422
-74.1577
-75.0732
-73.8525
-73.8525
-73.2422
-73.2422
-73.2422
-74.4629
-75.3784
-74.7681
-73.8525
-73.2422
-73.8525
-74.1577
-74.7681
-75.0732
-73.5474
-72.937
-72.3267
-72.937
-72.937
-73.8525
-74.1577
-72.3267
-72.937
-71.7163
-74.1577
-74.7681
-74.4629
-73.5474
-72.937
-74.7681
-74.1577
-75.3784
-74.4629
-73.8525
-73.5474
-72.937
-73.5474
-73.5474
-74.1577
-74.4629
-74.1577
-74.4629
-73.8525
-74.4629
-73.5474
-73.8525
-73.8525
-75.0732
-74.1577
-74.7681
-73.5474
-74.4629
-75.0732
-74.4629
-74.4629
-74.1577
-73.2422
-72.6318
-72.3267
-72.937
-72.3267
-73.5474
-73.2422
-74.7681
-75.3784
-74.4629
-75.0732
-74.4629
-74.4629
-74.4629
-72.6318
-73.2422
-73.5474
-74.4629
-74.4629
-74.4629
-74.1577
-73.5474
-73.8525
-73.5474
-73.5474
-73.8525
-75.6836
-76.2939
-75.9888
-75.0732
-74.1577
-74.4629
-73.8525
-75.0732
-74.7681
-74.4629
-75.0732
-72.6318
-73.5474
-72.6318
-73.5474
-73.8525
-74.4629
-74.7681
-74.1577
-73.5474
-73.5474
-74.4629
-74.7681
-75.6836
-75.3784
-75.3784
-74.7681
-74.1577
-74.1577
-74.7681
-75.0732
-75.0732
-74.4629
-74.4629
-73.8525
-74.1577
-75.3784
-76.5991
-74.4629
-75.6836
-73.8525
-75.0732
-75.3784
-76.2939
-75.9888
-73.5474
-73.8525
-73.5474
-75.3784
-75.6836
-74.7681
-72.937
-72.6318
-73.5474
-73.5474
-74.4629
-74.4629
-75.6836
-75.6836
-75.3784
-75.6836
-75.0732
-74.7681
-74.1577
-75.3784
-75.0732
-74.7681
-74.7681
-75.0732
-76.5991
-75.3784
-75.6836
-75.0732
-75.3784
-74.7681
-74.7681
-74.7681
-74.4629
-75.0732
-74.7681
-75.3784
-75.9888
-75.6836
-75.0732
-74.1577
-74.7681
-73.5474
-72.937
-72.937
-73.5474
-74.4629
-74.4629
-75.3784
-74.4629
-75.0732
-74.1577
-74.7681
-74.1577
-75.3784
-75.9888
-76.5991
-76.2939
-75.9888
-75.9888
-74.1577
-73.8525
-74.4629
-73.5474
-75.9888
-75.6836
-75.3784
-74.4629
-74.4629
-74.1577
-74.4629
-75.0732
-75.9888
-76.2939
-74.7681
-74.7681
-74.4629
-74.1577
-73.8525
-75.6836
-74.7681
-74.1577
-74.1577
-72.937
-73.5474
-74.4629
-75.0732
-74.7681
-74.7681
-74.1577
-74.1577
-75.0732
-76.2939
-77.2095
-75.6836
-74.7681
-75.9888
-75.3784
-75.9888
-75.3784
-74.7681
-73.5474
-73.5474
-74.1577
-75.3784
-75.9888
-74.1577
-74.4629
-74.1577
-74.4629
-75.9888
-75.6836
-75.3784
-75.0732
-75.3784
-74.4629
-74.4629
-73.8525
-73.2422
-74.4629
-73.2422
-74.4629
-74.7681
-74.1577
-74.7681
-74.7681
-76.2939
-75.0732
-75.3784
-74.7681
-75.3784
-74.7681
-75.0732
-75.0732
-75.0732
-75.6836
-75.3784
-76.5991
-74.7681
-75.0732
-74.4629
-73.5474
-73.5474
-72.937
-74.7681
-75.3784
-75.9888
-76.5991
-75.9888
-75.3784
-74.1577
-74.7681
-73.5474
-75.0732
-74.4629
-74.7681
-75.3784
-74.4629
-74.1577
-73.2422
-73.8525
-73.8525
-74.7681
-75.0732
-75.9888
-75.9888
-75.0732
-75.0732
-74.7681
-75.3784
-75.9888
-76.2939
-76.5991
-75.0732
-75.0732
-73.5474
-73.8525
-73.8525
-74.7681
-74.4629
-74.1577
-74.4629
-73.2422
-73.5474
-74.7681
-75.6836
-75.3784
-74.7681
-74.4629
-73.5474
-74.4629
-75.0732
-75.0732
-74.7681
-73.8525
-73.5474
-73.5474
-74.7681
-74.7681
-74.1577
-73.5474
-72.937
-74.1577
-75.0732
-75.9888
-75.0732
-75.3784
-73.8525
-75.6836
-75.3784
-76.5991
-76.5991
-75.9888
-75.3784
-74.7681
-74.4629
-74.4629
-73.5474
-73.5474
-72.937
-74.4629
-74.7681
-75.0732
-75.3784
-75.9888
-76.2939
-74.7681
-74.7681
-73.8525
-74.1577
-73.2422
-73.8525
-73.5474
-74.1577
-74.4629
-74.7681
-75.3784
-74.1577
-74.7681
-73.8525
-73.8525
-73.8525
-73.8525
-74.4629
-75.0732
-75.3784
-76.5991
-75.9888
-75.3784
-75.0732
-75.0732
-73.8525
-74.4629
-74.1577
-75.3784
-74.7681
-75.0732
-73.2422
-73.8525
-74.1577
-73.5474
-74.4629
-74.1577
-75.0732
-75.3784
-75.3784
-74.4629
-74.1577
-73.2422
-73.2422
-74.4629
-75.0732
-74.7681
-74.7681
-74.1577
-73.5474
-72.937
-74.4629
-75.6836
-75.3784
-74.4629
-74.1577
-74.4629
-74.4629
-75.9888
-75.3784
-76.2939
-75.0732
-74.4629
-73.8525
-74.4629
-75.6836
-75.3784
-74.4629
-72.937
-73.5474
-74.1577
-74.4629
-74.7681
-74.4629
-74.1577
-73.5474
-74.4629
-75.0732
-76.2939
-75.0732
-73.8525
-73.8525
-73.5474
-74.7681
-74.7681
-75.3784
-74.7681
-73.5474
-74.1577
-73.8525
-73.8525
-73.8525
-74.1577
-74.1577
-74.1577
-75.0732
-76.5991
-75.9888
-76.2939
-75.3784
-75.0732
-75.3784
-74.1577
-73.8525
-74.4629
-73.5474
-74.1577
-73.5474
-74.7681
-74.4629
-75.6836
-73.5474
-74.1577
-73.8525
-72.937
-73.8525
-74.1577
-75.0732
-75.0732
-75.6836
-75.3784
-74.7681
-74.4629
-73.8525
-73.5474
-74.1577
-73.5474
-73.8525
-75.0732
-75.6836
-75.3784
-75.0732
-74.7681
-75.0732
-74.7681
-75.3784
-76.2939
-76.2939
-76.5991
-74.7681
-74.1577
-74.1577
-74.1577
-74.1577
-75.0732
-75.0732
-74.4629
-73.8525
-73.8525
-73.5474
-73.5474
-75.3784
-75.3784
-75.0732
-75.0732
-74.4629
-74.7681
-74.7681
-75.6836
-75.3784
-74.1577
-74.4629
-73.2422
-74.4629
-74.7681
-75.6836
-74.7681
-74.1577
-74.1577
-74.1577
-75.3784
-75.9888
-75.9888
-74.7681
-74.7681
-75.3784
-75.6836
-76.2939
-74.7681
-74.4629
-73.5474
-74.1577
-74.4629
-74.7681
-75.6836
-74.4629
-74.4629
-74.1577
-73.8525
-74.7681
-74.1577
-74.1577
-74.4629
-75.3784
-75.9888
-77.5146
-76.2939
-75.3784
-75.3784
-74.7681
-74.7681
-73.8525
-73.8525
-74.1577
-74.1577
-75.0732
-75.0732
-76.5991
-75.9888
-76.2939
-75.6836
-75.9888
-75.0732
-74.4629
-74.1577
-74.7681
-74.4629
-75.3784
-75.6836
-75.9888
-74.7681
-73.8525
-73.8525
-73.8525
-73.8525
-74.1577
-74.7681
-75.3784
-75.9888
-75.3784
-75.3784
-75.0732
-75.3784
-75.3784
-75.9888
-76.5991
-76.2939
-76.2939
-75.0732
-74.7681
-73.8525
-74.7681
-75.0732
-76.9043
-75.9888
-76.2939
-75.9888
-75.0732
-75.3784
-75.0732
-76.5991
-77.5146
-75.9888
-75.3784
-74.1577
-74.4629
-74.1577
-75.9888
-75.0732
-75.3784
-74.4629
-73.2422
-74.1577
-74.4629
-75.3784
-75.3784
-75.0732
-75.0732
-74.7681
-75.9888
-76.2939
-76.5991
-75.6836
-75.3784
-74.4629
-75.9888
-76.9043
-75.6836
-74.7681
-73.8525
-74.4629
-75.3784
-76.2939
-76.5991
-75.3784
-75.3784
-75.0732
-74.7681
-74.4629
-75.3784
-74.7681
-75.6836
-75.0732
-75.9888
-75.9888
-75.3784
-75.0732
-74.1577
-74.1577
-73.8525
-74.4629
-74.1577
-74.4629
-75.3784
-74.1577
-75.9888
-76.2939
-77.5146
-76.9043
-76.5991
-75.6836
-75.0732
-74.4629
-74.7681
-74.4629
-74.7681
-75.0732
-76.5991
-75.6836
-75.6836
-74.7681
-74.7681
-75.0732
-75.9888
-75.6836
-75.3784
-76.5991
-75.3784
-75.3784
-74.4629
-73.8525
-73.5474
-73.8525
-74.7681
-75.3784
-75.9888
-74.4629
-74.7681
-73.5474
-74.4629
-74.7681
-75.0732
-76.2939
-76.2939
-76.5991
-75.0732
-75.0732
-75.9888
-76.5991
-76.5991
-76.5991
-75.9888
-74.4629
-74.7681
-72.937
-75.0732
-75.0732
-76.2939
-75.3784
-74.1577
-74.7681
-75.0732
-76.2939
-76.5991
-76.9043
-74.4629
-74.4629
-74.7681
-75.0732
-76.2939
-75.3784
-74.7681
-73.8525
-74.4629
-75.3784
-75.9888
-75.6836
-74.7681
-75.0732
-74.7681
-75.0732
-76.9043
-76.5991
-76.5991
-75.9888
-75.3784
-75.0732
-75.3784
-75.0732
-75.6836
-75.9888
-75.9888
-75.0732
-75.6836
-75.3784
-75.0732
-74.1577
-75.3784
-74.4629
-74.7681
-74.7681
-76.2939
-76.5991
-75.9888
-77.2095
-75.9888
-75.9888
-75.6836
-75.3784
-74.4629
-74.4629
-75.0732
-74.1577
-75.3784
-75.3784
-76.5991
-76.2939
-75.3784
-75.3784
-75.0732
-76.2939
-75.3784
-76.5991
-76.2939
-76.5991
-77.5146
-76.2939
-76.2939
-74.7681
-75.3784
-74.7681
-75.0732
-75.0732
-76.5991
-75.9888
-75.0732
-75.9888
-75.0732
-75.3784
-75.3784
-76.5991
-76.9043
-75.9888
-76.2939
-75.0732
-74.7681
-74.4629
-75.6836
-75.9888
-76.2939
-75.3784
-75.0732
-75.0732
-73.5474
-75.3784
-75.9888
-77.5146
-76.5991
-75.9888
-76.2939
-75.9888
-77.8198
-78.4302
-77.5146
-76.2939
-75.6836
-75.6836
-75.6836
-76.2939
-76.5991
-75.0732
-74.7681
-74.7681
-75.9888
-76.5991
-75.9888
-74.4629
-75.3784
-75.9888
-75.9888
-76.5991
-76.2939
-75.9888
-75.0732
-75.0732
-75.0732
-75.0732
-76.2939
-76.5991
-76.5991
-76.9043
-76.5991
-76.5991
-75.9888
-76.2939
-75.9888
-75.6836
-75.3784
-76.2939
-77.2095
-77.5146
-77.8198
-78.4302
-77.5146
-75.9888
-76.2939
-75.3784
-75.3784
-74.7681
-75.3784
-74.7681
-75.9888
-76.2939
-76.5991
-76.9043
-76.5991
-75.3784
-75.9888
-75.0732
-76.2939
-76.2939
-76.9043
-77.2095
-76.5991
-76.2939
-76.2939
-75.6836
-75.0732
-75.3784
-75.3784
-76.2939
-76.9043
-77.8198
-76.9043
-76.5991
-76.9043
-76.2939
-76.9043
-77.2095
-77.8198
-78.125
-75.6836
-75.9888
-75.3784
-75.6836
-76.2939
-77.2095
-77.2095
-75.6836
-76.2939
-74.7681
-75.6836
-75.9888
-77.2095
-77.5146
-76.9043
-76.5991
-75.3784
-76.2939
-75.9888
-77.8198
-77.2095
-75.9888
-75.9888
-75.0732
-75.6836
-76.9043
-76.9043
-76.9043
-75.3784
-75.9888
-76.9043
-78.125
-77.2095
-77.5146
-76.2939
-76.9043
-77.5146
-77.5146
-77.5146
-76.5991
-75.9888
-75.0732
-75.9888
-75.9888
-76.5991
-76.5991
-76.5991
-76.2939
-76.2939
-75.6836
-75.9888
-75.3784
-75.9888
-76.5991
-77.5146
-75.9888
-77.2095
-76.9043
-77.8198
-77.2095
-76.2939
-76.2939
-75.3784
-75.9888
-75.6836
-75.6836
-75.9888
-76.2939
-77.5146
-77.8198
-77.5146
-78.125
-77.5146
-76.9043
-76.2939
-76.2939
-75.3784
-75.9888
-75.6836
-77.5146
-76.5991
-76.5991
-75.6836
-75.3784
-75.6836
-75.0732
-76.5991
-75.9888
-77.5146
-77.8198
-77.5146
-76.9043
-76.5991
-76.9043
-76.5991
-77.2095
-77.5146
-77.2095
-76.9043
-76.5991
-75.3784
-75.9888
-76.2939
-76.9043
-77.8198
-77.5146
-77.2095
-77.2095
-75.9888
-77.5146
-77.2095
-78.7354
-77.2095
-77.5146
-76.5991
-76.5991
-76.2939
-76.9043
-77.5146
-77.2095
-75.9888
-75.3784
-75.3784
-76.2939
-76.5991
-77.2095
-76.5991
-75.9888
-75.9888
-76.9043
-78.7354
-77.8198
-77.8198
-76.2939
-77.2095
-76.5991
-77.5146
-77.2095
-75.9888
-75.9888
-75.9888
-76.9043
-77.2095
-78.7354
-77.8198
-77.8198
-77.8198
-77.2095
-76.9043
-76.9043
-76.5991
-76.5991
-77.5146
-77.5146
-76.5991
-77.2095
-76.5991
-76.9043
-75.6836
-76.2939
-76.2939
-75.6836
-75.6836
-75.9888
-77.2095
-76.9043
-78.125
-78.7354
-77.8198
-77.8198
-77.5146
-77.2095
-76.9043
-76.2939
-76.2939
-76.9043
-77.5146
-77.8198
-77.5146
-76.5991
-76.9043
-76.9043
-76.9043
-76.9043
-77.5146
-78.4302
-78.4302
-77.8198
-77.2095
-77.2095
-76.5991
-76.2939
-76.2939
-76.5991
-76.5991
-76.9043
-76.2939
-76.2939
-75.9888
-75.9888
-76.2939
-76.9043
-77.5146
-77.8198
-76.5991
-77.2095
-77.2095
-76.9043
-77.8198
-78.4302
-78.125
-76.9043
-76.5991
-75.9888
-76.5991
-77.5146
-77.5146
-77.2095
-75.9888
-76.2939
-76.2939
-78.125
-78.7354
-77.5146
-76.9043
-76.5991
-76.2939
-76.9043
-77.5146
-77.8198
-75.9888
-75.9888
-75.3784
-76.5991
-76.9043
-77.2095
-76.2939
-75.3784
-75.9888
-75.6836
-77.5146
-77.5146
-78.125
-77.2095
-77.2095
-76.9043
-76.5991
