-75.3784
-55.2368
-39.978
-33.5693
-27.771
-22.2778
-18.6157
-12.8174
-8.8501
-3.35693
0
-6.71387
5.49316
27.1606
40.5884
42.7246
43.335
43.6401
43.6401
42.7246
42.7246
42.1143
41.8091
42.4194
41.8091
42.4194
40.8936
41.1987
40.2832
39.6729
40.2832
39.3677
39.0625
38.7573
38.4521
38.147
36.9263
36.6211
35.7056
35.0952
34.4849
34.4849
33.5693
33.8745
33.2642
32.959
33.8745
32.6538
33.2642
31.7383
32.3486
31.4331
31.1279
31.1279
29.2969
29.9072
29.2969
28.6865
28.6865
28.6865
28.3813
28.6865
28.9917
28.6865
29.6021
28.6865
28.0762
28.9917
28.9917
28.9917
28.3813
28.0762
27.1606
28.0762
26.2451
26.8555
25.9399
24.7192
24.1089
24.1089
25.0244
23.8037
24.1089
23.8037
24.1089
25.6348
25.0244
25.9399
25.3296
25.3296
25.0244
25.0244
25.0244
24.1089
24.7192
23.4985
23.1934
21.9727
21.3623
21.9727
21.3623
21.6675
21.3623
22.2778
21.6675
22.2778
22.2778
22.8882
21.9727
21.9727
21.6675
21.0571
21.3623
19.8364
20.752
19.5313
20.1416
20.1416
19.2261
20.1416
19.8364
19.5313
20.1416
18.9209
19.8364
18.3105
18.9209
18.3105
18.3105
17.395
17.0898
16.7847
17.0898
16.7847
16.4795
17.395
16.1743
16.4795
16.4795
17.395
17.0898
17.0898
17.395
15.8691
16.7847
16.1743
15.8691
15.8691
15.564
15.564
14.9536
14.6484
13.7329
14.0381
13.1226
12.5122
13.4277
12.207
12.207
12.207
12.207
12.8174
13.1226
12.207
12.207
12.5122
12.5122
11.9019
11.5967
11.2915
11.2915
10.9863
11.2915
9.15527
10.376
8.54492
9.15527
9.46045
9.76563
10.0708
9.46045
9.46045
9.15527
9.15527
8.8501
8.8501
8.23975
7.32422
7.32422
7.01904
7.32422
7.32422
7.01904
6.40869
6.71387
6.71387
5.49316
6.71387
7.01904
6.71387
7.01904
6.71387
6.40869
6.10352
6.40869
6.10352
7.01904
6.10352
5.79834
5.49316
4.57764
5.18799
3.66211
3.96729
2.74658
2.74658
2.44141
2.13623
2.44141
2.44141
3.35693
3.35693
3.35693
3.35693
2.74658
3.05176
1.52588
0.915527
0.610352
0.305176
-1.52588
-0.610352
0
-0.305176
0
0
0
0.915527
0.305176
0.915527
0.305176
0.305176
-0.610352
-1.2207
-1.52588
-2.13623
-3.05176
-3.35693
-3.35693
-3.35693
-3.66211
-3.66211
-3.96729
-4.27246
-3.66211
-3.05176
-3.96729
-2.74658
-4.27246
-3.96729
-3.96729
-3.96729
-5.18799
-5.18799
-5.79834
-6.40869
-6.40869
-7.32422
-7.01904
-7.62939
-7.62939
-7.62939
-8.8501
-7.01904
-9.15527
-7.93457
-8.8501
-7.62939
-7.93457
-8.54492
-8.54492
-9.46045
-8.8501
-9.46045
-8.54492
-9.76563
-9.46045
-10.6812
-11.2915
-10.376
-11.5967
-10.9863
-11.5967
-11.2915
-12.207
-11.5967
-12.207
-11.9019
-12.5122
-13.4277
-12.8174
-12.8174
-13.7329
-14.0381
-14.3433
-14.6484
-14.9536
-14.9536
-15.2588
-14.9536
-16.1743
-14.9536
-14.9536
-14.6484
-14.3433
-14.6484
-14.3433
-13.4277
-13.7329
-14.0381
-14.3433
-14.3433
-14.6484
-15.564
-16.4795
-16.7847
-18.6157
-18.6157
-18.3105
-17.7002
-16.7847
-17.395
-17.7002
-17.7002
-17.395
-16.7847
-18.6157
-17.7002
-19.5313
-19.5313
-20.1416
-19.8364
-20.1416
-19.8364
-20.1416
-19.5313
-18.9209
-19.5313
-19.5313
-19.5313
-20.1416
-19.8364
-20.1416
-20.1416
-20.1416
-20.4468
-21.6675
-21.3623
-22.583
-22.2778
-22.2778
-23.1934
-23.1934
-23.4985
-23.8037
-23.4985
-24.7192
-23.4985
-24.4141
-23.8037
-23.4985
-22.8882
-23.4985
-23.4985
-23.4985
-23.8037
-23.8037
-23.4985
-24.4141
-25.6348
-25.0244
-25.3296
-26.5503
-26.2451
-26.8555
-25.6348
-27.4658
-26.5503
-27.1606
-26.5503
-26.8555
-26.2451
-26.8555
-26.8555
-27.1606
-27.4658
-26.8555
-27.1606
-27.4658
-28.0762
-28.0762
-27.771
-28.6865
-28.3813
-28.3813
-28.6865
-29.6021
-29.2969
-28.6865
-28.6865
-28.6865
-28.0762
-28.9917
-28.3813
-29.6021
-28.3813
-29.2969
-28.9917
-30.2124
-30.2124
-30.8228
-31.4331
-31.1279
-32.0435
-31.7383
-32.6538
-32.0435
-31.7383
-31.4331
-31.1279
-31.1279
-30.2124
-31.7383
-30.8228
-31.1279
-31.1279
-32.0435
-32.3486
-33.2642
-33.5693
-33.8745
-35.4004
-35.0952
-36.6211
-35.4004
-35.0952
-35.7056
-34.79
-35.4004
-34.4849
-35.0952
-33.5693
-34.79
-33.2642
-34.1797
-34.4849
-34.79
-34.4849
-35.4004
-35.0952
-34.79
-35.4004
-35.4004
-35.4004
-36.0107
-34.79
-36.0107
-35.4004
-35.7056
-35.4004
-36.0107
-36.0107
-36.0107
-36.9263
-35.4004
-36.9263
-36.6211
-37.2314
-37.8418
-37.5366
-38.7573
-38.4521
-38.4521
-38.147
-38.4521
-38.4521
-38.4521
-39.0625
-38.4521
-38.7573
-38.7573
-38.7573
-39.6729
-39.978
-40.2832
-39.6729
-40.5884
-40.5884
-41.5039
-39.978
-40.5884
-40.2832
-39.6729
-39.978
-39.6729
-40.2832
-39.978
-39.3677
-39.978
-39.6729
-40.2832
-39.978
-41.1987
-40.8936
-41.1987
-41.5039
-41.1987
-41.8091
-42.4194
-43.6401
-42.7246
-43.6401
-43.335
-44.2505
-43.0298
-43.9453
-43.6401
-43.9453
-43.335
-42.7246
-42.7246
-43.0298
-42.7246
-41.8091
-43.0298
-43.9453
-42.7246
-43.9453
-43.335
-43.9453
-43.9453
-44.2505
-44.5557
-43.9453
-43.9453
-44.5557
-44.8608
-44.8608
-45.166
-45.166
-45.4712
-46.3867
-45.4712
-46.3867
-46.9971
-47.9126
-47.9126
-46.9971
-47.6074
-47.9126
-47.9126
-47.9126
-48.2178
-47.6074
-47.6074
-47.6074
-48.2178
-47.6074
-47.6074
-47.9126
-47.3022
-48.2178
-48.5229
-47.9126
-48.5229
-48.8281
-50.0488
-49.1333
-49.4385
-47.9126
-48.8281
-48.8281
-49.1333
-48.2178
-48.2178
-48.5229
-47.6074
-48.5229
-47.6074
-48.2178
-49.4385
-49.7437
-49.4385
-49.7437
-49.1333
-50.0488
-50.354
-50.6592
-50.354
-50.6592
-50.0488
-50.9644
-50.6592
-51.5747
-51.8799
-50.6592
-49.7437
-50.354
-50.9644
-49.7437
-51.2695
-51.5747
-51.2695
-51.5747
-51.8799
-51.8799
-52.1851
-52.4902
-52.1851
-53.1006
-52.4902
-52.7954
-52.7954
-53.1006
-53.1006
-53.1006
-53.1006
-53.4058
-53.7109
-52.4902
-53.7109
-53.4058
-53.1006
-54.3213
-51.8799
-53.4058
-53.1006
-53.4058
-53.1006
-52.4902
-53.1006
-51.8799
-53.1006
-52.1851
-52.7954
-53.1006
-53.7109
-53.7109
-54.6265
-54.9316
-54.3213
-54.9316
-55.542
-56.4575
-55.542
-56.1523
-56.1523
-54.9316
-55.8472
-55.2368
-55.8472
-55.542
-55.542
-55.8472
-55.2368
-56.4575
-55.8472
-56.4575
-55.8472
-56.7627
-56.4575
-56.4575
-56.7627
-56.4575
-57.373
-56.7627
-56.1523
-56.4575
-55.8472
-56.4575
-54.9316
-56.7627
-55.542
-56.4575
-56.1523
-55.8472
-57.0679
-56.7627
-58.2886
-57.9834
-59.2041
-59.2041
-60.1196
-59.2041
-59.5093
-59.5093
-58.8989
-58.2886
-58.2886
-57.9834
-57.9834
-57.9834
-57.9834
-57.6782
-57.9834
-58.5938
-59.2041
-59.5093
-59.5093
-61.0352
-61.0352
-61.3403
-61.0352
-61.3403
-59.8145
-61.0352
-61.0352
-60.4248
-60.1196
-59.5093
-59.8145
-59.5093
-59.5093
-59.2041
-59.5093
-59.8145
-59.5093
-60.1196
-59.5093
-60.73
-60.4248
-60.1196
-61.6455
-61.0352
-60.73
-61.0352
-60.73
-60.73
-61.3403
-61.3403
-61.0352
-61.0352
-61.6455
-61.9507
-61.6455
-61.9507
-62.2559
-62.8662
-62.561
-62.561
-63.1714
-62.561
-62.8662
-62.561
-62.8662
-62.561
-61.9507
-61.9507
-61.6455
-62.2559
-61.9507
-62.561
-62.2559
-62.2559
-62.2559
-62.561
-62.8662
-63.1714
-62.8662
-62.8662
-63.4766
-63.1714
-62.561
-63.1714
-62.561
-62.8662
-61.6455
-62.8662
-62.2559
-62.8662
-63.1714
-62.8662
-63.4766
-63.4766
-64.0869
-63.4766
-64.6973
-65.6128
-65.3076
-65.6128
-64.6973
-65.0024
-63.7817
-64.3921
-62.8662
-63.4766
-63.1714
-63.7817
-62.561
-62.8662
-63.1714
-62.8662
-64.3921
-64.3921
-65.6128
-66.8335
-66.2231
-65.6128
-66.2231
-66.5283
-65.6128
-65.6128
-65.6128
-64.6973
-65.3076
-64.6973
-65.0024
-65.0024
-65.6128
-65.918
-65.3076
-66.8335
-66.8335
-67.749
-66.5283
-67.4438
-65.918
-67.1387
-66.5283
-66.5283
-66.2231
-66.5283
-65.6128
-65.3076
-65.3076
-64.0869
-65.3076
-65.6128
-65.3076
-64.6973
-65.3076
-65.6128
-65.6128
-66.8335
-66.2231
-67.749
-66.5283
-66.8335
-66.8335
-66.8335
-66.8335
-66.5283
-66.8335
-66.2231
-65.0024
-66.5283
-65.3076
-67.1387
-66.5283
-67.1387
-66.8335
-67.749
-67.4438
-67.749
-68.6646
-68.0542
-68.0542
-68.3594
-67.749
-68.0542
-67.1387
-68.0542
-68.0542
-68.3594
-67.749
-68.3594
-66.8335
-67.4438
-67.749
-67.4438
-67.4438
-67.1387
-68.0542
-68.0542
-68.3594
-68.3594
-68.6646
-69.2749
-68.3594
-68.9697
-68.0542
-68.9697
-68.6646
-68.9697
-68.3594
-68.9697
-67.749
-68.3594
-68.0542
-68.3594
-68.9697
-68.6646
-68.3594
-68.6646
-67.749
-68.6646
-68.6646
-69.5801
-69.2749
-69.5801
-69.5801
-69.2749
-69.2749
-68.9697
-69.5801
-69.5801
-70.1904
-69.8853
-70.4956
-71.106
-70.8008
-71.7163
-71.7163
-71.7163
-71.4111
-71.106
-70.8008
-70.4956
-70.4956
-68.9697
-70.1904
-70.1904
-68.6646
-69.2749
-68.3594
-69.5801
-69.2749
-70.1904
-68.9697
-69.8853
-69.5801
-69.5801
-69.5801
-69.8853
-69.8853
-69.2749
-69.2749
-69.2749
-69.8853
-69.8853
-68.9697
-69.5801
-68.9697
-69.8853
-69.8853
-70.1904
-70.4956
-70.4956
-70.8008
-72.0215
-72.3267
-71.7163
-72.3267
-72.3267
-71.4111
-72.6318
-71.7163
-72.0215
-71.7163
-71.4111
-71.106
-71.106
-71.4111
-71.4111
-71.106
-70.8008
-70.4956
-70.8008
-70.4956
-71.4111
-70.4956
-71.106
-69.5801
-70.1904
-70.4956
-71.4111
-70.8008
-71.106
-72.0215
-71.7163
-72.3267
-72.6318
-72.937
-71.7163
-72.6318
-71.7163
-72.0215
-71.7163
-72.0215
-72.0215
-72.6318
-72.3267
-72.6318
-71.7163
-72.937
-72.3267
-72.937
-71.7163
-72.0215
-71.7163
-70.4956
-71.4111
-70.8008
-71.7163
-71.4111
-72.3267
-72.0215
-72.0215
-72.3267
-71.7163
-72.6318
-72.3267
-71.4111
-71.106
-72.3267
-72.0215
-72.6318
-72.6318
-72.0215
-73.2422
-72.937
-72.937
-73.8525
-74.1577
-74.1577
-74.1577
-74.4629
-74.7681
-74.7681
-74.4629
-74.1577
-74.7681
-74.4629
-74.4629
-74.1577
-74.1577
-72.6318
-73.8525
-72.0215
-72.937
-73.5474
-73.5474
-73.2422
-73.5474
-73.5474
-75.0732
-74.4629
-73.2422
-73.5474
-73.5474
-72.937
-73.5474
-72.937
-73.2422
-72.6318
-72.3267
-72.0215
-72.0215
-72.3267
-72.6318
-72.937
-73.5474
-73.5474
-73.5474
-74.1577
-74.1577
-73.8525
-74.4629
-75.6836
-74.7681
-75.3784
-73.8525
-74.4629
-74.1577
-74.4629
-73.8525
-73.5474
-73.2422
-72.6318
-73.5474
-72.937
-73.5474
-73.8525
-74.4629
-74.1577
-75.0732
-75.6836
-75.0732
-75.0732
-75.3784
-75.0732
-73.8525
-73.8525
-73.2422
-73.8525
-73.2422
-72.937
-73.5474
-73.8525
-74.7681
-75.0732
-76.2939
-75.9888
-76.2939
-76.2939
-75.9888
-75.9888
-75.9888
-75.9888
-75.0732
-75.0732
-74.7681
-74.4629
-74.1577
-73.8525
-74.1577
-73.5474
-74.7681
-74.1577
-74.1577
-73.5474
-74.7681
-75.0732
-75.0732
-74.7681
-75.0732
-74.1577
-73.8525
-73.8525
-74.1577
-73.5474
-74.4629
-73.8525
-74.1577
-74.7681
-74.4629
-75.0732
-73.8525
-74.7681
-74.4629
-75.9888
-74.7681
-76.2939
-74.4629
-75.0732
-75.3784
-75.0732
-74.4629
-74.7681
-74.7681
-74.1577
-75.0732
-74.4629
-75.3784
-75.6836
-75.0732
-75.9888
-76.2939
-75.9888
-76.2939
-76.5991
-75.3784
-76.2939
-75.6836
-75.9888
-75.6836
-74.7681
-75.0732
-74.7681
-74.7681
-74.1577
-74.1577
-74.7681
-75.0732
-76.2939
-75.6836
-75.9888
-76.9043
-77.2095
-77.2095
-77.5146
-77.2095
-76.2939
-76.2939
-75.3784
-75.0732
-74.7681
-74.1577
-74.4629
-74.1577
-75.0732
-75.0732
-75.3784
-75.3784
-76.2939
-76.2939
-75.3784
-75.9888
-75.3784
-76.2939
-75.6836
-77.2095
-75.6836
-76.2939
-75.6836
-75.3784
-75.3784
-75.3784
-75.9888
-74.7681
-75.9888
-75.0732
-75.9888
-75.9888
-74.7681
-76.2939
-75.9888
-76.2939
-75.6836
-75.6836
-76.2939
-75.6836
-75.9888
-75.3784
-75.9888
-74.4629
-75.3784
-74.7681
-75.3784
-75.6836
-74.7681
-75.0732
-75.3784
-76.2939
-75.0732
-76.5991
-75.9888
-76.5991
-76.2939
-76.9043
-76.9043
-76.2939
-76.9043
-75.9888
-76.5991
-74.7681
-75.3784
-75.3784
-75.6836
-75.3784
-75.3784
-76.2939
-75.6836
-76.5991
-75.9888
-76.5991
-75.9888
-76.9043
-76.5991
-76.5991
-77.8198
-76.5991
-77.2095
-76.2939
-77.5146
-76.2939
-75.6836
-75.3784
-75.6836
-75.6836
-75.3784
-75.9888
-75.3784
-75.3784
-75.9888
-75.9888
-77.2095
-76.2939
-76.9043
-77.2095
-77.5146
-77.5146
-77.5146
-77.2095
-76.2939
-76.2939
-75.9888
-76.2939
-76.2939
-75.3784
-75.0732
-75.9888
-76.9043
-76.5991
-77.5146
-76.9043
-77.8198
-76.9043
-76.5991
-75.9888
-76.2939
-75.6836
-75.3784
-74.7681
-75.6836
-75.3784
-75.3784
-75.3784
-75.9888
-75.9888
-75.6836
-75.6836
-76.5991
-76.5991
-77.8198
-77.2095
-77.2095
-78.125
-76.5991
-77.2095
-76.9043
-77.5146
-77.2095
-76.9043
-76.2939
-76.2939
-76.9043
-77.2095
-77.8198
-76.2939
-77.5146
-76.9043
-77.8198
-76.9043
-77.8198
-77.8198
-77.2095
-77.2095
-77.2095
-76.5991
-76.9043
-75.9888
-76.5991
-75.3784
-76.2939
-75.9888
-76.2939
-75.9888
-75.9888
-76.5991
-76.2939
-76.5991
-76.9043
-76.5991
-76.5991
-77.2095
-76.9043
-76.5991
-76.5991
-75.6836
-75.9888
-75.6836
-75.6836
-75.9888
-75.9888
-75.3784
-76.5991
-77.8198
-77.2095
-78.4302
-77.2095
-77.5146
-76.5991
-76.9043
-76.5991
-75.6836
-75.9888
-75.6836
-75.3784
-75.3784
-75.6836
-75.9888
-75.9888
-76.2939
-76.2939
-77.5146
-78.125
-77.5146
-76.9043
-77.2095
-77.2095
-76.9043
-77.2095
-76.5991
-76.9043
-76.5991
-77.2095
-76.5991
-77.2095
-77.5146
-77.8198
-77.2095
-76.5991
-76.9043
-76.2939
-77.2095
-77.8198
-78.4302
-77.5146
-77.2095
-77.5146
-77.5146
-78.7354
-77.2095
-78.4302
-76.9043
-77.5146
-76.5991
-77.5146
-77.2095
-77.2095
-76.9043
-76.9043
-76.9043
-76.9043
-77.5146
-78.125
-78.125
-78.125
-78.125
-79.0405
-78.125
-78.7354
-78.4302
-77.8198
-78.125
-77.5146
-77.2095
-77.5146
-77.5146
-77.5146
-77.2095
-77.2095
-76.9043
-77.8198
-77.2095
-78.125
-77.5146
-78.4302
-77.8198
-77.5146
-77.2095
-76.9043
-77.2095
-76.5991
-76.2939
-76.2939
-75.9888
-75.6836
-75.0732
-75.3784
-75.0732
-75.9888
-75.3784
-75.6836
-76.5991
-77.2095
-77.2095
-77.8198
-78.4302
-78.7354
-78.4302
-78.4302
-78.125
-77.2095
-77.2095
-76.5991
-75.6836
-76.9043
-75.3784
-76.2939
-75.0732
-75.6836
-75.6836
-76.2939
-76.9043
-77.5146
-78.125
-77.8198
-77.8198
-76.9043
-76.2939
-76.2939
-75.9888
-75.9888
-75.3784
-76.5991
-75.9888
-76.2939
-76.9043
-76.9043
-75.9888
-77.5146
-77.8198
-77.8198
-78.4302
-78.4302
-78.4302
-78.4302
-78.125
-78.4302
-77.8198
-77.8198
-77.5146
-76.9043
-76.5991
-76.5991
-76.5991
-75.9888
-75.9888
-76.5991
-76.5991
-76.2939
-75.3784
-77.5146
-75.6836
-77.2095
-76.2939
-76.5991
-76.2939
-76.2939
-75.6836
-75.9888
-76.2939
-75.9888
-75.9888
-75.3784
-75.6836
-76.5991
-76.5991
-76.9043
-76.9043
-77.2095
-77.2095
-78.125
-77.8198
-78.125
-78.7354
-77.5146
-78.4302
-77.2095
-77.8198
-77.2095
-78.7354
-77.5146
-77.2095
-76.9043
-76.2939
-77.2095
-75.9888
-77.2095
-76.5991
-76.9043
-76.5991
-77.2095
-76.9043
-75.9888
-76.5991
-76.2939
-76.5991
-76.2939
-75.9888
-76.2939
-76.9043
-77.2095
-77.8198
-78.4302
-77.5146
-77.8198
-77.8198
-77.8198
-77.5146
-77.2095
-77.5146
-77.2095
-76.9043
-77.5146
-76.9043
-77.2095
-77.5146
-77.8198
-77.2095
-77.5146
-76.9043
-76.9043
-76.2939
-76.5991
-75.9888
-75.9888
-76.2939
-76.2939
-76.5991
-77.2095
-77.2095
-78.125
-77.5146
-77.5146
-76.5991
-76.9043
-76.9043
-76.5991
-76.2939
-76.2939
-75.9888
-75.9888
-76.5991
-76.2939
-77.5146
-77.2095
-76.9043
-76.9043
-76.9043
-77.8198
-77.5146
-77.5146
-77.2095
-77.5146
-76.5991
-75.9888
-76.5991
-75.3784
-76.5991
-75.9888
-75.9888
-76.2939
-75.6836
-75.9888
-76.2939
-76.2939
-76.9043
-77.2095
-76.5991
-77.2095
-77.2095
-77.5146
-76.9043
-77.2095
-76.9043
-76.5991
-77.2095
-77.2095
-77.5146
-77.5146
-78.125
-78.4302
-78.7354
-79.0405
-79.0405
-79.0405
-79.3457
-78.7354
-78.7354
-78.125
-79.0405
-77.2095
-77.8198
-76.5991
-76.5991
-75.9888
-76.2939
-76.2939
-76.2939
-76.5991
-76.5991
-77.2095
-77.2095
-77.5146
-78.4302
-78.125
-79.0405
-78.7354
-78.7354
-78.7354
-77.8198
-78.4302
-76.5991
-77.5146
-76.9043
-77.8198
-76.9043
-78.4302
-77.5146
-78.7354
-79.0405
-79.0405
-78.7354
-77.8198
-78.4302
-77.8198
-78.125
-77.8198
-77.5146
-77.8198
-76.9043
-76.9043
-76.2939
-77.2095
-76.9043
-76.9043
-75.9888
-76.2939
-76.5991
-76.2939
-76.5991
-76.2939
-77.2095
-77.2095
-77.5146
-77.8198
-77.5146
-77.8198
-77.5146
-78.7354
-77.5146
-77.8198
-76.9043
-77.5146
-76.9043
-77.2095
-78.125
-77.2095
-78.125
-77.8198
-77.8198
-77.8198
-77.8198
-78.4302
-78.125
-78.4302
-78.4302
-77.5146
-78.125
-76.5991
-77.8198
-76.9043
-77.5146
-77.2095
-76.2939
-76.2939
-76.9043
-76.9043
-76.2939
-77.8198
-77.5146
-78.4302
-77.8198
-78.7354
-79.3457
-79.9561
-79.9561
-79.6509
-80.2612
-78.7354
-78.7354
-79.0405
-77.8198
-78.7354
-77.5146
-77.8198
-77.5146
-78.4302
-77.5146
-78.4302
-77.8198
-78.7354
-78.7354
-78.4302
-79.6509
-79.0405
-79.6509
-78.4302
-79.3457
-77.8198
-77.8198
-77.5146
-77.5146
-77.5146
-77.2095
-77.5146
-77.5146
-77.5146
-78.4302
-79.0405
-79.9561
-80.2612
-80.2612
-79.3457
-79.3457
-79.3457
-78.4302
-78.125
-78.125
-77.2095
-77.5146
-77.5146
-77.8198
-77.8198
-77.8198
-77.8198
-78.125
-77.8198
-78.7354
-77.8198
-79.0405
-78.4302
-79.0405
-78.4302
-78.125
-77.5146
-77.5146
-77.2095
-77.5146
-77.8198
-77.5146
-77.5146
-77.8198
-77.2095
-78.4302
-77.8198
-78.7354
-77.8198
-79.3457
-79.0405
-79.3457
-79.3457
-78.7354
-79.0405
-78.7354
-79.0405
-78.4302
-78.125
-77.5146
-77.8198
-78.125
-77.2095
-78.7354
-77.8198
-78.4302
-78.125
-78.4302
-78.7354
-79.3457
-79.3457
-78.7354
-79.3457
-79.0405
-79.0405
-79.6509
-78.7354
-79.9561
-78.7354
-78.7354
-78.125
-79.3457
-78.4302
-78.4302
-78.125
-77.8198
-77.8198
-78.7354
-79.3457
-79.6509
-79.0405
-79.3457
-79.6509
-79.9561
-79.3457
-80.2612
-79.9561
-80.5664
-78.7354
-78.125
-78.125
-78.4302
-78.7354
-78.125
-78.7354
-78.7354
-78.7354
-79.3457
-79.3457
-80.2612
-80.5664
-79.6509
-78.125
-78.7354
-78.125
-77.5146
-77.2095
-77.8198
-77.8198
-77.8198
-77.5146
-77.8198
-78.7354
-78.4302
-78.7354
-79.3457
-79.0405
-80.2612
-79.3457
-79.6509
-79.6509
-79.0405
-79.0405
-78.125
-78.7354
-78.4302
-78.4302
-77.2095
-77.2095
-77.8198
-77.5146
-77.8198
-77.5146
-78.7354
-77.8198
-79.3457
-78.4302
-77.8198
-78.125
-78.125
-78.125
-77.5146
-77.5146
-78.125
-77.5146
-78.125
-78.125
-77.8198
-77.2095
-78.4302
-78.4302
-78.4302
-78.4302
-79.0405
-79.0405
-79.6509
-79.9561
-79.9561
-80.2612
-79.3457
-79.6509
-79.6509
-79.6509
-79.9561
-79.0405
-79.6509
-78.4302
-79.3457
-78.7354
-78.7354
-78.4302
-78.4302
-78.7354
-77.8198
-78.125
-78.7354
-78.125
-78.4302
-77.2095
-78.4302
-78.125
-78.7354
-78.125
-78.7354
-79.3457
-79.9561
-79.3457
-79.0405
-79.6509
-78.7354
-79.0405
-78.7354
-79.3457
-79.0405
-78.7354
-79.6509
-79.0405
-80.5664
-79.3457
-79.9561
-79.6509
-79.3457
-79.0405
-77.8198
-77.5146
-77.8198
-78.125
-77.8198
-78.125
-76.9043
-78.125
-78.7354
-78.4302
-78.7354
-78.4302
-78.7354
-78.4302
-78.7354
-78.4302
-78.125
-77.8198
-77.2095
-77.8198
-77.8198
-78.125
-78.4302
-77.8198
-78.4302
-78.7354
-78.7354
-78.7354
-79.3457
-79.6509
-79.3457
-79.6509
-78.7354
-79.3457
-78.125
-79.0405
-77.5146
-78.7354
-76.9043
-78.4302
-77.2095
-76.9043
-78.4302
-77.2095
-78.125
-77.8198
-78.4302
-77.5146
-78.4302
-79.0405
-78.4302
-77.8198
-79.0405
-79.0405
-78.7354
-78.4302
-79.0405
-79.3457
-79.6509
-79.3457
-79.6509
-79.3457
-79.6509
-79.6509
-79.9561
-79.6509
-80.2612
-79.6509
-79.3457
-79.6509
-79.0405
-79.6509
-78.4302
-78.7354
-78.4302
-78.125
-78.125
-78.125
-79.0405
-79.0405
-79.6509
-79.3457
-79.9561
-79.6509
-79.0405
-79.0405
-78.7354
-79.9561
-79.6509
-79.0405
-78.4302
-78.125
-78.4302
-78.4302
-79.3457
-79.9561
-80.2612
-79.6509
-79.6509
-79.0405
-78.7354
-78.7354
-77.5146
-79.0405
-78.4302
-78.4302
-77.8198
-79.3457
-79.0405
-79.0405
-79.3457
-79.0405
-79.0405
-78.4302
-78.125
-77.8198
-77.5146
-77.5146
-77.5146
-77.8198
-77.8198
-79.0405
-78.4302
-78.125
-78.7354
-78.4302
-79.0405
-78.7354
-79.6509
-77.8198
-78.4302
-77.5146
-77.8198
-77.5146
-77.5146
-77.5146
-77.5146
-78.125
-78.4302
-78.125
-79.0405
-78.4302
-78.7354
-78.4302
-79.3457
-78.7354
-79.0405
-78.7354
-78.125
-78.4302
-78.125
-79.0405
-78.125
-78.7354
-78.125
-77.8198
-79.0405
-78.4302
-79.3457
-78.7354
-79.6509
-78.7354
-79.6509
-79.9561
-80.2612
-79.3457
-80.8716
-79.0405
-79.0405
-78.7354
-77.8198
-78.4302
-77.8198
-77.2095
-78.4302
-77.8198
-78.7354
-78.4302
-79.0405
-79.0405
-80.2612
-80.2612
-79.6509
-80.8716
-79.3457
-79.3457
-78.4302
-78.7354
-77.5146
-77.2095
-76.5991
-77.2095
-77.5146
-77.5146
-78.7354
-78.4302
-79.0405
-78.4302
-79.0405
-79.3457
-78.7354
-79.3457
-77.8198
-78.7354
-77.5146
-77.8198
-78.125
-79.0405
-78.125
-77.8198
-78.4302
-78.125
-79.0405
-78.4302
-79.0405
-78.125
-78.125
-78.7354
-78.4302
-78.125
-79.0405
-78.7354
-78.125
-78.7354
-77.2095
-77.8198
-77.2095
-77.2095
-77.5146
-76.9043
-77.2095
-76.2939
-76.5991
-76.9043
-77.2095
-77.8198
-77.2095
-77.5146
-77.8198
-77.8198
-78.125
-78.125
-78.4302
-78.4302
-78.7354
-77.5146
-78.4302
-77.2095
-77.5146
-77.5146
-78.4302
-78.4302
-77.5146
-78.4302
-78.125
-79.3457
-79.3457
-79.6509
-78.7354
-79.6509
-79.3457
-79.3457
-79.0405
-78.7354
-78.7354
-78.125
-78.125
-77.8198
-76.2939
-77.2095
-76.5991
-77.5146
-76.9043
-76.9043
-76.9043
-77.8198
-77.8198
-78.4302
-78.4302
-79.3457
-79.3457
-79.3457
-80.2612
-79.6509
-79.0405
-78.7354
-77.2095
-77.5146
-76.5991
-77.5146
-76.9043
-77.5146
-77.8198
-78.7354
-78.7354
-78.4302
-79.6509
-79.3457
-79.3457
-78.4302
-77.8198
-77.5146
-76.9043
-76.9043
-76.5991
-77.8198
-76.9043
-77.8198
-77.5146
-77.5146
-77.2095
-77.5146
-77.8198
-77.2095
-77.5146
-77.5146
-78.4302
-77.8198
-78.7354
-78.7354
-78.4302
-78.4302
-77.2095
-78.125
-77.2095
-77.5146
-76.5991
-75.9888
-77.2095
-77.2095
-76.9043
-76.5991
-77.8198
-77.2095
-78.125
-77.5146
-77.5146
-77.5146
-76.5991
-76.9043
-75.9888
-77.2095
-76.2939
-76.9043
-75.9888
-76.5991
-76.5991
-75.9888
-77.5146
-77.2095
-77.5146
-77.5146
-76.9043
-77.8198
-77.8198
-79.0405
-78.7354
-78.4302
-78.7354
-77.8198
-78.7354
-78.4302
-79.0405
-78.125
-77.8198
-77.8198
-78.7354
-77.5146
-77.2095
-78.125
-77.2095
-77.2095
-76.9043
-77.2095
-76.9043
-76.9043
-76.5991
-76.9043
-76.9043
-76.5991
-77.2095
-77.2095
-77.5146
-78.4302
-78.125
-77.5146
-77.2095
-77.2095
-76.5991
-78.125
-77.2095
-77.8198
-77.5146
-77.5146
-77.5146
-78.4302
-78.4302
-77.5146
-79.3457
-78.4302
-77.8198
-76.9043
-75.6836
-76.5991
-75.9888
-76.2939
-75.9888
-76.5991
-75.0732
-76.2939
-75.9888
-76.5991
-76.2939
-75.9888
-75.6836
-76.2939
-76.5991
-75.9888
-76.2939
-76.5991
-75.6836
-76.5991
-75.9888
-76.2939
-76.5991
-75.6836
-76.5991
-76.9043
-77.5146
-76.5991
-77.5146
-77.8198
-78.125
-78.125
-77.5146
-77.5146
-76.5991
-76.5991
-76.5991
-75.9888
-75.9888
-76.2939
-74.7681
-75.3784
-75.6836
-75.6836
-75.9888
-75.9888
-75.9888
-76.9043
-76.5991
-76.5991
-75.9888
-76.2939
-75.0732
-76.2939
-75.3784
-75.9888
-74.7681
-75.6836
-75.3784
-76.2939
-76.9043
-76.9043
-77.2095
-77.5146
-77.8198
-78.4302
-78.7354
-78.4302
-78.125
-78.125
-77.8198
-77.5146
-76.9043
-76.2939
-76.2939
-75.9888
-75.3784
-75.9888
-75.3784
-75.0732
-76.2939
-75.9888
-75.6836
-76.5991
-77.2095
-78.4302
-77.5146
-77.8198
-76.5991
-77.5146
-76.5991
-76.2939
-75.6836
-75.3784
-75.9888
-75.9888
-76.5991
-76.5991
-76.5991
-76.9043
-77.5146
-77.8198
-76.9043
-77.8198
-77.2095
-77.5146
-77.5146
-77.5146
-77.2095
-76.5991
-76.9043
-75.9888
-76.5991
-75.9888
-76.2939
-76.5991
-75.6836
-76.5991
-75.9888
-76.5991
-76.9043
-77.2095
-76.5991
-77.2095
-77.2095
-76.9043
-77.8198
-77.5146
-77.8198
-77.5146
-76.9043
-77.2095
-76.9043
-77.2095
-76.5991
-77.2095
-76.9043
-77.2095
-76.9043
-76.9043
-77.5146
-77.5146
-77.8198
-77.5146
-77.8198
-78.125
-77.5146
-77.5146
-77.5146
-77.2095
-76.9043
-75.9888
-75.6836
-76.2939
-75.0732
-75.3784
-75.9888
-75.3784
-75.9888
-75.3784
-75.9888
-75.6836
-76.2939
-76.2939
-76.5991
-77.2095
-76.2939
-76.2939
-75.6836
-76.5991
-77.2095
-78.125
-76.2939
-77.5146
-77.5146
-76.9043
-77.5146
-77.2095
-77.2095
-76.2939
-76.9043
-76.5991
-76.5991
-76.2939
-76.5991
-76.9043
-77.5146
-77.5146
-76.9043
-76.9043
-77.2095
-76.5991
-76.5991
-75.9888
-76.9043
-74.7681
-75.0732
-75.6836
-75.3784
-75.9888
-76.5991
-77.5146
-77.5146
-78.4302
-77.8198
-78.4302
-77.8198
-78.4302
-77.5146
-77.2095
-77.5146
-77.5146
-77.5146
-77.2095
-78.4302
-78.4302
-77.8198
-77.5146
-76.9043
-78.7354
-77.8198
-77.8198
-78.125
-77.5146
-77.2095
-76.5991
-77.2095
-75.9888
-76.9043
-76.2939
-76.5991
-75.9888
-75.9888
-75.6836
-75.9888
-75.6836
-75.9888
-76.5991
-76.5991
-76.2939
-76.5991
-77.2095
-76.9043
-77.8198
-77.8198
-77.8198
-77.2095
-77.5146
-77.2095
-77.5146
-77.5146
-77.8198
-77.5146
-77.5146
-77.8198
-78.7354
-77.8198
-78.125
-78.125
-77.5146
-77.5146
-77.8198
-77.2095
-76.2939
-76.5991
-75.3784
-75.3784
-75.3784
-75.0732
-75.0732
-75.9888
-75.6836
-75.9888
-76.2939
-76.5991
-76.9043
-78.125
-77.2095
-78.7354
-78.125
-78.4302
-77.8198
-76.9043
-77.2095
-76.5991
-77.2095
-75.3784
-76.2939
-76.5991
-76.2939
-76.2939
-77.5146
-77.8198
-77.5146
-78.125
-78.125
-77.5146
-76.2939
-77.2095
-76.9043
-76.2939
-76.5991
-75.6836
-75.3784
-75.9888
-75.3784
-75.9888
-75.3784
-75.9888
-75.6836
-75.9888
-75.6836
-76.5991
-76.2939
-76.5991
-75.9888
-76.5991
-76.9043
-76.9043
-77.2095
-76.5991
-77.2095
-76.2939
-76.5991
-75.9888
-76.2939
-76.5991
-76.2939
-76.2939
-76.2939
-76.2939
-76.9043
-76.5991
-77.2095
-76.9043
-77.2095
-75.9888
-76.5991
-76.5991
-76.5991
-76.9043
-75.9888
-76.5991
-75.0732
-75.9888
-75.0732
-76.5991
-75.0732
-75.3784
-75.3784
-75.9888
-75.6836
-76.2939
-76.9043
-76.9043
-77.5146
-76.9043
-78.125
-77.8198
-78.125
-79.0405
-78.125
-78.125
-76.9043
-76.9043
-76.5991
-77.2095
-76.9043
-76.9043
-77.5146
-75.3784
-77.5146
-76.9043
-76.5991
-76.2939
-76.2939
-76.2939
-76.2939
-77.5146
-75.9888
-76.9043
-76.9043
-77.2095
-78.125
-76.9043
-77.2095
-76.5991
-76.5991
-75.6836
-75.9888
-75.3784
-75.6836
-76.2939
-76.5991
-77.5146
-77.8198
-77.8198
-78.125
-78.4302
-78.4302
-76.9043
-76.5991
-75.3784
-76.2939
-75.3784
-75.9888
-75.9888
-75.6836
-75.9888
-75.9888
-76.2939
-76.2939
-77.2095
-76.5991
-75.9888
-76.2939
-76.9043
-76.2939
-76.5991
-76.2939
-75.9888
-75.6836
-75.0732
-75.9888
-76.5991
-76.2939
-77.2095
-76.5991
-76.9043
-76.5991
-77.5146
-77.2095
-78.125
-77.8198
-77.8198
-78.125
-77.5146
-77.5146
-77.5146
-77.2095
-76.2939
-76.5991
-76.2939
-76.2939
-76.2939
-75.3784
-76.2939
-76.5991
-76.9043
-75.9888
-75.9888
-76.5991
-76.5991
-76.9043
-75.3784
-75.9888
-76.2939
-75.3784
-75.3784
-74.4629
-75.6836
-74.7681
-76.2939
-75.3784
-77.2095
-76.5991
-77.2095
-77.8198
-77.8198
-78.4302
-78.125
-78.4302
-78.4302
-77.8198
-77.5146
-77.2095
-76.5991
-76.2939
-76.5991
-75.0732
-76.2939
-75.3784
-76.2939
-75.9888
-76.5991
-77.2095
-77.5146
-78.125
-77.8198
-77.8198
-76.5991
-76.5991
-75.9888
-75.3784
-76.5991
-75.0732
-75.6836
-75.3784
-76.5991
-76.5991
-77.8198
-77.2095
-77.2095
-77.8198
-76.9043
-77.2095
-76.2939
-76.9043
-78.125
-78.125
-78.125
-78.4302
-78.4302
-77.2095
-78.125
-77.8198
-78.4302
-77.5146
-77.2095
-77.2095
-77.2095
-76.9043
-76.5991
-77.8198
-76.9043
-76.9043
-77.5146
-77.5146
-78.125
-77.8198
-77.8198
-77.2095
-77.2095
-77.8198
-76.9043
-77.5146
-77.2095
-77.2095
-77.2095
-77.2095
-76.9043
-77.5146
-77.2095
-77.2095
-77.8198
-78.4302
-79.0405
-77.8198
-78.4302
-78.4302
-79.0405
-78.125
-78.4302
-78.125
-77.2095
-76.9043
-76.2939
-76.2939
-76.2939
-75.3784
-75.3784
-75.9888
-75.3784
-75.3784
-75.9888
-75.9888
-76.9043
-76.2939
-77.2095
-76.9043
-76.5991
-76.5991
-76.5991
-77.2095
-77.5146
-77.8198
-77.2095
-76.2939
-77.2095
-76.9043
-76.9043
-76.2939
-76.9043
-75.9888
-77.8198
-76.5991
-77.8198
-77.5146
-77.8198
-77.8198
-77.8198
-78.7354
-77.2095
-77.2095
-75.9888
-76.2939
-76.2939
-75.0732
-75.0732
-75.0732
-75.9888
-75.9888
-77.2095
-77.5146
-77.8198
-77.5146
-77.8198
-78.4302
-78.4302
-78.4302
-77.8198
-77.2095
-77.5146
-77.8198
-77.5146
-77.2095
-77.2095
-76.5991
-76.9043
-76.9043
-77.5146
-77.5146
-77.2095
-77.8198
-78.125
-77.8198
-77.5146
-77.5146
-76.5991
-77.2095
-76.5991
-75.9888
-76.2939
-75.6836
-75.9888
-75.9888
-76.2939
-76.5991
-75.9888
-77.2095
-75.9888
-77.2095
-76.2939
-77.2095
-77.8198
-77.5146
-77.2095
-77.5146
-77.8198
-77.2095
-78.7354
-76.9043
-78.7354
-77.8198
-78.125
-77.8198
-77.5146
-78.125
-76.9043
-77.5146
-77.2095
-77.8198
-77.5146
-77.8198
-77.8198
-77.2095
-77.2095
-77.2095
-77.2095
-76.2939
-76.5991
-76.2939
-76.5991
-76.5991
-76.9043
-77.2095
-77.5146
-78.4302
-77.8198
-77.8198
-77.5146
-77.5146
-77.8198
-77.5146
-77.8198
-76.2939
-76.9043
-76.5991
-76.5991
-76.5991
-76.9043
-77.5146
-77.8198
-77.5146
-77.2095
-77.2095
-77.5146
-76.9043
-77.8198
-76.5991
-77.2095
-77.8198
-78.4302
-77.5146
-77.2095
-77.2095
-77.2095
-78.4302
-77.2095
-78.4302
-76.9043
-77.2095
-76.2939
-76.5991
-77.2095
-76.9043
-76.5991
-76.5991
-77.8198
-77.2095
-77.5146
-77.8198
-78.125
-77.5146
-77.2095
-77.2095
-76.2939
-77.2095
-76.9043
-76.9043
-76.5991
-76.2939
-76.5991
-76.9043
-77.2095
-76.5991
-78.4302
-77.2095
-77.8198
-77.5146
-77.2095
-77.2095
-77.5146
-77.8198
-76.5991
-77.2095
-75.6836
-77.2095
-76.5991
-76.9043
-76.5991
-76.2939
-77.5146
-76.9043
-77.2095
-77.5146
-77.8198
-78.7354
-78.7354
-78.4302
-79.3457
-79.3457
-79.3457
-79.0405
-78.4302
-77.5146
-77.5146
-76.5991
-77.2095
-75.9888
-76.9043
-76.5991
-76.9043
-76.2939
-77.2095
-77.5146
-77.8198
-77.5146
-78.125
-78.7354
-79.0405
-78.4302
-78.7354
-77.8198
-77.2095
-76.2939
-76.9043
-76.2939
-76.2939
-76.5991
-75.9888
-76.9043
-76.5991
-77.8198
-78.125
-78.7354
-78.4302
-79.0405
-78.4302
-77.5146
-78.4302
-77.5146
-77.5146
-77.5146
-77.2095
-76.5991
-76.5991
-77.5146
-76.2939
-76.9043
-77.2095
-77.8198
-77.2095
-76.2939
-76.9043
-77.2095
-77.8198
-77.5146
-77.8198
-76.9043
-77.2095
-76.9043
-76.9043
-76.5991
-76.2939
-76.9043
-76.2939
-76.9043
-76.2939
-76.5991
-76.5991
-76.9043
-76.5991
-77.5146
-77.2095
-77.2095
-77.8198
-76.9043
-77.8198
-77.5146
-77.8198
-76.9043
-76.9043
-76.9043
-76.5991
-76.9043
-76.5991
-77.2095
-76.5991
-76.9043
-76.5991
-76.9043
-77.8198
-77.8198
-78.125
-77.5146
-78.4302
-77.8198
-77.5146
-77.2095
-77.8198
-78.4302
-77.2095
-78.4302
-77.2095
-77.8198
-76.9043
-77.5146
-77.2095
-77.2095
-77.2095
-76.5991
-76.9043
-76.9043
-77.2095
-77.5146
-77.8198
-77.5146
-76.9043
-77.5146
-76.9043
-77.5146
-77.5146
-77.5146
-77.8198
-77.8198
-76.5991
-76.5991
-77.5146
-76.2939
-77.5146
-77.2095
-77.5146
-77.5146
-77.8198
-78.125
-78.4302
-78.125
-78.125
-77.8198
-76.9043
-76.9043
-76.5991
-76.2939
-76.5991
-76.2939
-76.2939
-76.2939
-76.5991
-76.5991
-76.9043
-77.5146
-77.2095
-77.5146
-76.9043
-77.5146
-77.2095
-78.125
-77.2095
-76.9043
-76.5991
-76.9043
-77.2095
-76.2939
-76.5991
-77.2095
-77.5146
-76.9043
-77.8198
-77.2095
-77.5146
-76.9043
-77.5146
-77.5146
-77.2095
-77.2095
-76.5991
-76.5991
-76.9043
-77.2095
-76.9043
-76.5991
-76.2939
-76.5991
-76.2939
-77.2095
-76.5991
-77.5146
-76.5991
-78.125
-77.5146
-77.5146
-77.2095
-77.5146
-77.2095
-76.5991
-76.9043
-76.2939
-75.9888
-75.6836
-75.0732
-76.5991
-75.9888
-76.5991
-77.2095
-77.5146
-77.5146
-78.4302
-78.4302
-78.125
-78.4302
-77.8198
-77.5146
-76.9043
-76.9043
-76.9043
-76.2939
-76.5991
-75.3784
