-75.6836
-53.7109
-40.2832
-32.959
-27.771
-23.4985
-19.5313
-14.6484
-10.0708
-5.49316
-0.915527
-5.18799
9.76563
32.0435
42.1143
45.166
45.4712
44.8608
44.8608
43.9453
42.1143
42.1143
42.1143
41.8091
41.1987
41.1987
41.1987
40.5884
40.5884
40.2832
40.8936
39.978
40.2832
39.3677
39.6729
38.7573
38.4521
37.5366
37.2314
36.9263
36.3159
35.4004
35.4004
33.5693
32.6538
31.7383
32.0435
31.4331
31.7383
31.7383
31.4331
32.6538
32.959
31.7383
32.0435
31.7383
32.6538
31.4331
31.4331
30.8228
29.6021
29.6021
29.6021
29.6021
28.3813
28.6865
26.8555
28.0762
28.0762
28.3813
28.6865
28.3813
29.2969
28.0762
28.6865
27.4658
28.0762
27.771
26.5503
26.2451
24.4141
25.3296
23.1934
24.4141
23.8037
25.0244
24.4141
25.0244
25.6348
25.6348
25.9399
25.9399
24.7192
24.7192
24.4141
23.8037
23.1934
24.1089
23.1934
23.8037
23.4985
24.4141
23.8037
23.8037
23.8037
23.1934
23.4985
23.1934
23.1934
21.9727
22.2778
22.2778
22.583
23.1934
22.583
22.583
22.2778
22.583
22.2778
21.3623
21.0571
20.752
21.0571
20.752
21.3623
20.752
21.3623
20.752
21.3623
20.752
21.3623
21.0571
20.1416
20.4468
20.752
21.0571
20.1416
19.5313
19.8364
19.2261
18.9209
19.2261
19.2261
19.5313
18.9209
18.6157
17.7002
18.6157
18.9209
18.6157
18.3105
18.3105
18.3105
17.395
17.0898
16.1743
16.7847
15.8691
15.2588
14.9536
14.9536
14.9536
15.2588
15.8691
14.9536
16.4795
15.564
16.7847
16.1743
16.4795
16.1743
16.1743
16.4795
16.1743
15.564
16.1743
14.9536
15.564
14.0381
14.9536
14.9536
14.9536
14.9536
14.3433
14.6484
14.9536
14.9536
14.3433
14.9536
14.0381
14.3433
13.4277
13.1226
12.8174
12.5122
11.9019
10.0708
10.376
10.6812
10.6812
10.6812
11.2915
11.9019
11.9019
12.8174
12.207
11.9019
11.9019
12.5122
12.207
11.5967
12.207
10.6812
10.9863
10.0708
10.0708
10.9863
9.15527
9.46045
9.76563
10.0708
9.46045
9.76563
9.46045
9.46045
9.15527
8.23975
8.8501
7.01904
7.32422
6.40869
7.01904
6.10352
6.40869
5.79834
5.79834
7.01904
7.01904
6.71387
7.01904
7.01904
7.62939
6.71387
7.32422
7.93457
8.23975
6.10352
7.01904
5.79834
6.10352
5.49316
5.18799
4.88281
3.96729
3.35693
3.05176
2.44141
2.74658
2.74658
2.74658
2.13623
2.74658
2.13623
2.13623
1.52588
1.2207
1.52588
1.2207
1.2207
0.610352
0.305176
0
-0.305176
-0.305176
-0.610352
0.305176
-1.2207
-0.915527
-1.2207
-0.610352
-1.2207
-0.305176
-1.2207
-0.915527
-0.305176
-1.52588
-1.2207
-0.915527
-0.915527
-1.52588
-2.13623
-2.13623
-3.05176
-3.05176
-3.35693
-3.35693
-3.05176
-3.35693
-3.05176
-3.66211
-3.05176
-3.66211
-2.44141
-3.96729
-4.27246
-4.57764
-5.18799
-5.79834
-5.79834
-6.10352
-7.32422
-7.01904
-7.01904
-7.32422
-7.01904
-7.32422
-6.40869
-7.01904
-7.62939
-7.32422
-6.71387
-6.40869
-7.01904
-6.40869
-7.32422
-6.71387
-7.62939
-7.62939
-8.54492
-8.8501
-9.76563
-10.0708
-9.76563
-10.9863
-10.6812
-11.5967
-12.207
-11.5967
-11.2915
-11.2915
-11.5967
-10.9863
-11.2915
-10.9863
-11.2915
-11.2915
-11.2915
-11.9019
-11.9019
-12.8174
-12.207
-12.5122
-12.8174
-12.5122
-12.8174
-12.5122
-13.1226
-12.207
-13.1226
-12.8174
-13.1226
-13.4277
-13.4277
-13.4277
-14.3433
-14.9536
-14.9536
-16.1743
-16.1743
-16.1743
-16.7847
-15.8691
-16.4795
-16.7847
-17.395
-16.7847
-16.7847
-16.1743
-17.0898
-17.0898
-15.8691
-17.7002
-17.395
-17.7002
-18.6157
-19.5313
-18.3105
-18.9209
-18.3105
-18.3105
-19.2261
-18.6157
-19.2261
-17.7002
-17.7002
-18.9209
-18.6157
-18.6157
-18.6157
-19.5313
-18.9209
-19.5313
-20.1416
-20.4468
-21.9727
-21.3623
-22.8882
-22.8882
-23.8037
-23.4985
-23.8037
-23.8037
-22.8882
-23.4985
-22.583
-23.1934
-23.1934
-23.1934
-24.7192
-24.4141
-24.7192
-24.7192
-25.0244
-24.4141
-23.8037
-24.4141
-23.4985
-23.8037
-23.8037
-23.8037
-23.4985
-23.8037
-24.7192
-24.7192
-25.0244
-24.7192
-25.9399
-25.0244
-25.9399
-26.5503
-26.8555
-27.1606
-27.1606
-27.4658
-27.4658
-28.0762
-28.3813
-28.0762
-28.0762
-27.4658
-27.771
-26.8555
-27.771
-27.4658
-27.1606
-26.8555
-25.9399
-27.1606
-27.771
-28.3813
-27.771
-29.2969
-28.6865
-29.2969
-29.2969
-28.9917
-29.6021
-28.3813
-29.6021
-28.6865
-29.6021
-29.6021
-29.6021
-29.9072
-29.6021
-29.9072
-29.9072
-30.2124
-29.9072
-31.1279
-31.1279
-30.8228
-31.4331
-31.4331
-32.3486
-31.1279
-32.6538
-32.6538
-32.3486
-32.6538
-32.3486
-32.6538
-32.3486
-32.6538
-32.3486
-33.2642
-33.5693
-34.1797
-34.79
-34.79
-35.4004
-35.0952
-35.7056
-35.0952
-35.0952
-34.1797
-33.5693
-34.4849
-34.1797
-34.1797
-34.1797
-33.8745
-34.1797
-34.1797
-34.1797
-34.4849
-35.4004
-35.4004
-35.7056
-35.4004
-36.6211
-36.0107
-37.2314
-37.2314
-37.5366
-37.8418
-37.2314
-38.147
-37.8418
-37.8418
-38.4521
-38.147
-38.147
-37.2314
-38.7573
-37.2314
-37.8418
-37.5366
-38.147
-38.4521
-38.147
-37.5366
-37.8418
-38.7573
-38.4521
-39.0625
-38.4521
-38.4521
-39.0625
-38.147
-39.0625
-38.7573
-39.978
-39.0625
-39.978
-39.0625
-40.2832
-40.8936
-40.8936
-41.8091
-41.5039
-42.1143
-41.8091
-42.1143
-41.8091
-41.8091
-41.5039
-41.5039
-41.5039
-40.5884
-40.5884
-41.5039
-41.8091
-41.5039
-41.5039
-42.7246
-41.8091
-42.7246
-42.1143
-43.0298
-43.0298
-42.4194
-42.7246
-42.1143
-43.0298
-42.1143
-43.0298
-42.7246
-43.6401
-43.0298
-43.6401
-44.2505
-44.5557
-45.166
-45.166
-45.4712
-46.9971
-46.6919
-46.9971
-46.0815
-46.9971
-46.0815
-46.0815
-45.7764
-45.166
-45.4712
-45.4712
-44.5557
-45.166
-45.166
-45.166
-45.7764
-45.7764
-45.4712
-46.9971
-46.6919
-47.9126
-47.6074
-48.2178
-46.6919
-47.6074
-46.6919
-46.6919
-47.3022
-46.6919
-46.6919
-46.6919
-46.9971
-47.3022
-46.9971
-48.8281
-47.6074
-48.2178
-48.8281
-49.1333
-50.354
-49.7437
-51.2695
-50.0488
-50.6592
-50.354
-51.2695
-50.6592
-51.2695
-50.354
-50.354
-50.354
-50.6592
-50.354
-50.0488
-50.354
-50.9644
-51.5747
-51.2695
-51.2695
-51.8799
-51.5747
-53.1006
-51.8799
-51.8799
-51.8799
-52.1851
-51.8799
-51.8799
-52.7954
-52.1851
-52.4902
-52.4902
-53.1006
-53.7109
-54.3213
-54.6265
-54.9316
-54.9316
-55.2368
-54.6265
-54.6265
-54.6265
-54.6265
-54.3213
-54.3213
-53.1006
-53.7109
-52.7954
-53.4058
-52.7954
-52.7954
-52.7954
-53.1006
-53.7109
-53.7109
-54.3213
-55.2368
-53.7109
-55.8472
-55.542
-56.7627
-56.1523
-55.8472
-56.4575
-57.0679
-56.4575
-55.8472
-56.1523
-55.8472
-55.542
-55.8472
-56.1523
-55.8472
-56.4575
-56.4575
-56.4575
-56.7627
-57.373
-57.373
-57.373
-57.9834
-57.9834
-57.6782
-57.373
-56.1523
-57.0679
-56.4575
-57.0679
-56.4575
-56.7627
-56.7627
-56.7627
-57.0679
-57.0679
-57.9834
-57.9834
-58.2886
-58.8989
-58.2886
-58.2886
-58.8989
-58.8989
-59.2041
-58.2886
-58.8989
-59.2041
-59.2041
-58.8989
-59.5093
-59.5093
-60.1196
-59.8145
-60.1196
-60.73
-60.1196
-61.0352
-60.4248
-61.0352
-60.4248
-61.0352
-60.1196
-59.5093
-59.5093
-59.5093
-59.8145
-59.2041
-59.8145
-60.1196
-60.4248
-59.8145
-59.8145
-59.8145
-60.1196
-61.3403
-60.73
-61.6455
-61.6455
-61.9507
-61.3403
-61.6455
-60.73
-60.73
-61.9507
-61.3403
-62.2559
-61.6455
-62.561
-63.7817
-63.1714
-62.8662
-63.7817
-63.7817
-63.7817
-63.7817
-62.8662
-63.4766
-62.8662
-61.6455
-62.561
-62.561
-62.2559
-61.9507
-62.2559
-62.8662
-62.561
-64.0869
-62.561
-64.3921
-64.0869
-63.7817
-63.7817
-63.7817
-64.0869
-64.3921
-64.6973
-64.0869
-64.3921
-63.7817
-64.0869
-64.3921
-62.8662
-63.7817
-63.7817
-64.0869
-64.0869
-64.0869
-64.0869
-64.3921
-65.0024
-64.6973
-65.6128
-64.3921
-65.0024
-65.0024
-63.4766
-65.3076
-64.3921
-65.0024
-64.0869
-64.6973
-63.7817
-64.6973
-63.4766
-65.3076
-64.6973
-64.6973
-65.3076
-64.6973
-65.6128
-65.918
-66.2231
-66.8335
-66.2231
-66.8335
-65.918
-66.5283
-66.2231
-65.6128
-65.918
-65.918
-65.3076
-65.6128
-65.6128
-65.918
-66.2231
-66.5283
-66.8335
-67.1387
-66.8335
-66.8335
-66.2231
-67.749
-67.749
-67.1387
-66.8335
-67.4438
-67.1387
-67.4438
-67.749
-67.749
-68.3594
-68.3594
-67.749
-67.749
-68.3594
-68.3594
-68.0542
-68.3594
-68.3594
-68.9697
-67.4438
-68.6646
-68.3594
-68.3594
-68.3594
-68.0542
-69.2749
-68.9697
-68.9697
-68.3594
-68.6646
-68.9697
-68.9697
-68.6646
-68.3594
-68.6646
-68.3594
-68.6646
-68.3594
-68.9697
-68.9697
-69.2749
-69.5801
-70.1904
-70.1904
-68.9697
-68.9697
-68.9697
-68.3594
-68.3594
-68.0542
-68.3594
-68.3594
-68.6646
-68.3594
-68.6646
-69.2749
-69.8853
-70.1904
-69.8853
-70.1904
-70.1904
-70.1904
-69.8853
-69.5801
-69.2749
-69.2749
-69.2749
-68.9697
-69.2749
-69.5801
-69.8853
-70.4956
-70.4956
-71.106
-70.4956
-70.1904
-70.4956
-70.1904
-70.4956
-69.8853
-70.4956
-69.5801
-69.8853
-69.8853
-69.8853
-70.4956
-69.5801
-70.4956
-68.9697
-70.8008
-69.2749
-70.8008
-70.4956
-71.106
-70.4956
-70.4956
-71.106
-70.4956
-71.106
-70.8008
-70.4956
-71.106
-69.8853
-71.106
-70.4956
-70.8008
-71.106
-71.106
-71.4111
-71.4111
-72.0215
-72.0215
-72.3267
-71.7163
-72.0215
-71.106
-71.106
-69.8853
-69.8853
-70.1904
-70.1904
-69.8853
-71.106
-70.1904
-71.4111
-71.106
-72.3267
-72.3267
-72.6318
-73.2422
-72.3267
-72.3267
-71.106
-72.6318
-71.4111
-72.6318
-71.7163
-71.7163
-72.3267
-72.0215
-72.937
-72.6318
-73.5474
-71.7163
-72.3267
-71.106
-70.8008
-71.106
-71.4111
-71.7163
-71.7163
-72.0215
-71.4111
-72.0215
-71.4111
-71.4111
-71.4111
-71.4111
-71.7163
-70.8008
-72.0215
-70.4956
-71.4111
-71.4111
-71.4111
-72.0215
-72.0215
-73.2422
-72.3267
-72.937
-73.2422
-73.2422
-72.937
-72.937
-73.2422
-72.3267
-72.3267
-72.6318
-71.7163
-71.7163
-71.4111
-72.0215
-71.4111
-72.3267
-71.4111
-71.7163
-71.7163
-71.7163
-72.937
-72.6318
-72.937
-72.6318
-73.5474
-72.6318
-72.937
-72.3267
-71.7163
-73.2422
-72.3267
-73.5474
-72.6318
-73.5474
-73.5474
-74.1577
-74.1577
-75.3784
-75.0732
-74.7681
-74.7681
-73.8525
-73.8525
-74.1577
-73.8525
-73.8525
-73.2422
-73.5474
-72.0215
-72.6318
-72.3267
-72.6318
-72.6318
-72.937
-73.5474
-73.5474
-74.7681
-74.1577
-74.1577
-73.5474
-74.1577
-73.8525
-72.937
-72.937
-72.937
-73.8525
-74.4629
-73.2422
-73.5474
-74.1577
-74.4629
-73.8525
-74.1577
-73.8525
-73.8525
-73.5474
-72.6318
-74.1577
-74.1577
-74.7681
-74.1577
-74.4629
-73.8525
-74.1577
-74.1577
-74.1577
-72.937
-73.5474
-73.5474
-74.1577
-72.6318
-72.6318
-72.937
-73.2422
-73.5474
-72.937
-72.6318
-73.8525
-73.5474
-74.4629
-74.4629
-74.4629
-73.5474
-72.937
-72.937
-72.937
-73.5474
-73.2422
-72.937
-73.5474
-72.937
-73.8525
-72.937
-74.4629
-74.7681
-74.1577
-74.7681
-74.7681
-74.1577
-74.7681
-74.7681
-74.7681
-74.1577
-74.4629
-74.1577
-75.3784
-73.5474
-75.0732
-74.1577
-74.4629
-74.1577
-73.5474
-74.1577
-72.937
-73.8525
-73.5474
-74.4629
-74.4629
-73.8525
-74.4629
-73.8525
-75.0732
-73.5474
-73.8525
-73.8525
-74.1577
-74.1577
-74.1577
-74.7681
-74.4629
-75.0732
-74.7681
-75.0732
-74.7681
-74.4629
-75.0732
-73.8525
-74.7681
-73.8525
-74.4629
-73.5474
-73.8525
-73.5474
-75.0732
-74.4629
-74.7681
-74.1577
-73.5474
-73.5474
-72.937
-73.8525
-73.8525
-74.1577
-74.4629
-74.4629
-76.2939
-75.9888
-76.5991
-75.9888
-76.2939
-75.9888
-75.0732
-75.0732
-74.7681
-75.0732
-75.0732
-75.3784
-75.0732
-75.0732
-75.9888
-75.3784
-75.9888
-75.9888
-76.9043
-75.6836
-75.6836
-75.9888
-75.9888
-75.3784
-75.9888
-75.6836
-75.3784
-74.7681
-75.3784
-74.7681
-75.3784
-75.0732
-75.3784
-74.7681
-75.0732
-75.3784
-75.9888
-75.9888
-76.2939
-76.9043
-75.6836
-75.9888
-75.0732
-75.6836
-75.9888
-75.0732
-75.6836
-74.7681
-75.3784
-74.4629
-75.3784
-75.0732
-75.6836
-74.7681
-74.4629
-75.3784
-75.0732
-75.0732
-75.3784
-75.3784
-75.3784
-75.3784
-75.9888
-75.6836
-75.9888
-75.3784
-76.2939
-75.3784
-74.7681
-74.7681
-74.4629
-75.3784
-74.7681
-75.6836
-74.1577
-74.7681
-75.6836
-75.3784
-76.2939
-76.5991
-77.2095
-76.9043
-77.2095
-76.5991
-76.2939
-75.3784
-75.3784
-75.3784
-74.7681
-75.0732
-75.0732
-75.0732
-75.9888
-76.5991
-77.5146
-76.2939
-76.5991
-75.0732
-75.9888
-74.7681
-74.7681
-74.7681
-73.8525
-74.7681
-74.4629
-74.1577
-75.3784
-73.8525
-75.3784
-75.3784
-75.9888
-75.9888
-75.9888
-75.9888
-75.9888
-75.6836
-76.5991
-76.9043
-75.9888
-75.9888
-74.7681
-75.6836
-74.1577
-74.7681
-75.0732
-74.1577
-75.3784
-74.7681
-75.3784
-75.0732
-75.6836
-75.9888
-75.9888
-75.9888
-76.2939
-75.9888
-75.3784
-75.0732
-75.6836
-75.6836
-75.9888
-75.3784
-75.9888
-75.3784
-75.9888
-75.6836
-76.2939
-76.5991
-76.9043
-77.8198
-76.9043
-77.2095
-77.2095
-76.5991
-76.9043
-76.5991
-76.5991
-75.9888
-75.9888
-75.6836
-75.3784
-74.7681
-75.3784
-74.1577
-75.0732
-75.0732
-75.9888
-75.9888
-75.9888
-76.9043
-77.2095
-77.2095
-77.5146
-76.2939
-77.2095
-75.3784
-76.2939
-75.0732
-75.6836
-75.0732
-74.7681
-74.4629
-74.7681
-75.0732
-75.9888
-76.9043
-76.2939
-77.5146
-76.9043
-77.5146
-76.9043
-76.5991
-76.5991
-76.2939
-76.2939
-76.5991
-76.2939
-76.2939
-77.2095
-77.5146
-76.2939
-76.2939
-75.9888
-75.3784
-75.0732
-75.3784
-76.9043
-75.6836
-75.9888
-75.9888
-76.2939
-75.0732
-75.3784
-75.9888
-75.0732
-75.6836
-74.4629
-75.3784
-75.3784
-75.9888
-75.0732
-75.3784
-75.3784
-75.3784
-76.2939
-75.9888
-76.2939
-76.5991
-76.5991
-76.9043
-76.9043
-76.9043
-76.9043
-77.2095
-75.3784
-76.5991
-75.3784
-75.6836
-75.0732
-75.0732
-75.9888
-74.4629
-75.0732
-75.3784
-75.3784
-75.9888
-76.2939
-75.9888
-75.9888
-76.2939
-75.9888
-76.2939
-76.2939
-76.9043
-76.9043
-76.2939
-77.2095
-76.5991
-77.2095
-76.2939
-76.9043
-76.5991
-76.9043
-76.2939
-75.9888
-77.2095
-76.2939
-77.5146
-76.2939
-76.2939
-76.2939
-76.5991
-76.2939
-76.2939
-76.2939
-76.9043
-76.5991
-76.9043
-76.9043
-76.2939
-75.9888
-75.6836
-75.9888
-76.2939
-75.9888
-76.2939
-75.6836
-75.6836
-76.5991
-76.9043
-77.5146
-77.2095
-77.8198
-75.9888
-76.2939
-75.0732
-75.3784
-75.6836
-75.0732
-76.5991
-76.5991
-77.2095
-76.5991
-78.4302
-77.8198
-78.7354
-78.7354
-77.8198
-77.2095
-77.8198
-76.9043
-77.5146
-77.2095
-77.5146
-76.2939
-76.9043
-75.9888
-77.2095
-77.2095
-77.2095
-77.5146
-76.9043
-77.2095
-77.2095
-77.8198
-77.8198
-78.4302
-77.5146
-77.8198
-77.8198
-77.5146
-77.2095
-76.9043
-77.2095
-77.2095
-77.8198
-77.8198
-77.2095
-77.8198
-77.2095
-77.2095
-77.8198
-77.8198
-77.5146
-77.5146
-78.125
-77.2095
-77.5146
-76.2939
-76.5991
-76.2939
-75.6836
-75.0732
-75.3784
-76.2939
-75.3784
-76.2939
-75.0732
-76.5991
-76.5991
-76.9043
-76.9043
-77.8198
-78.4302
-78.4302
-79.3457
-78.125
-77.5146
-77.5146
-76.9043
-76.5991
-76.2939
-76.5991
-76.9043
-75.9888
-76.5991
-76.5991
-77.5146
-76.9043
-78.4302
-78.125
-78.7354
-79.0405
-78.7354
-78.125
-76.5991
-77.2095
-75.9888
-76.9043
-75.9888
-75.6836
-76.2939
-75.9888
-76.9043
-77.2095
-78.4302
-77.2095
-77.2095
-77.2095
-76.2939
-77.5146
-77.2095
-77.5146
-77.5146
-77.8198
-77.2095
-76.9043
-76.5991
-76.5991
-77.8198
-77.8198
-77.8198
-77.5146
-77.5146
-77.5146
-76.9043
-77.5146
-77.8198
-77.8198
-77.2095
-77.8198
-77.5146
-77.2095
-77.5146
-76.5991
-77.2095
-75.9888
-76.9043
-75.3784
-76.5991
-75.9888
-76.5991
-76.9043
-76.9043
-76.5991
-76.2939
-76.5991
-77.5146
-77.8198
-78.7354
-78.125
-78.7354
-77.8198
-78.7354
-78.4302
-78.4302
-77.8198
-78.7354
-78.4302
-78.125
-78.4302
-78.125
-78.7354
-78.7354
-78.125
-78.125
-77.8198
-78.125
-77.5146
-77.8198
-76.9043
-77.2095
-76.2939
-76.5991
-76.9043
-76.5991
-76.5991
-77.2095
-77.2095
-76.9043
-77.5146
-77.2095
-77.5146
-77.8198
-77.5146
-77.8198
-76.9043
-77.2095
-77.2095
-77.8198
-77.8198
-77.8198
-78.125
-77.2095
-77.8198
-77.8198
-77.8198
-78.4302
-78.4302
-77.5146
-76.9043
-78.125
-76.5991
-78.4302
-77.8198
-77.8198
-78.4302
-78.7354
-79.3457
-78.4302
-78.4302
-77.5146
-77.2095
-76.9043
-76.5991
-76.9043
-75.6836
-76.9043
-76.2939
-76.9043
-76.2939
-76.5991
-76.5991
-76.5991
-77.2095
-77.8198
-77.5146
-77.8198
-78.125
-77.2095
-77.2095
-77.5146
-76.5991
-76.9043
-75.9888
-76.9043
-76.5991
-76.9043
-76.5991
-77.2095
-77.2095
-77.2095
-77.5146
-77.5146
-77.2095
-77.2095
-77.2095
-76.2939
-77.2095
-77.2095
-76.2939
-76.2939
-76.2939
-76.2939
-76.5991
-76.5991
-76.2939
-76.9043
-76.9043
-77.2095
-77.5146
-78.4302
-78.4302
-79.0405
-79.0405
-79.9561
-79.3457
-79.0405
-78.7354
-77.8198
-77.2095
-76.9043
-77.2095
-76.9043
-76.9043
-76.2939
-76.9043
-77.2095
-77.5146
-77.5146
-77.5146
-78.4302
-77.8198
-77.8198
-78.125
-79.0405
-77.8198
-78.4302
-77.2095
-77.2095
-76.2939
-75.9888
-76.2939
-75.6836
-76.5991
-76.5991
-77.2095
-77.5146
-78.4302
-78.4302
-79.0405
-79.3457
-77.8198
-78.7354
-77.8198
-77.5146
-77.2095
-75.9888
-77.2095
-77.8198
-78.4302
-77.8198
-77.5146
-77.2095
-76.2939
-78.125
-77.5146
-77.8198
-76.5991
-77.8198
-77.2095
-78.125
-77.2095
-77.2095
-77.2095
-77.5146
-77.2095
-76.5991
-77.8198
-77.2095
-77.8198
-77.2095
-77.2095
-77.5146
-76.9043
-77.5146
-78.125
-77.8198
-78.4302
-78.7354
-78.4302
-78.4302
-79.0405
-77.5146
-78.125
-77.5146
-77.8198
-76.9043
-76.9043
-75.9888
-76.2939
-76.2939
-75.9888
-77.2095
-75.0732
-76.9043
-76.2939
-75.9888
-76.9043
-77.2095
-76.2939
-75.9888
-76.9043
-75.9888
-76.5991
-76.5991
-76.2939
-77.2095
-76.9043
-77.8198
-78.4302
-78.125
-78.4302
-78.125
-78.4302
-77.8198
-78.7354
-77.2095
-78.125
-77.8198
-77.5146
-77.2095
-77.2095
-76.5991
-76.2939
-76.2939
-75.9888
-77.2095
-77.2095
-78.125
-77.8198
-77.2095
-77.5146
-77.5146
-77.2095
-76.9043
-77.2095
-76.9043
-76.9043
-77.2095
-76.9043
-78.4302
-78.125
-79.0405
-76.9043
-77.5146
-76.2939
-76.9043
-75.9888
-76.5991
-77.5146
-76.2939
-77.8198
-77.8198
-79.3457
-78.4302
-79.6509
-79.3457
-79.3457
-78.4302
-79.0405
-79.0405
-78.7354
-78.7354
-78.125
-78.4302
-77.8198
-77.8198
-77.8198
-77.8198
-78.125
-77.8198
-78.4302
-78.125
-79.0405
-79.0405
-78.4302
-78.7354
-77.8198
-78.4302
-78.125
-78.4302
-78.125
-78.7354
-78.4302
-77.5146
-78.4302
-78.4302
-79.0405
-78.125
-78.7354
-79.0405
-78.7354
-79.3457
-79.0405
-79.0405
-79.0405
-78.4302
-78.4302
-77.2095
-77.5146
-75.9888
-77.2095
-75.9888
-76.5991
-76.2939
-76.2939
-75.9888
-76.5991
-77.2095
-76.9043
-78.125
-77.8198
-78.7354
-79.0405
-78.4302
-78.4302
-78.125
-78.4302
-77.2095
-77.5146
-75.9888
-76.9043
-76.5991
-76.5991
-76.9043
-76.9043
-77.2095
-77.2095
-77.5146
-78.7354
-79.3457
-79.6509
-79.0405
-78.7354
-77.5146
-77.5146
-76.5991
-76.9043
-76.2939
-75.9888
-76.2939
-76.5991
-77.2095
-77.2095
-78.125
-77.8198
-77.5146
-77.5146
-76.9043
-77.5146
-76.5991
-78.7354
-77.8198
-78.4302
-76.9043
-77.5146
-77.5146
-76.9043
-77.8198
-77.8198
-77.5146
-77.2095
-77.2095
-77.5146
-77.2095
-78.7354
-77.5146
-78.7354
-77.5146
-78.4302
-77.5146
-78.4302
-77.5146
-77.5146
-77.2095
-76.9043
-77.5146
-76.2939
-76.9043
-76.9043
-76.9043
-76.2939
-75.9888
-76.9043
-77.2095
-77.5146
-76.5991
-77.8198
-78.4302
-79.0405
-78.7354
-79.3457
-78.7354
-79.0405
-79.3457
-78.4302
-78.7354
-78.4302
-78.125
-78.7354
-78.125
-79.0405
-78.4302
-78.7354
-77.5146
-78.7354
-77.5146
-79.0405
-78.125
-77.8198
-77.5146
-77.2095
-76.9043
-76.9043
-76.5991
-77.2095
-77.2095
-77.5146
-76.5991
-78.125
-77.8198
-79.3457
-78.4302
-78.4302
-78.125
-77.5146
-78.125
-77.8198
-78.7354
-78.125
-77.5146
-78.4302
-78.4302
-78.7354
-78.7354
-79.0405
-79.0405
-79.0405
-78.4302
-78.7354
-77.5146
-77.8198
-77.8198
-78.125
-79.0405
-78.125
-79.0405
-79.3457
-79.3457
-79.6509
-78.4302
-77.8198
-77.8198
-77.2095
-77.2095
-76.9043
-76.5991
-76.5991
-76.2939
-75.9888
-77.2095
-77.2095
-77.5146
-76.9043
-77.8198
-78.4302
-77.8198
-78.4302
-77.2095
-77.8198
-77.2095
-77.2095
-77.8198
-77.2095
-77.8198
-77.2095
-77.5146
-77.8198
-77.5146
-77.8198
-78.125
-78.125
-77.2095
-78.125
-77.5146
-77.8198
-77.5146
-77.2095
-76.9043
-76.9043
-77.5146
-76.5991
-77.5146
-76.5991
-77.2095
-76.5991
-76.5991
-76.9043
-77.2095
-78.4302
-77.8198
-78.7354
-78.4302
-79.9561
-79.3457
-79.9561
-79.9561
-79.3457
-78.4302
-77.8198
-78.125
-77.2095
-77.5146
-76.9043
-77.5146
-77.5146
-77.5146
-77.5146
-76.9043
-78.7354
-78.4302
-79.0405
-79.0405
-79.0405
-79.0405
-78.7354
-78.7354
-77.2095
-77.8198
-76.5991
-76.5991
-76.5991
-75.9888
-75.9888
-76.5991
-77.5146
-77.8198
-77.8198
-78.4302
-78.125
-79.3457
-78.4302
-78.7354
-77.5146
-77.8198
-77.8198
-77.8198
-77.8198
-78.4302
-78.7354
-78.4302
-78.7354
-78.125
-78.4302
-78.4302
-77.8198
-77.8198
-78.125
-78.4302
-78.4302
-78.4302
-78.125
-77.8198
-78.4302
-77.5146
-77.8198
-77.2095
-77.8198
-77.5146
-78.125
-77.2095
-77.5146
-78.125
-77.2095
-78.7354
-78.4302
-78.125
-78.4302
-79.3457
-78.7354
-78.7354
-79.0405
-78.7354
-79.0405
-78.4302
-77.5146
-77.5146
-77.2095
-77.8198
-77.5146
-77.5146
-77.2095
-76.2939
-76.9043
-77.2095
-77.8198
-77.2095
-77.5146
-77.2095
-76.9043
-77.5146
-76.5991
-76.5991
-77.2095
-77.5146
-77.2095
-78.125
-77.2095
-78.125
-78.4302
-77.8198
-77.8198
-78.4302
-78.7354
-77.8198
-78.125
-79.0405
-77.8198
-78.7354
-77.8198
-77.8198
-77.2095
-77.8198
-76.5991
-77.5146
-77.2095
-77.2095
-78.7354
-77.8198
-79.0405
-77.5146
-77.8198
-76.9043
-78.4302
-76.9043
-77.5146
-77.2095
-76.5991
-77.5146
-77.2095
-78.4302
-78.125
-78.4302
-77.8198
-77.8198
-77.2095
-76.5991
-77.5146
-76.9043
-76.5991
-77.2095
-77.5146
-78.125
-77.8198
-79.6509
-79.3457
-79.9561
-79.3457
-79.9561
-79.3457
-79.3457
-79.0405
-79.0405
-78.7354
-78.4302
-77.8198
-77.8198
-78.4302
-77.8198
-77.8198
-77.8198
-77.5146
-78.125
-77.5146
-78.7354
-77.8198
-78.125
-78.4302
-77.8198
-78.4302
-77.5146
-78.4302
-78.4302
-77.8198
-77.5146
-78.4302
-78.125
-77.5146
-79.0405
-78.7354
-79.0405
-79.0405
-79.6509
-78.7354
-79.6509
-79.0405
-78.4302
-78.125
-78.4302
-77.2095
-77.5146
-77.2095
-76.9043
-76.5991
-76.2939
-76.5991
-77.5146
-75.6836
-76.2939
-77.2095
-77.2095
-77.5146
-77.8198
-77.8198
-78.7354
-79.0405
-78.7354
-78.7354
-78.4302
-77.5146
-77.2095
-76.5991
-77.2095
-76.9043
-76.9043
-76.2939
-76.9043
-77.2095
-77.5146
-78.125
-78.7354
-79.6509
-79.9561
-79.3457
-78.7354
-78.125
-78.4302
-77.5146
-77.5146
-76.5991
-77.2095
-75.6836
-76.9043
-77.8198
-77.8198
-79.0405
-76.9043
-78.125
-76.2939
-77.2095
-77.8198
-77.5146
-78.125
-77.2095
-77.2095
-77.2095
-77.2095
-76.5991
-77.5146
-76.9043
-77.2095
-77.2095
-76.5991
-76.9043
-76.5991
-77.8198
-78.125
-78.125
-79.0405
-77.8198
-78.4302
-78.125
-78.7354
-78.125
-79.0405
-78.4302
-78.4302
-78.4302
-78.4302
-78.4302
-77.8198
-79.0405
-77.8198
-78.7354
-77.8198
-78.125
-77.8198
-77.5146
-78.125
-77.8198
-78.4302
-77.5146
-78.4302
-76.5991
-76.9043
-77.2095
-77.2095
-77.2095
-76.9043
-76.9043
-76.9043
-77.5146
-78.4302
-78.125
-79.3457
-78.125
-79.6509
-78.7354
-79.6509
-78.7354
-79.0405
-78.4302
-77.5146
-77.2095
-77.2095
-77.2095
-76.2939
-77.2095
-76.2939
-76.9043
-77.5146
-77.8198
-78.125
-78.125
-77.8198
-77.5146
-77.8198
-77.5146
-78.4302
-78.4302
-78.4302
-78.7354
-78.125
-78.4302
-78.4302
-78.4302
-78.125
-77.5146
-77.2095
-76.2939
-76.5991
-76.5991
-78.125
-77.2095
-79.0405
-79.3457
-79.3457
-77.5146
-77.5146
-77.8198
-77.2095
-77.2095
-76.2939
-76.5991
-77.2095
-77.2095
-79.0405
-77.2095
-78.4302
-77.5146
-77.5146
-77.5146
-78.125
-78.125
-77.8198
-78.7354
-78.7354
-79.0405
-79.3457
-79.3457
-79.6509
-78.7354
-78.4302
-77.5146
-78.7354
-78.125
-78.7354
-76.9043
-78.4302
-77.8198
-78.125
-78.4302
-78.125
-78.7354
-77.5146
-77.8198
-78.125
-77.5146
-77.2095
-76.5991
-76.5991
-75.9888
-76.9043
-76.2939
-75.6836
-76.2939
-76.5991
-76.2939
-76.2939
-77.2095
-77.2095
-78.125
-77.5146
-78.7354
-77.5146
-78.125
-78.125
-77.8198
-78.4302
-77.5146
-77.5146
-76.2939
-76.9043
-75.9888
-76.5991
-76.9043
-76.5991
-77.5146
-78.125
-78.7354
-79.0405
-78.4302
-78.125
-77.5146
-77.2095
-76.9043
-76.9043
-76.5991
-76.5991
-76.5991
-77.2095
-77.2095
-76.9043
-76.5991
-77.2095
-76.5991
-76.2939
-75.9888
-75.9888
-75.6836
-76.9043
-76.9043
-78.4302
-78.4302
-79.0405
-77.8198
-77.5146
-77.2095
-75.9888
-76.2939
-76.9043
-76.5991
-76.9043
-77.2095
-77.5146
-77.5146
-79.0405
-78.4302
-79.3457
-78.4302
-78.125
-78.125
-78.7354
-78.7354
-77.5146
-77.8198
-77.5146
-77.8198
-77.2095
-77.5146
-76.5991
-77.5146
-77.2095
-77.2095
-77.5146
-76.5991
-77.8198
-77.5146
-76.9043
-78.4302
-77.5146
-77.8198
-77.2095
-78.4302
-77.2095
-77.2095
-76.9043
-75.9888
-76.2939
-75.9888
-76.2939
-75.9888
-76.2939
-76.5991
-76.9043
-77.2095
-77.2095
-78.125
-77.5146
-78.4302
-78.4302
-78.7354
-78.7354
-77.8198
-77.5146
-77.2095
-77.2095
-76.5991
-76.5991
-76.5991
-76.5991
-76.5991
-75.9888
-76.9043
-76.2939
-77.8198
-77.2095
-78.7354
-78.4302
-79.0405
-79.6509
-78.7354
-78.7354
-78.4302
-77.5146
-77.2095
-76.9043
-76.9043
-76.5991
-76.9043
-76.5991
-77.8198
-77.5146
-78.7354
-77.8198
-77.8198
-77.2095
-77.2095
-77.2095
-76.2939
-77.8198
-77.5146
-78.4302
-78.4302
-77.2095
-77.2095
-76.5991
-76.9043
-76.2939
-77.5146
-76.9043
-76.9043
-77.2095
-78.4302
-78.4302
-79.9561
-79.6509
-79.3457
-78.4302
-78.7354
-78.4302
-78.4302
-77.8198
-78.7354
-77.5146
-77.5146
-76.9043
-77.2095
-76.9043
-77.2095
-77.8198
-76.5991
-76.9043
-76.5991
-77.5146
-77.5146
-77.8198
-77.8198
-77.2095
-76.9043
-75.9888
-77.5146
-76.2939
-76.5991
-76.5991
-76.2939
-75.6836
-76.2939
-75.6836
-76.5991
-76.9043
-77.2095
-77.2095
-78.4302
-77.8198
-78.4302
-79.0405
-79.3457
-79.0405
-79.0405
-79.0405
-78.125
-77.5146
-76.9043
-76.9043
-76.9043
-76.9043
-75.9888
-75.9888
-75.3784
-76.5991
-76.9043
-77.5146
-77.8198
-78.125
-77.8198
-78.125
-78.4302
-77.5146
-77.5146
-77.5146
-76.2939
-76.5991
-76.5991
-76.2939
-76.9043
-76.2939
-77.5146
-78.125
-78.125
-78.4302
-78.7354
-77.8198
-78.7354
-77.8198
-78.125
-77.8198
-77.5146
-77.5146
-77.5146
-77.8198
-78.4302
-77.5146
-77.5146
-75.6836
-77.2095
-75.9888
-76.5991
-76.9043
-77.8198
-78.4302
-79.0405
-79.3457
-78.4302
-78.7354
-77.8198
-77.8198
-77.2095
-76.9043
-77.2095
-76.5991
-76.9043
-76.2939
-76.9043
-75.9888
-77.2095
-77.2095
-77.2095
-77.2095
-77.8198
-77.8198
-77.2095
-77.5146
-77.2095
-78.4302
-78.125
-76.9043
-77.2095
-76.2939
-77.2095
-76.2939
-76.5991
-76.5991
-75.9888
-76.2939
-75.3784
-77.2095
-76.9043
-77.8198
-76.9043
-79.0405
-78.7354
-78.4302
-78.7354
-78.4302
-78.7354
-78.4302
-78.4302
-77.5146
-77.2095
-77.2095
-77.5146
-77.5146
-77.2095
-77.5146
-77.2095
-76.5991
-78.125
-77.8198
-78.4302
-77.8198
-77.5146
-78.4302
-79.0405
-79.3457
-79.0405
-78.7354
-77.8198
-77.8198
-77.2095
-76.5991
-76.9043
-76.2939
-76.2939
-76.9043
-77.5146
-76.9043
-78.125
-78.4302
-79.3457
-79.0405
-78.7354
-77.5146
-77.2095
-77.5146
-76.2939
-77.8198
-77.2095
-78.125
-77.8198
-77.8198
-78.4302
-77.2095
-77.5146
-76.9043
-78.125
-76.9043
-79.0405
-78.4302
-79.9561
-79.6509
-78.4302
-78.4302
-77.2095
-77.5146
-76.2939
-76.5991
-76.2939
-76.9043
-76.5991
-75.3784
-76.5991
-76.9043
-76.9043
-76.9043
-76.9043
-77.2095
-77.5146
-77.2095
-77.8198
-77.5146
-77.5146
-76.9043
-76.2939
-76.9043
-77.2095
-76.5991
-76.9043
-76.2939
-77.5146
-77.2095
-77.8198
-77.8198
-78.125
-77.8198
-78.7354
-78.4302
-79.0405
-78.7354
-79.0405
-79.3457
-78.7354
-78.4302
-78.4302
-77.8198
-77.5146
-76.9043
-77.2095
-76.5991
-76.2939
-77.2095
-75.9888
-76.9043
-76.2939
-77.2095
-77.8198
-77.5146
-78.7354
-78.125
-79.6509
-79.0405
-78.7354
-78.125
-78.4302
-77.5146
-77.5146
-77.2095
-77.8198
-76.9043
-77.2095
-77.2095
-78.4302
-78.125
-79.0405
-78.4302
-79.0405
-79.0405
-79.0405
-77.8198
-77.5146
-77.2095
-76.5991
-76.5991
-76.5991
-77.2095
-76.9043
-78.4302
-77.5146
-77.8198
-77.5146
-76.9043
-77.5146
-77.5146
-78.125
-77.5146
-79.0405
-78.4302
-79.9561
-79.6509
-78.7354
-79.0405
-77.8198
-77.2095
-77.2095
-76.9043
-76.5991
-76.9043
-78.125
-77.5146
-77.5146
-77.8198
-77.5146
-78.125
-78.125
-78.4302
-77.8198
-78.4302
-76.9043
-77.2095
-76.9043
-76.9043
-77.2095
-76.9043
-77.8198
-77.2095
-77.5146
-77.5146
-77.8198
-78.4302
-77.8198
-79.3457
-78.7354
-79.3457
-79.9561
-79.6509
-80.5664
-79.6509
-79.6509
-79.0405
-78.7354
-78.7354
-78.4302
-78.125
-77.5146
-77.5146
-77.5146
-77.8198
-78.125
-78.4302
-78.125
-78.125
-78.125
-77.8198
-78.125
-77.2095
-78.125
-78.125
-78.4302
-79.0405
-78.4302
-78.125
-77.5146
-78.125
-77.8198
-77.8198
-76.9043
-77.5146
-77.5146
-77.8198
-78.4302
-78.125
-78.7354
-79.0405
-80.5664
-79.6509
-79.6509
-79.3457
-78.125
-78.125
-77.2095
-77.8198
-76.9043
-77.8198
-77.5146
-78.4302
-79.3457
-79.0405
-79.6509
-78.4302
-78.125
-77.2095
-77.5146
-77.8198
-77.5146
-78.4302
-78.125
-79.0405
-78.4302
-78.125
-77.8198
-76.9043
-76.9043
-77.5146
-77.2095
-77.2095
-77.8198
-77.8198
-78.7354
-79.0405
-78.4302
-79.3457
-79.0405
-79.6509
-78.125
-77.5146
-78.125
-78.4302
-78.4302
-77.8198
-79.0405
-77.8198
-77.8198
-78.4302
-79.3457
-79.3457
-79.6509
-79.6509
-79.6509
-79.9561
-79.3457
-79.3457
-78.7354
-79.0405
-78.7354
-78.125
-78.4302
-77.2095
-77.8198
-77.2095
-77.8198
-77.8198
-76.9043
-77.5146
-76.9043
-78.4302
-77.5146
-78.7354
-77.8198
-79.0405
-79.0405
-78.125
-79.0405
-79.3457
-79.9561
-78.7354
-78.7354
-78.4302
-78.4302
-77.8198
-77.2095
-78.125
-77.2095
-77.8198
-76.9043
-77.2095
-77.5146
-77.8198
-77.8198
-78.4302
-78.7354
-79.0405
-79.0405
-79.0405
-78.125
-78.125
-77.5146
-78.125
-76.5991
-77.5146
-77.8198
-78.4302
-78.125
-79.0405
-79.3457
-80.2612
-79.9561
-79.0405
-79.0405
-78.4302
-78.4302
-78.4302
-78.125
-78.7354
-78.7354
-79.3457
-78.4302
-78.4302
-77.8198
-77.5146
-76.9043
-77.8198
-77.8198
-77.8198
-78.7354
-78.7354
-78.7354
-79.0405
-79.0405
-79.3457
-78.7354
-78.4302
-79.0405
-79.6509
-78.7354
-79.0405
-78.125
-78.4302
-79.6509
-79.0405
-79.0405
-79.9561
-79.3457
-80.5664
-79.0405
-79.9561
-79.9561
-79.6509
-79.0405
-79.0405
-78.4302
-79.3457
-78.4302
-78.4302
-77.2095
-77.5146
-77.8198
-76.2939
-77.8198
-76.5991
-77.5146
-77.8198
-76.9043
-77.8198
-77.5146
-78.4302
-77.8198
-78.7354
-78.125
-77.2095
-78.7354
-78.7354
-79.0405
-79.0405
-78.7354
-78.125
-78.7354
-78.125
-77.8198
-79.0405
-78.4302
-78.7354
-78.4302
-79.3457
-78.125
-79.0405
-78.7354
-79.0405
-79.6509
-78.125
-79.3457
-78.7354
-78.4302
-77.8198
-78.4302
-77.5146
-77.2095
-77.2095
-76.9043
-78.7354
-77.8198
-79.3457
-79.6509
-79.9561
-78.7354
-78.7354
-78.125
-77.5146
-77.5146
-77.5146
-77.8198
-78.4302
-78.4302
-79.0405
-79.0405
-79.0405
-78.4302
-78.7354
-78.125
-78.4302
-78.4302
-78.7354
-79.9561
-79.0405
-80.2612
-80.2612
-79.6509
-79.6509
-77.8198
-79.0405
-77.5146
-78.7354
-77.8198
-78.125
-78.4302
-78.125
-78.125
-78.4302
-78.7354
-78.7354
-79.0405
-79.0405
-78.7354
-78.4302
-78.4302
-78.4302
-77.5146
-77.8198
-77.2095
-78.4302
-77.5146
-77.8198
-76.9043
-77.5146
-78.125
-78.4302
-78.125
-78.7354
-78.125
-78.125
-79.0405
-79.3457
-78.4302
-78.7354
-79.0405
-79.0405
-79.0405
-79.3457
-79.0405
-79.6509
-78.7354
-78.125
-78.125
-78.4302
-77.5146
-77.5146
-78.125
-77.8198
-78.4302
-78.7354
-78.125
-79.9561
-77.5146
-79.0405
-79.3457
-79.6509
-79.6509
-79.0405
-78.4302
-78.125
-78.4302
-77.5146
-78.4302
-78.4302
-78.4302
-78.7354
-77.8198
-79.3457
-79.6509
-80.2612
-79.6509
-79.0405
-79.0405
-77.8198
-77.5146
-77.5146
-77.5146
-77.2095
-77.2095
-78.125
-79.0405
-78.4302
-78.7354
-78.4302
-77.8198
-78.4302
-77.8198
-78.125
-78.4302
-78.7354
-80.2612
-80.2612
-79.6509
-79.0405
-77.8198
-77.5146
-77.8198
-77.8198
-78.7354
-77.8198
-77.8198
-78.7354
-77.2095
-79.0405
-78.7354
-78.125
-78.7354
-79.0405
-78.7354
-77.8198
-78.4302
-77.5146
-77.5146
-77.2095
-78.125
-77.5146
-76.5991
-76.2939
-77.2095
-77.8198
-77.2095
-77.8198
-77.5146
-78.125
-77.8198
-78.4302
-79.0405
-79.3457
-79.9561
-78.7354
-79.3457
-79.3457
-79.0405
-79.6509
-79.0405
-79.6509
-79.0405
-79.0405
-78.4302
-79.0405
-79.0405
-78.7354
-79.0405
-78.4302
-78.7354
-77.8198
-77.8198
-77.8198
-77.8198
-77.8198
-78.7354
-78.4302
-78.4302
-79.0405
-78.7354
-78.7354
-77.5146
-78.7354
-77.5146
-77.2095
-78.7354
-77.8198
-78.125
-78.4302
-78.125
-79.3457
-78.7354
-78.7354
-79.3457
-79.6509
-78.7354
-78.4302
-77.5146
-77.8198
-77.5146
-77.2095
-78.4302
-78.7354
-79.3457
-79.3457
-79.6509
-79.3457
-78.4302
-79.3457
-77.8198
-76.9043
-78.125
-77.5146
-78.7354
-78.4302
-79.0405
-78.4302
-77.8198
-77.5146
-77.8198
-76.9043
-77.5146
-76.9043
-77.5146
-77.5146
-77.5146
-78.125
-77.8198
-79.0405
-78.125
-78.7354
-78.4302
-77.2095
-78.4302
-77.2095
-77.2095
-77.5146
-77.5146
-77.5146
-77.5146
-78.125
-78.125
-79.0405
-78.4302
-79.0405
-78.7354
-78.125
-78.7354
-78.125
-79.3457
-78.125
-79.6509
-77.8198
-79.0405
-78.7354
-78.7354
-78.7354
-78.125
-78.4302
-77.8198
-78.125
-77.8198
-78.4302
-78.125
-78.4302
-78.125
-78.125
-78.4302
-77.8198
-78.4302
-77.8198
-78.7354
-78.125
-77.8198
-78.7354
-78.4302
-78.4302
-78.7354
-78.7354
-77.5146
-77.5146
-78.125
-77.8198
-77.5146
-77.5146
-77.8198
-78.125
-77.8198
-77.2095
-78.4302
-77.8198
-77.8198
-78.4302
-77.2095
-76.5991
-76.9043
-76.2939
-76.5991
-76.9043
-77.5146
-78.4302
-79.0405
-78.7354
-79.6509
-78.7354
-78.125
-78.7354
-77.5146
-77.8198
-76.9043
-77.8198
-77.5146
-78.7354
-78.4302
-78.4302
-77.5146
-76.9043
-77.8198
-76.9043
-77.2095
-77.5146
-77.2095
-77.5146
-77.5146
-77.5146
-77.2095
-77.8198
-77.2095
-77.5146
-76.9043
-77.2095
-76.9043
-76.9043
-77.2095
-76.9043
-77.5146
-77.2095
-77.5146
-76.9043
-78.125
-79.0405
-79.6509
-79.3457
-78.4302
-79.3457
-78.4302
-78.7354
-79.6509
-77.8198
-78.4302
-77.5146
-78.4302
-77.2095
-78.4302
-77.8198
-77.8198
-77.8198
-77.8198
-78.125
-77.5146
-77.8198
-76.9043
-77.2095
-77.2095
-76.5991
-76.5991
-75.9888
-77.5146
-76.5991
-77.2095
-76.9043
-78.4302
-77.8198
-77.8198
-78.4302
-78.125
-78.7354
-77.8198
-78.7354
-78.125
-78.125
-78.4302
-77.2095
-77.5146
-77.2095
-77.5146
-76.9043
-77.5146
-77.5146
-78.4302
-77.5146
-77.5146
-77.5146
-76.2939
-77.2095
-75.9888
-76.9043
-77.5146
-77.5146
-78.4302
-77.5146
-79.3457
-78.125
-77.5146
-76.9043
-77.2095
-76.5991
-76.5991
-76.2939
-76.5991
-77.5146
-77.5146
-79.3457
-78.125
-77.8198
-77.8198
-76.9043
-77.8198
-77.5146
-78.4302
-77.2095
-78.4302
-77.5146
-77.5146
-77.8198
-77.5146
-76.9043
-78.125
-77.8198
-77.5146
-77.8198
-77.8198
-77.8198
-77.5146
-77.5146
-77.8198
-77.2095
-78.7354
-79.0405
-79.0405
-78.4302
-78.7354
-78.125
-78.4302
-79.0405
-77.8198
-78.4302
-77.8198
-78.125
-77.8198
-78.125
-78.4302
-77.8198
-78.4302
-78.4302
-78.7354
-77.8198
-79.0405
-78.4302
-77.8198
-77.5146
-77.2095
-77.2095
-76.5991
-77.5146
-76.5991
-76.9043
-77.2095
-76.9043
-78.4302
-77.8198
-78.125
-78.125
-78.7354
-78.7354
-78.4302
-77.2095
-76.9043
-77.5146
-76.5991
-76.5991
-76.5991
-76.9043
-77.2095
-76.2939
-77.8198
-77.8198
-78.7354
-77.8198
-78.4302
-77.5146
-77.8198
-77.8198
-77.8198
-78.125
-77.2095
-78.4302
-77.8198
-79.0405
-79.0405
-78.7354
-77.8198
-77.5146
-76.9043
-76.5991
-76.2939
-75.9888
-76.2939
-76.9043
-77.5146
-78.7354
-78.7354
-77.8198
-78.7354
-77.5146
-78.7354
-76.5991
-77.5146
-77.2095
-77.5146
-77.8198
-76.9043
-77.8198
-77.8198
-78.7354
-77.8198
-79.0405
-78.7354
-78.7354
-79.3457
-78.7354
-79.0405
-78.7354
-79.9561
-79.3457
-79.3457
-79.6509
-79.3457
-79.6509
-78.7354
-78.7354
-78.125
-77.8198
-77.8198
-77.5146
-77.5146
-77.5146
-77.8198
-77.5146
-77.8198
-77.5146
-78.4302
-77.8198
-78.7354
-78.125
-78.4302
-77.2095
-76.5991
-77.5146
-76.5991
-76.9043
-76.5991
-76.5991
-77.2095
-77.5146
-78.4302
-78.7354
-79.9561
-78.125
-79.9561
-79.3457
-79.3457
-79.9561
-79.0405
-79.3457
-77.2095
-78.4302
-76.5991
-78.4302
-76.9043
-76.9043
-76.9043
-76.9043
-77.2095
-77.5146
-78.4302
-78.7354
-79.3457
-78.7354
-78.125
-78.4302
-78.125
-78.125
-78.7354
-78.4302
-77.5146
-78.125
-78.4302
-77.8198
-79.0405
-78.7354
-78.4302
-78.4302
-77.5146
-77.5146
-77.2095
-77.8198
-78.125
-79.0405
-79.0405
-79.0405
-79.3457
-78.7354
-78.4302
-77.8198
-77.2095
-76.9043
-77.2095
-76.5991
-76.9043
-77.8198
-78.125
-79.3457
-78.125
-78.7354
-78.7354
-78.7354
-79.3457
-78.7354
-79.9561
-79.3457
-80.2612
-79.0405
-79.9561
-79.6509
-79.3457
-79.0405
-79.0405
-79.0405
-78.4302
-78.7354
-78.125
-78.7354
-78.7354
-78.7354
-78.7354
-77.8198
-78.7354
-78.7354
-78.4302
-78.4302
-78.7354
-77.8198
-76.9043
-77.5146
-76.2939
-76.9043
-76.9043
-77.2095
-76.5991
-77.2095
-76.9043
-77.2095
-78.125
-79.0405
-79.9561
-79.0405
-79.9561
-79.6509
-79.6509
-78.7354
-78.7354
-78.125
-77.2095
-77.5146
-76.9043
-77.2095
-77.8198
-77.2095
-77.5146
-78.125
-79.3457
-79.6509
-79.6509
-79.0405
-79.3457
-79.0405
-78.7354
-78.4302
-77.8198
-77.8198
-76.9043
-77.8198
-77.8198
-77.8198
-77.8198
-78.4302
-78.4302
-78.125
-78.125
-77.8198
-77.8198
-77.5146
-77.2095
-78.7354
-79.0405
-79.6509
-80.2612
-80.2612
-79.6509
-78.7354
-77.8198
-78.125
-77.8198
-77.2095
-78.4302
-79.0405
-79.9561
-79.9561
-80.2612
-79.3457
-79.3457
-79.6509
-79.0405
-79.3457
-78.7354
-79.0405
-77.5146
-78.4302
-77.2095
-77.8198
-77.2095
-77.5146
-77.8198
-77.5146
-77.2095
-78.4302
-77.5146
-77.8198
-77.5146
-78.7354
-77.8198
-78.7354
-78.4302
-79.0405
-79.0405
-78.125
-78.7354
-77.8198
-77.8198
-77.5146
-77.8198
-77.8198
-77.5146
-78.125
-77.8198
-78.4302
-78.7354
-79.3457
-79.0405
-79.3457
-80.2612
-79.6509
-79.3457
-78.7354
-79.0405
-78.4302
-77.8198
-78.125
-77.2095
-77.5146
-75.9888
-77.5146
-75.9888
-77.2095
-77.2095
-76.9043
-78.4302
-79.3457
-79.3457
-79.6509
-79.6509
-79.0405
-79.9561
-79.0405
-78.7354
-77.8198
-77.2095
-77.8198
-77.2095
-78.4302
-77.5146
-78.4302
-78.4302
-78.125
-78.4302
-78.4302
-78.7354
-77.2095
-77.8198
-77.2095
-77.5146
-77.2095
-78.7354
-78.4302
-78.4302
-79.3457
-77.5146
-77.5146
-76.2939
-77.2095
-76.9043
-77.2095
-77.2095
-78.4302
-79.0405
-78.7354
-79.3457
-79.0405
-78.7354
-79.0405
-78.7354
-78.125
-78.7354
-77.8198
-76.9043
-77.8198
-77.2095
-76.9043
-76.2939
-76.5991
-76.9043
-76.9043
-77.5146
-77.2095
-77.5146
-77.2095
-77.5146
-78.125
-77.5146
-78.4302
-77.2095
-77.5146
-76.9043
-77.2095
-77.5146
-76.9043
-77.5146
-77.5146
-78.125
-77.8198
-78.4302
-77.8198
-78.4302
-79.0405
-79.0405
-79.9561
-79.0405
-80.8716
-79.0405
-79.6509
-78.7354
-79.0405
-78.4302
-77.5146
-77.8198
-77.2095
-76.9043
-76.2939
-76.9043
-76.5991
-77.2095
-77.2095
-78.125
-78.7354
-78.7354
-79.3457
-78.4302
-79.0405
-78.125
-77.8198
-77.2095
-77.2095
-77.2095
-76.9043
-77.2095
-76.2939
-77.5146
-78.4302
-78.4302
-78.7354
-79.3457
-78.7354
-78.4302
-78.7354
-78.125
-79.6509
-78.125
-77.8198
-78.4302
-77.5146
-78.7354
-78.4302
-79.3457
-78.4302
-77.5146
-77.5146
-75.9888
-76.9043
-76.2939
-77.5146
-77.5146
-79.6509
-78.7354
-78.7354
-78.4302
-77.8198
-77.8198
-77.5146
-77.2095
-77.2095
-77.2095
-76.2939
-76.2939
-77.2095
-76.9043
-76.9043
-76.5991
-77.5146
-77.2095
-78.125
-78.4302
-79.0405
-78.4302
-79.0405
-78.7354
-78.4302
-79.0405
-79.0405
-78.4302
-77.8198
-77.8198
-77.8198
-78.125
-78.4302
-78.125
-79.0405
-78.4302
-78.4302
-79.3457
-78.4302
-79.0405
-79.9561
-78.4302
-79.6509
-78.7354
-78.4302
-78.125
-78.7354
-77.8198
-78.125
-77.5146
-77.5146
-76.9043
-76.9043
-77.5146
-77.5146
-77.8198
-77.8198
-78.125
-78.4302
-79.0405
-79.6509
-79.3457
-80.2612
-79.3457
-79.0405
-78.4302
-77.8198
-77.8198
-76.5991
-77.5146
-76.2939
-77.2095
-76.9043
-77.8198
-77.2095
-78.125
-78.4302
-79.6509
-79.0405
-78.7354
-79.9561
-78.125
-79.0405
-77.8198
-77.2095
-77.2095
-77.8198
-78.125
-78.7354
-79.6509
-78.7354
-79.3457
-78.7354
-78.4302
-78.4302
-77.8198
-78.7354
-78.7354
-79.9561
-79.9561
-80.8716
-79.6509
-78.4302
-79.0405
-78.125
-77.2095
-76.5991
-77.5146
-76.9043
-76.9043
-77.8198
-76.9043
-79.0405
-77.5146
-78.4302
-78.7354
-79.9561
-79.6509
-79.9561
-79.3457
-80.5664
-79.6509
-79.3457
-79.3457
-79.6509
-79.3457
-79.3457
-79.3457
-79.6509
-79.3457
-79.3457
-79.6509
-80.2612
-79.3457
-80.2612
-79.9561
-79.6509
-79.9561
-79.0405
-79.6509
-78.125
-78.4302
-77.2095
-77.8198
-77.2095
-77.5146
-77.2095
-77.2095
-77.5146
-77.5146
-76.5991
-77.5146
-78.7354
-78.4302
-77.8198
-78.7354
-79.3457
-80.2612
-79.9561
-79.9561
-79.0405
-78.4302
-78.4302
-77.5146
-78.4302
-77.5146
-77.8198
-77.5146
-77.8198
-78.125
-78.4302
-79.3457
-79.6509
-80.2612
-79.6509
-79.9561
-79.6509
-79.0405
-78.4302
-77.8198
-78.125
-76.9043
-77.8198
-77.5146
-77.8198
-78.7354
-78.4302
-79.0405
-78.125
-78.7354
-78.125
-77.8198
-78.4302
-78.7354
-79.0405
-78.4302
-80.5664
-79.9561
-79.9561
-78.7354
-78.7354
-77.5146
-77.8198
-77.2095
-77.2095
-78.4302
-78.4302
-78.4302
-79.9561
-79.6509
-80.2612
-79.9561
-79.9561
-79.6509
-79.3457
-80.5664
-79.0405
-79.9561
-78.125
-78.7354
-77.8198
-78.4302
-78.4302
-79.0405
-79.3457
-77.8198
-78.7354
-77.8198
-78.7354
-79.0405
-78.7354
-78.7354
-79.3457
-79.0405
-78.125
-79.3457
-77.8198
-78.125
-77.8198
-77.5146
-77.8198
-76.5991
-76.9043
-77.8198
-78.4302
-77.2095
-77.5146
-78.125
-79.0405
-79.3457
-78.7354
-79.6509
-79.6509
-80.2612
-79.3457
-79.9561
-79.0405
-79.0405
-78.7354
-78.125
-77.8198
-77.2095
-77.2095
-77.8198
-77.5146
-77.8198
-77.8198
-78.7354
-78.4302
-79.3457
-79.3457
-80.2612
-80.5664
-79.6509
-79.6509
-79.0405
-78.7354
-78.125
-77.8198
-77.5146
-76.9043
-77.8198
-77.5146
-78.7354
-79.3457
-79.6509
-79.0405
-78.7354
-79.3457
-77.8198
-78.4302
-77.8198
-78.4302
-78.7354
-78.125
-79.3457
-78.4302
-78.7354
-77.8198
-78.4302
-76.9043
-77.2095
-77.2095
-77.8198
-78.4302
-78.7354
-79.6509
-79.9561
-80.2612
-79.3457
-79.3457
-79.3457
-78.7354
-79.3457
-78.7354
-78.7354
-77.8198
-78.125
-77.2095
-77.5146
-77.8198
-77.5146
-77.8198
-77.5146
-77.8198
-77.8198
-78.125
-77.2095
-77.8198
-78.125
-77.5146
-78.4302
-77.2095
-77.8198
-76.5991
-76.5991
-77.5146
-77.8198
-77.5146
-77.8198
-77.5146
-77.8198
-77.8198
-79.0405
-78.4302
-79.6509
-79.3457
-79.9561
-80.2612
-79.9561
-80.5664
-79.9561
-80.2612
-79.0405
-79.0405
-78.125
-77.8198
-77.5146
-77.8198
-77.8198
-76.5991
-77.2095
-76.9043
-78.7354
-78.7354
-79.3457
-79.3457
-79.3457
-79.9561
-79.3457
-79.3457
-78.4302
-78.125
-78.125
-77.2095
-77.8198
-77.8198
-78.4302
-78.125
-78.7354
-79.0405
-79.6509
-79.6509
-79.6509
-79.6509
-80.2612
-79.9561
-79.0405
-78.7354
-79.0405
-79.3457
-79.3457
-79.3457
-80.5664
-79.0405
-78.4302
-76.5991
-77.5146
-78.125
-78.125
-78.7354
-78.125
-79.6509
-80.2612
-79.9561
-79.6509
-79.0405
-78.7354
-77.8198
-78.4302
-78.125
-77.8198
-77.8198
-78.4302
-77.5146
-77.5146
-77.8198
-77.8198
-77.8198
-78.7354
-78.125
-78.7354
-78.4302
-79.3457
-78.7354
-79.3457
-79.0405
-79.6509
-78.7354
-78.7354
-79.3457
-78.4302
-78.125
-78.4302
-78.4302
-78.125
-79.0405
-77.8198
-78.7354
-79.0405
-79.6509
-79.9561
-79.6509
-79.9561
-79.6509
-80.2612
-79.0405
-79.0405
-79.0405
-77.8198
-78.7354
-77.8198
-78.7354
-77.8198
-77.5146
-77.8198
-78.125
-78.7354
-77.8198
-79.0405
-79.3457
-79.9561
-79.9561
-81.1768
-81.1768
-80.2612
-80.2612
-78.4302
-79.3457
-77.8198
-79.0405
-77.8198
-77.5146
-77.8198
-77.2095
-78.4302
-77.8198
-79.6509
-79.6509
-80.2612
-80.5664
-79.6509
-79.6509
-78.125
-78.4302
-77.8198
-78.125
-78.125
-78.125
-79.0405
-78.4302
-79.6509
-79.0405
-79.0405
-78.125
-78.4302
-77.8198
-78.7354
-78.7354
-79.6509
-80.8716
-80.8716
-80.2612
-79.0405
-79.3457
-78.4302
-78.7354
-78.4302
-77.2095
-78.7354
-76.9043
-78.4302
-77.8198
-78.4302
-78.125
-78.125
-78.7354
-78.4302
-79.3457
-79.6509
-79.3457
-79.9561
-78.7354
-78.7354
-78.7354
-79.6509
-79.0405
-79.0405
-78.4302
-79.3457
-79.6509
-78.7354
-79.3457
-79.6509
-79.9561
-79.6509
-80.2612
-80.8716
-80.2612
-80.8716
-79.3457
-79.6509
-79.6509
-78.4302
-78.4302
-77.8198
-78.4302
-77.5146
-77.8198
-76.9043
-77.5146
-77.8198
-77.5146
-79.0405
-78.125
-78.4302
-78.4302
-79.6509
-79.6509
-80.8716
-80.5664
-80.5664
-79.0405
-78.7354
-78.4302
-77.8198
-77.8198
-77.8198
-78.4302
-77.8198
-78.7354
-79.0405
-78.125
-80.8716
-79.9561
-80.8716
-79.9561
-79.9561
-79.0405
-78.7354
-79.3457
-77.5146
-78.4302
-77.5146
-79.0405
-78.4302
-78.7354
-79.6509
-78.125
-78.4302
-77.8198
-77.5146
-77.2095
-77.5146
-78.125
-79.0405
-79.6509
-80.8716
-80.2612
-79.0405
-79.3457
-78.4302
-78.125
-78.4302
-77.5146
-78.7354
-78.125
-79.6509
-79.9561
-80.2612
-79.6509
-80.2612
-80.2612
-80.8716
-80.2612
-79.3457
-80.2612
-79.6509
-80.2612
-79.3457
-79.3457
-78.4302
-79.0405
-79.0405
-77.8198
-79.0405
-78.125
-78.125
-77.8198
-78.7354
-79.0405
-78.7354
-79.6509
-78.4302
-79.3457
-78.7354
-79.0405
-79.0405
-78.7354
-79.0405
-78.125
-78.4302
-77.5146
-78.125
-77.8198
-78.125
-78.125
-79.0405
-79.3457
-78.7354
-80.2612
-80.2612
-80.5664
-80.2612
-80.8716
-79.9561
-79.6509
-78.4302
-79.0405
-78.125
-78.125
-77.8198
-77.5146
-76.9043
-77.5146
-77.5146
-77.8198
-78.4302
-78.4302
-79.0405
-80.2612
-80.5664
-79.9561
-80.5664
-79.0405
-80.2612
-78.7354
-79.0405
-78.7354
-78.4302
-78.7354
-78.7354
-79.6509
-79.6509
-79.9561
-79.6509
-79.3457
-79.3457
-79.0405
-78.7354
-78.7354
-79.0405
-79.0405
-80.8716
-80.5664
-79.9561
-80.2612
-78.7354
-78.125
-77.5146
-78.4302
-77.5146
-78.4302
-78.7354
-79.6509
-79.9561
-79.3457
-79.3457
-79.3457
-79.6509
-79.9561
-79.3457
-79.9561
-79.0405
-79.3457
-79.0405
-79.3457
-78.4302
-78.125
-78.125
-77.8198
-78.125
-77.8198
-78.4302
-78.4302
-78.7354
-78.7354
-79.3457
-79.0405
-78.4302
-78.7354
-78.4302
-78.4302
-77.5146
-78.7354
-78.7354
-77.8198
-79.6509
-77.8198
-79.6509
-78.4302
-79.0405
-79.0405
-79.3457
-80.5664
-79.0405
-79.9561
-79.9561
-79.9561
-79.6509
-79.6509
-80.2612
-79.6509
-79.6509
-78.4302
-78.7354
-77.8198
-78.7354
-77.8198
-78.125
-78.4302
-79.0405
-79.6509
-79.6509
-80.2612
-80.2612
-79.3457
-79.3457
-79.6509
-79.6509
-78.7354
-78.7354
-78.4302
-78.4302
-78.125
-78.4302
-79.3457
-78.125
-79.6509
-79.3457
-79.0405
-78.4302
-78.7354
-78.125
-78.125
-78.4302
-78.7354
-79.0405
-79.3457
-80.2612
-80.8716
-80.8716
-79.3457
-79.6509
-79.3457
-77.8198
-78.4302
-78.4302
-78.7354
-79.6509
-79.6509
-79.6509
-79.3457
-79.0405
-78.7354
-78.7354
-79.0405
-79.6509
-78.7354
-78.125
-78.4302
-79.0405
-79.3457
-78.125
-79.3457
-78.7354
-78.4302
-78.7354
-78.4302
-79.3457
-78.7354
-79.9561
-79.9561
-79.6509
-80.2612
-80.2612
-80.8716
-81.1768
-80.8716
-80.8716
-79.9561
-80.5664
-80.5664
-79.9561
-79.6509
-79.9561
-79.3457
-79.3457
-78.7354
-79.6509
-79.6509
-78.4302
-79.9561
-78.4302
-79.0405
-79.0405
-79.0405
-78.125
-78.4302
-78.7354
-78.4302
-78.4302
-78.4302
-78.7354
-79.3457
-79.0405
-79.6509
-79.9561
-80.2612
-79.6509
-79.9561
-79.3457
-80.5664
-80.2612
-79.6509
-79.6509
-79.3457
-79.6509
-79.0405
-79.0405
-79.3457
-78.7354
