-68.0542
-50.6592
-34.4849
-24.4141
-17.0898
-11.2915
-7.01904
-0.915527
7.93457
21.9727
36.9263
36.6211
29.9072
28.6865
29.6021
31.4331
31.4331
29.6021
30.8228
31.7383
31.7383
31.4331
28.6865
29.9072
29.9072
29.9072
26.8555
28.0762
27.771
27.1606
25.0244
24.4141
25.0244
24.7192
23.8037
21.6675
21.9727
22.583
21.6675
19.8364
18.3105
19.8364
19.5313
18.9209
17.395
15.8691
16.1743
15.2588
16.4795
15.8691
14.6484
14.0381
12.207
12.207
11.9019
12.5122
12.207
12.207
11.2915
10.6812
9.76563
7.93457
7.32422
7.32422
7.01904
7.01904
7.32422
7.62939
6.10352
5.18799
3.35693
4.57764
3.96729
3.66211
4.57764
3.66211
3.05176
0.915527
0.305176
0.305176
0
0.915527
0.610352
0.610352
-0.915527
-2.44141
-3.35693
-3.05176
-2.74658
-2.44141
-2.44141
-3.35693
-3.96729
-5.49316
-5.49316
-4.88281
-4.88281
-4.57764
-6.10352
-6.10352
-8.54492
-7.93457
-8.54492
-7.93457
-6.71387
-7.93457
-8.23975
-10.376
-9.46045
-9.76563
-9.15527
-9.15527
-10.0708
-11.2915
-12.5122
-11.9019
-11.9019
-10.9863
-10.376
-11.5967
-13.4277
-14.3433
-13.7329
-12.8174
-12.207
-12.8174
-14.9536
-15.564
-15.2588
-13.7329
-13.7329
-14.3433
-15.2588
-16.4795
-15.8691
-15.8691
-14.6484
-15.564
-17.0898
-18.3105
-17.7002
-17.395
-16.7847
-15.2588
-16.4795
-16.1743
-17.0898
-18.3105
-18.9209
-19.5313
-19.8364
-19.8364
-19.5313
-19.5313
-18.9209
-18.6157
-18.3105
-18.3105
-18.3105
-18.3105
-20.1416
-20.4468
-21.0571
-21.9727
-21.9727
-21.6675
-21.0571
-20.752
-20.4468
-20.4468
-20.4468
-20.1416
-20.752
-20.4468
-21.9727
-21.9727
-23.1934
-22.2778
-22.2778
-21.6675
-21.3623
-21.0571
-20.752
-20.752
-21.0571
-22.2778
-23.1934
-24.1089
-23.8037
-23.4985
-23.4985
-22.2778
-22.2778
-21.3623
-22.2778
-22.2778
-23.8037
-24.7192
-24.1089
-23.4985
-22.8882
-22.8882
-22.2778
-22.8882
-23.8037
-24.4141
-25.3296
-24.7192
-24.4141
-22.8882
-23.4985
-23.4985
-23.4985
-24.4141
-25.0244
-25.6348
-24.7192
-24.4141
-23.1934
-23.1934
-23.8037
-25.6348
-25.9399
-25.6348
-25.3296
-24.4141
-24.4141
-24.7192
-25.9399
-26.2451
-26.2451
-25.3296
-24.1089
-24.4141
-25.3296
-26.2451
-26.8555
-26.2451
-25.6348
-25.3296
-25.0244
-25.0244
-26.2451
-26.8555
-27.1606
-27.771
-26.2451
-26.5503
-26.2451
-25.6348
-25.9399
-25.6348
-25.6348
-25.6348
-25.6348
-25.3296
-26.2451
-26.8555
-27.4658
-27.771
-27.771
-28.3813
-28.3813
-28.6865
-28.0762
-27.1606
-27.1606
-25.9399
-26.5503
-25.6348
-26.2451
-26.2451
-27.4658
-27.771
-28.0762
-28.6865
-28.6865
-28.6865
-28.3813
-28.3813
-27.4658
-27.1606
-26.8555
-27.1606
-27.771
-28.0762
-29.6021
-29.6021
-29.2969
-28.6865
-28.3813
-28.0762
-26.8555
-27.4658
-27.1606
-28.3813
-28.6865
-29.6021
-29.9072
-28.9917
-29.2969
-28.6865
-28.3813
-27.1606
-28.0762
-28.6865
-28.9917
-30.2124
-29.2969
-29.6021
-28.6865
-28.6865
-28.3813
-29.2969
-30.2124
-30.2124
-30.5176
-29.6021
-29.2969
-28.3813
-28.0762
-28.6865
-30.2124
-30.5176
-30.2124
-29.9072
-28.9917
-28.9917
-28.9917
-30.8228
-31.7383
-30.8228
-30.2124
-29.2969
-29.2969
-30.2124
-31.1279
-32.3486
-30.8228
-30.5176
-28.6865
-29.2969
-28.9917
-29.6021
-30.2124
-31.1279
-31.7383
-31.4331
-31.7383
-31.1279
-31.1279
-30.8228
-30.8228
-29.9072
-29.9072
-29.9072
-29.2969
-30.5176
-30.2124
-31.1279
-31.4331
-31.4331
-32.3486
-32.0435
-32.3486
-31.7383
-31.7383
-31.7383
-31.1279
-31.4331
-30.5176
-31.1279
-29.9072
-31.1279
-31.1279
-32.0435
-32.0435
-32.959
-32.3486
-32.0435
-32.0435
-31.4331
-31.4331
-30.8228
-30.8228
-31.1279
-31.7383
-32.6538
-32.6538
-33.5693
-32.959
-32.3486
-31.7383
-30.5176
-31.7383
-31.1279
-31.4331
-32.3486
-33.2642
-33.8745
-32.959
-32.6538
-31.7383
-32.0435
-31.1279
-32.0435
-32.6538
-33.5693
-33.5693
-33.2642
-32.959
-32.3486
-31.1279
-31.4331
-32.3486
-32.959
-33.8745
-33.2642
-33.2642
-32.6538
-31.4331
-32.959
-33.2642
-34.1797
-34.79
-33.2642
-32.959
-32.3486
-31.7383
-33.2642
-33.8745
-33.8745
-33.5693
-32.959
-32.0435
-33.2642
-32.959
-34.79
-34.1797
-34.1797
-33.2642
-32.959
-32.959
-32.6538
-34.4849
-34.79
-34.79
-34.79
-34.79
-34.1797
-33.8745
-34.1797
-33.2642
-34.1797
-32.959
-33.5693
-32.959
-32.6538
-33.2642
-33.5693
-34.4849
-34.79
-35.0952
-35.4004
-35.0952
-35.4004
-34.4849
-35.0952
-34.4849
-34.1797
-34.1797
-33.8745
-33.8745
-33.5693
-34.79
-34.4849
-34.79
-35.4004
-35.4004
-35.7056
-35.0952
-35.7056
-34.79
-34.1797
-33.8745
-33.5693
-33.8745
-34.79
-35.7056
-35.7056
-36.6211
-35.4004
-35.7056
-34.79
-34.79
-34.4849
-34.4849
-36.0107
-36.0107
-37.2314
-36.0107
-36.0107
-35.4004
-34.79
-34.4849
-33.8745
-35.4004
-35.7056
-37.2314
-37.2314
-36.9263
-36.9263
-35.4004
-35.4004
-35.0952
-36.6211
-36.6211
-36.9263
-36.3159
-35.7056
-35.4004
-34.79
-35.4004
-36.9263
-36.9263
-37.5366
-36.6211
-35.7056
-35.0952
-36.0107
-36.0107
-37.8418
-37.5366
-37.2314
-36.0107
-35.4004
-36.0107
-36.9263
-37.5366
-36.6211
-36.9263
-36.3159
-35.7056
-35.7056
-35.4004
-36.9263
-37.2314
-37.8418
-38.4521
-39.0625
-38.147
-37.8418
-37.2314
-36.9263
-37.2314
-36.6211
-36.3159
-36.3159
-36.0107
-36.9263
-36.0107
-37.5366
-36.9263
-37.2314
-37.5366
-38.147
-39.0625
-38.4521
-38.4521
-37.5366
-37.8418
-37.2314
-36.6211
-36.0107
-36.3159
-36.9263
-37.2314
-37.8418
-39.0625
-39.0625
-38.7573
-39.0625
-38.4521
-37.8418
-37.8418
-37.2314
-37.2314
-37.2314
-38.147
-38.4521
-38.4521
-39.3677
-37.8418
-38.7573
-37.8418
-38.147
-36.9263
-37.2314
-38.4521
-39.3677
-40.2832
-39.0625
-39.3677
-38.4521
-37.2314
-37.2314
-37.8418
-39.0625
-39.6729
-40.2832
-39.3677
-39.0625
-37.8418
-37.8418
-38.147
-38.4521
-40.2832
-40.2832
-39.6729
-39.3677
-38.4521
-39.0625
-39.0625
-39.978
-39.6729
-39.3677
-38.7573
-37.5366
-38.147
-38.7573
-40.2832
-39.978
-39.978
-39.0625
-39.0625
-39.3677
-39.3677
-40.5884
-39.978
-39.978
-38.4521
-39.0625
-38.147
-39.0625
-39.978
-40.5884
-40.8936
-40.2832
-40.5884
-40.2832
-39.978
-39.6729
-39.6729
-39.3677
-39.0625
-39.0625
-38.7573
-39.3677
-39.6729
-39.0625
-39.978
-39.978
-40.5884
-40.8936
-41.5039
-40.5884
-40.5884
-40.8936
-40.5884
-40.2832
-39.6729
-39.978
-39.3677
-40.5884
-39.3677
-40.5884
-41.1987
-41.5039
-41.8091
-41.5039
-40.8936
-40.5884
-40.2832
-39.978
-39.6729
-39.978
-39.3677
-41.5039
-40.8936
-42.1143
-41.8091
-41.8091
-40.5884
-40.8936
-40.2832
-39.3677
-40.5884
-40.8936
-41.8091
-42.1143
-41.5039
-41.5039
-40.5884
-39.978
-40.2832
-40.8936
-41.5039
-43.0298
-42.4194
-42.1143
-41.5039
-40.2832
-40.2832
-39.978
-41.5039
-41.8091
-43.335
-42.4194
-40.8936
-40.5884
-40.5884
-41.1987
-41.5039
-43.0298
-42.7246
-42.1143
-41.5039
-40.8936
-40.8936
-42.1143
-42.7246
-43.0298
-42.4194
-41.1987
-40.8936
-41.8091
-41.5039
-43.335
-41.8091
-42.4194
-41.1987
-40.8936
-41.1987
-41.8091
-42.1143
-43.0298
-43.9453
-43.9453
-43.335
-42.4194
-42.4194
-42.1143
-42.1143
-41.5039
-41.5039
-41.8091
-40.5884
-41.5039
-41.8091
-42.1143
-43.0298
-43.0298
-43.9453
-43.9453
-43.9453
-43.0298
-43.6401
-43.335
-43.0298
-42.7246
-41.5039
-41.8091
-41.5039
-42.4194
-42.4194
-43.6401
-43.9453
-43.9453
-44.5557
-43.335
-44.2505
-43.0298
-42.4194
-42.4194
-42.1143
-41.8091
-43.0298
-44.2505
-43.0298
-43.6401
-43.335
-43.0298
-42.7246
-42.1143
-42.7246
-43.0298
-43.9453
-44.5557
-44.5557
-44.2505
-42.7246
-43.335
-42.4194
-42.7246
-42.4194
-43.9453
-44.5557
-44.2505
-44.2505
-43.6401
-43.0298
-42.1143
-42.7246
-43.9453
-44.5557
-44.8608
-44.5557
-44.2505
-43.0298
-43.335
-42.7246
-44.2505
-44.5557
-43.9453
-43.335
-42.7246
-42.7246
-42.7246
-44.5557
-45.166
-44.5557
-44.2505
-43.0298
-43.335
-43.6401
-44.5557
-45.166
-44.5557
-43.9453
-43.0298
-43.0298
-43.9453
-45.4712
-45.166
-45.4712
-44.8608
-44.8608
-44.2505
-43.9453
-44.2505
-43.6401
-43.335
-43.0298
-43.0298
-44.2505
-44.2505
-44.8608
-44.8608
-45.4712
-45.7764
-45.166
-44.5557
-44.8608
-44.5557
-44.2505
-44.5557
-43.6401
-44.5557
-43.9453
-44.2505
-44.2505
-44.8608
-45.4712
-45.4712
-46.3867
-45.4712
-45.4712
-45.166
-45.166
-43.9453
-44.2505
-43.335
-44.5557
-44.8608
-45.7764
-46.6919
-45.7764
-46.3867
-45.4712
-45.166
-44.2505
-43.6401
-44.5557
-44.5557
-45.4712
-45.7764
-45.7764
-46.0815
-45.166
-45.4712
-43.9453
-43.9453
-43.6401
-45.4712
-46.3867
-46.0815
-46.0815
-45.166
-45.166
-43.9453
-43.9453
-44.2505
-46.0815
-46.3867
-45.4712
-45.7764
-44.8608
-44.5557
-44.8608
-46.0815
-46.6919
-46.9971
-45.7764
-45.4712
-45.4712
-44.2505
-45.4712
-46.3867
-46.9971
-46.0815
-45.4712
-45.166
-44.5557
-47.3022
-46.6919
-46.6919
-46.3867
-45.166
-45.166
-45.166
-46.3867
-47.6074
-47.9126
-46.9971
-46.6919
-45.7764
-45.166
-45.7764
-44.8608
-44.8608
-44.8608
-44.8608
-45.4712
-45.7764
-47.3022
-47.6074
-47.9126
-46.9971
-47.3022
-46.9971
-46.9971
-45.7764
-46.0815
-45.4712
-45.166
-45.166
-45.166
-45.7764
-46.6919
-47.3022
-47.9126
-47.9126
-47.3022
-46.9971
-46.9971
-46.0815
-46.3867
-45.4712
-46.0815
-46.3867
-46.6919
-47.6074
-47.9126
-47.6074
-47.3022
-46.6919
-45.7764
-45.7764
-45.4712
-46.3867
-46.0815
-46.6919
-48.2178
-47.9126
-48.5229
-47.3022
-46.3867
-45.4712
-45.7764
-46.3867
-46.9971
-48.2178
-47.9126
-47.9126
-46.6919
-46.0815
-46.9971
-46.3867
-46.9971
-47.3022
-48.2178
-47.6074
-47.6074
-46.6919
-46.0815
-46.3867
-47.3022
-48.5229
-47.6074
-47.9126
-46.9971
-45.7764
-46.3867
-46.6919
-48.5229
-47.9126
-48.2178
-47.3022
-46.9971
-46.9971
-47.9126
-48.8281
-48.2178
-47.9126
-46.6919
-46.9971
-46.3867
-48.2178
-48.8281
-48.5229
-48.2178
-46.9971
-46.9971
-46.6919
-47.3022
-47.9126
-48.8281
-49.4385
-49.1333
-48.8281
-48.8281
-48.2178
-47.3022
-47.3022
-47.3022
-46.6919
-47.3022
-46.6919
-47.3022
-47.3022
-47.9126
-47.9126
-48.8281
-49.1333
-49.1333
-49.7437
-49.4385
-49.4385
-48.5229
-47.9126
-47.9126
-46.9971
-46.6919
-46.9971
-47.9126
-48.2178
-49.4385
-49.4385
-50.0488
-49.1333
-48.8281
-48.8281
-47.6074
-47.6074
-47.6074
-47.9126
-49.1333
-49.1333
-49.7437
-49.7437
-49.7437
-49.1333
-48.8281
-47.6074
-47.9126
-48.2178
-48.8281
-50.354
-49.7437
-50.0488
-49.4385
-48.5229
-48.5229
-48.8281
-49.4385
-50.0488
-50.9644
-49.7437
-49.4385
-48.5229
-48.2178
-47.3022
-48.2178
-50.354
-50.354
-50.6592
-49.7437
-48.8281
-48.2178
-47.9126
-50.0488
-49.7437
-50.9644
-50.0488
-49.1333
-48.5229
-48.8281
-49.7437
-50.354
-50.9644
-49.7437
-49.7437
-48.8281
-49.1333
-50.354
-50.6592
-51.2695
-49.4385
-49.7437
-49.1333
-49.7437
-50.6592
-51.2695
-51.2695
-50.354
-50.354
-49.4385
-49.4385
-49.1333
-49.1333
-48.8281
-49.1333
-49.7437
-50.0488
-51.2695
-50.9644
-51.5747
-51.2695
-51.2695
-50.6592
-50.6592
-50.6592
-49.4385
-50.0488
-49.4385
-49.1333
-49.7437
-49.7437
-50.354
-50.6592
-51.8799
-51.5747
-51.8799
-50.9644
-50.6592
-50.9644
-49.7437
-50.354
-49.4385
-50.354
-50.354
-51.2695
-51.8799
-50.6592
-51.5747
-50.9644
-50.354
-50.0488
-49.7437
-50.354
-50.6592
-52.1851
-52.4902
-52.1851
-51.2695
-50.0488
-50.0488
-49.4385
-50.9644
-50.354
-51.5747
-52.1851
-51.8799
-51.2695
-51.2695
-50.6592
-49.4385
-50.354
-51.8799
-52.1851
-52.4902
-51.2695
-50.9644
-49.4385
-50.354
-50.6592
-51.8799
-52.1851
-51.5747
-51.2695
-50.354
-50.6592
-50.0488
-51.8799
-53.4058
-51.8799
-51.8799
-50.6592
-51.2695
-50.6592
-52.4902
-52.7954
-51.8799
-50.6592
-50.354
-50.6592
-51.8799
-53.1006
-52.4902
-51.2695
-51.2695
-50.6592
-51.2695
-51.2695
-52.7954
-52.4902
-52.7954
-52.1851
-52.4902
-52.4902
-51.2695
-51.5747
-50.6592
-51.2695
-50.9644
-50.9644
-51.2695
-51.8799
-52.4902
-52.1851
-53.1006
-52.7954
-53.4058
-53.1006
-53.1006
-52.4902
-51.5747
-51.5747
-50.6592
-50.354
-50.6592
-50.9644
-52.4902
-52.7954
-53.4058
-53.4058
-53.4058
-53.1006
-52.4902
-52.1851
-50.9644
-51.8799
-51.5747
-52.4902
-53.1006
-53.4058
-53.7109
-52.7954
-52.7954
-52.1851
-51.8799
-51.2695
-51.8799
-52.1851
-53.1006
-53.7109
-53.4058
-53.1006
-52.4902
-52.1851
-52.4902
-52.1851
-53.1006
-53.4058
-54.6265
-53.1006
-52.7954
-51.8799
-51.2695
-51.5747
-52.1851
-53.4058
-53.7109
-54.3213
-52.7954
-52.4902
-52.7954
-51.5747
-53.1006
-54.3213
-53.4058
-53.4058
-52.4902
-51.5747
-52.1851
-53.1006
-54.6265
-54.3213
-53.1006
-52.1851
-51.8799
-52.7954
-53.7109
-54.3213
-54.6265
-52.7954
-52.7954
-52.4902
-53.1006
-54.9316
-54.6265
-53.7109
-52.7954
-52.4902
-51.8799
-52.1851
-52.4902
-52.7954
-54.6265
-54.6265
-55.2368
-54.9316
-55.2368
-54.6265
-54.3213
-53.7109
-53.1006
-52.7954
-52.4902
-52.7954
-52.4902
-52.7954
-52.4902
-52.7954
-55.2368
-54.6265
-55.542
-55.2368
-54.3213
-53.7109
-53.4058
-52.4902
-52.7954
-52.7954
-52.7954
-54.3213
-54.3213
-54.6265
-55.2368
-54.6265
-54.9316
-53.4058
-53.1006
-52.7954
-53.1006
-53.7109
-53.7109
-55.542
-55.542
-55.542
-55.2368
-54.6265
-53.7109
-52.4902
-53.1006
-53.7109
-55.2368
-55.8472
-55.542
-55.2368
-54.3213
-53.7109
-53.1006
-54.3213
-55.2368
-55.542
-54.9316
-54.6265
-55.2368
-53.7109
-53.4058
-53.1006
-54.6265
-55.8472
-55.542
-55.2368
-54.3213
-53.1006
-53.1006
-55.542
-56.1523
-55.8472
-55.2368
-54.9316
-54.3213
-54.6265
-55.542
-55.542
-55.8472
-54.6265
-54.3213
-53.7109
-53.7109
-55.542
-55.542
-55.8472
-54.6265
-54.6265
-54.9316
-56.1523
-55.8472
-55.8472
-55.542
-54.6265
-54.6265
-54.6265
-54.6265
-54.9316
-55.2368
-55.2368
-55.8472
-57.0679
-56.4575
-56.7627
-56.1523
-56.1523
-55.8472
-55.542
-55.542
-54.9316
-54.9316
-54.6265
-54.6265
-54.6265
-55.2368
-55.8472
-55.8472
-55.8472
-56.4575
-55.8472
-55.8472
-55.8472
-55.2368
-53.4058
-55.2368
-54.6265
-55.2368
-56.4575
-56.4575
-56.4575
-56.7627
-56.4575
-55.542
-55.2368
-54.9316
-54.6265
-54.9316
-55.8472
-56.7627
-56.7627
-57.0679
-55.8472
-55.8472
-55.2368
-54.6265
-54.9316
-55.542
-57.373
-57.373
-57.0679
-55.8472
-55.542
-54.9316
-54.6265
-55.542
-55.8472
-57.373
-56.4575
-56.4575
-55.8472
-55.8472
-55.8472
-55.542
-57.0679
-57.373
-57.0679
-56.4575
-55.542
-54.6265
-55.542
-56.7627
-57.0679
-57.373
-56.7627
-55.542
-55.2368
-55.2368
-57.0679
-57.373
-57.6782
-56.7627
-55.542
-54.9316
-55.8472
-57.0679
-56.7627
-57.373
-56.1523
-55.542
-55.542
-55.542
-57.0679
-57.0679
-57.6782
-56.7627
-56.7627
-56.7627
-56.4575
-55.8472
-55.542
-55.8472
-55.8472
-56.7627
-56.7627
-57.373
-57.9834
-57.373
-57.9834
-57.0679
-56.7627
-56.7627
-56.7627
-55.8472
-55.8472
-56.1523
-55.8472
-56.4575
-57.0679
-57.9834
-58.2886
-58.2886
-57.6782
-57.0679
-56.7627
-55.8472
-55.8472
-55.542
-56.4575
-57.0679
-57.6782
-58.5938
-57.9834
-57.6782
-57.6782
-57.0679
-56.4575
-56.7627
-57.0679
-56.7627
-58.2886
-57.6782
-57.9834
-57.373
-57.0679
-56.4575
-56.1523
-57.0679
-56.7627
-58.2886
-58.5938
-58.2886
-57.9834
-57.0679
-56.7627
-56.7627
-56.7627
-58.2886
-58.2886
-57.9834
-57.373
-57.0679
-56.4575
-56.7627
-57.373
-58.2886
-58.2886
-57.9834
-57.0679
-56.7627
-57.0679
-57.373
-59.5093
-58.8989
-58.8989
-56.7627
-56.1523
-55.542
-57.373
-57.9834
-57.373
-57.6782
-56.4575
-56.4575
-57.6782
-58.8989
-58.8989
-57.373
-57.9834
-56.7627
-57.0679
-58.2886
-59.2041
-58.8989
-58.2886
-57.9834
-57.373
-57.373
-56.7627
-57.373
-57.0679
-57.373
-58.2886
-57.9834
-59.5093
-58.8989
-59.5093
-59.2041
-59.2041
-57.9834
-57.6782
-57.9834
-56.7627
-57.0679
-56.4575
-57.0679
-57.0679
-57.6782
-59.2041
-58.8989
-59.2041
-58.8989
-58.8989
-58.2886
-58.2886
-57.373
-57.0679
-57.0679
-57.6782
-58.2886
-59.2041
-59.5093
-59.5093
-58.5938
-58.8989
-57.373
-57.6782
-57.0679
-57.9834
-58.8989
-59.5093
-60.1196
-59.2041
-59.2041
-57.9834
-57.6782
-57.6782
-57.6782
-59.2041
-59.2041
-59.5093
-58.2886
-58.8989
-57.6782
-57.0679
-57.6782
-58.5938
-59.8145
-59.8145
-59.8145
-59.2041
-58.5938
-57.6782
-57.6782
-59.5093
-59.2041
-59.5093
-58.2886
-57.9834
-57.373
-57.6782
-59.5093
-60.1196
-60.1196
-59.5093
-58.2886
-58.2886
-58.2886
-59.8145
-60.1196
-60.1196
-58.8989
-58.2886
-57.9834
-58.5938
-60.4248
-60.4248
-59.8145
-58.2886
-58.2886
-58.5938
-59.5093
-60.1196
-60.4248
-60.4248
-59.2041
-59.8145
-58.8989
-58.8989
-58.5938
-58.8989
-58.5938
-58.8989
-60.1196
-60.4248
-60.4248
-60.4248
-60.73
-60.4248
-60.1196
-60.4248
-59.2041
-59.2041
-58.5938
-59.5093
-58.8989
-59.5093
-60.4248
-60.73
-61.3403
-60.1196
-60.4248
-60.1196
-59.5093
-59.2041
-58.8989
-59.2041
-58.8989
-60.4248
-60.4248
-61.0352
-61.3403
-60.73
-60.4248
-59.5093
-59.8145
-59.2041
-59.8145
-59.8145
-60.4248
-61.0352
-60.1196
-60.4248
-60.1196
-60.4248
-59.2041
-59.8145
-60.4248
-61.3403
-61.9507
-61.0352
-60.73
-59.5093
-59.5093
-59.5093
-60.1196
-60.73
-61.3403
-61.3403
-60.4248
-59.8145
-59.2041
-59.8145
-60.4248
-61.6455
-61.9507
-60.4248
-60.1196
-59.5093
-59.5093
-60.73
-62.2559
-61.9507
-60.4248
-59.5093
-59.2041
-59.8145
-61.0352
-61.6455
-60.73
-60.4248
-59.2041
-59.2041
-60.73
-62.2559
-61.9507
-61.3403
-59.8145
-60.1196
-59.8145
-61.3403
-60.73
-61.3403
-60.73
-60.1196
-59.5093
-59.8145
-59.8145
-60.1196
-60.73
-61.9507
-62.2559
-61.9507
-61.3403
-61.9507
-61.0352
-60.73
-59.8145
-60.1196
-59.8145
-59.8145
-60.1196
-60.73
-60.73
-60.73
-62.2559
-61.6455
-62.561
-62.2559
-61.3403
-61.6455
-60.73
-60.73
-60.1196
-60.1196
-60.4248
-60.1196
-61.9507
-61.9507
-61.9507
-61.0352
-61.3403
-60.4248
-60.4248
-60.4248
-60.4248
-61.6455
-62.2559
-62.2559
-61.6455
-61.9507
-60.73
-60.1196
-60.1196
-60.73
-61.9507
-62.2559
-62.561
-61.9507
-61.3403
-60.73
-60.4248
-61.0352
-61.0352
-62.2559
-62.561
-62.2559
-62.2559
-61.3403
-60.73
-60.4248
-61.9507
-61.9507
-62.8662
-61.6455
-61.0352
-60.4248
-60.73
-61.9507
-62.2559
-62.8662
-61.9507
-61.6455
-60.73
-60.4248
-61.9507
-62.561
-63.1714
-62.2559
-61.3403
-61.0352
-60.73
-62.561
-62.561
-62.561
-61.3403
-61.0352
-61.3403
-61.9507
-63.1714
-62.2559
-62.8662
-61.9507
-61.0352
-61.3403
-61.9507
-61.9507
-62.8662
-63.1714
-62.8662
-62.8662
-61.9507
-62.561
-61.6455
-61.6455
-61.3403
-61.3403
-61.6455
-61.3403
-62.2559
-61.9507
-62.8662
-62.8662
-62.8662
-63.1714
-62.561
-62.561
-62.2559
-61.6455
-60.73
-61.0352
-61.0352
-61.9507
-62.561
-63.4766
-63.7817
-63.1714
-62.561
-62.561
-61.3403
-61.6455
-61.0352
-62.2559
-61.9507
-62.561
-62.8662
-62.561
-62.8662
-61.9507
-61.6455
-60.4248
-61.6455
-62.2559
-63.1714
-64.0869
-63.4766
-63.4766
-62.561
-61.9507
-61.6455
-61.6455
-62.561
-63.1714
-63.7817
-63.1714
-62.8662
-61.9507
-61.6455
-61.9507
-63.1714
-64.3921
-62.561
-62.8662
-62.2559
-61.3403
-62.2559
-62.8662
-64.3921
-63.7817
-63.4766
-61.9507
-61.9507
-61.9507
-63.4766
-64.0869
-63.4766
-63.1714
-61.9507
-61.9507
-62.8662
-63.7817
-63.1714
-63.1714
-62.8662
-61.9507
-62.8662
-63.1714
-63.7817
-62.8662
-61.9507
-61.3403
-61.9507
-63.7817
-64.0869
-64.3921
-63.4766
-63.4766
-63.1714
-62.561
-62.561
-62.2559
-62.561
-62.561
-62.8662
-63.1714
-64.6973
-64.6973
-63.7817
-64.0869
-63.7817
-64.0869
-63.4766
-62.8662
-62.2559
-62.2559
-62.561
-62.2559
-63.7817
-64.0869
-65.6128
-64.6973
-64.3921
-64.0869
-62.8662
-62.561
-61.6455
-62.8662
-62.8662
-62.8662
-64.0869
-64.6973
-64.6973
-64.0869
-64.0869
-63.1714
-62.8662
-62.561
-62.8662
-64.0869
-64.0869
-65.3076
-64.3921
-64.0869
-63.7817
-62.561
-62.8662
-62.8662
-64.3921
-64.3921
-65.0024
-64.3921
-63.1714
-62.561
-62.2559
-63.7817
-64.3921
-65.0024
-65.0024
-63.7817
-63.7817
-62.561
-61.9507
-63.1714
-64.3921
-64.3921
-64.0869
-63.4766
-63.1714
-63.1714
-64.0869
-65.0024
-65.0024
-64.0869
-63.1714
-62.8662
-63.7817
-64.6973
-65.3076
-64.3921
-63.7817
-62.8662
-62.8662
-64.0869
-65.0024
-65.0024
-63.7817
-63.1714
-62.8662
-63.7817
-64.6973
-65.0024
-65.3076
-64.0869
-63.1714
-62.561
-62.8662
-63.7817
-63.7817
-64.6973
-64.6973
-65.0024
-64.3921
-64.6973
-63.7817
-63.7817
-63.7817
-63.1714
-64.0869
-63.7817
-64.0869
-63.4766
-65.0024
-64.3921
-65.6128
-65.0024
-64.6973
-65.0024
-63.7817
-63.7817
-63.7817
-63.4766
-63.4766
-63.7817
-65.0024
-65.6128
-65.6128
-64.3921
-65.0024
-63.4766
-63.4766
-63.7817
-62.8662
-64.0869
-65.0024
-65.6128
-65.6128
-65.0024
-64.3921
-63.7817
-63.7817
-64.3921
-64.6973
-65.918
-66.2231
-65.3076
-65.3076
-64.6973
-63.1714
-63.7817
-64.0869
-64.3921
-65.918
-65.918
-65.3076
-64.3921
-64.3921
-63.1714
-64.3921
-65.3076
-66.8335
-65.3076
-64.6973
-64.0869
-63.1714
-64.3921
-65.6128
-65.918
-65.6128
-64.6973
-64.3921
-62.8662
-65.0024
-65.3076
-65.918
-65.3076
-65.0024
-63.7817
-64.0869
-66.5283
-65.918
-66.2231
-65.0024
-64.3921
-64.3921
-64.6973
-66.8335
-65.0024
-64.3921
-64.0869
-63.7817
-65.3076
-66.8335
-66.5283
-66.5283
-65.3076
-64.3921
-64.6973
-63.7817
-64.6973
-65.3076
-65.0024
-66.2231
-65.918
-66.2231
-65.6128
-65.918
-65.3076
-65.3076
-65.0024
-64.0869
-64.0869
-64.3921
-65.0024
-65.0024
-65.6128
-66.5283
-66.8335
-66.8335
-65.6128
-65.918
-64.3921
-64.0869
-64.0869
-63.7817
-65.0024
-65.0024
-66.2231
-66.2231
-67.1387
-65.918
-65.6128
-65.3076
-64.3921
-64.3921
-64.6973
-65.0024
-66.2231
-66.5283
-66.2231
-65.918
-65.3076
-64.6973
-64.6973
-64.6973
-66.2231
-66.5283
-66.5283
-66.2231
-65.6128
-65.0024
-64.6973
-65.0024
-65.3076
-67.1387
-66.8335
-66.5283
-65.3076
-65.0024
-64.0869
-64.6973
-66.5283
-66.8335
-66.5283
-66.2231
-65.0024
-65.3076
-65.3076
-67.1387
-66.8335
-66.5283
-65.918
-65.3076
-64.6973
-65.0024
-66.8335
-66.8335
-66.5283
-65.6128
-65.0024
-65.3076
-66.5283
-68.0542
-66.8335
-65.918
-65.3076
-65.918
-66.5283
-67.1387
-66.8335
-65.918
-66.2231
-64.6973
-65.3076
-66.5283
-66.8335
-67.4438
-66.8335
-67.1387
-65.918
-66.2231
-65.3076
-65.0024
-65.3076
-65.6128
-66.5283
-66.5283
-67.1387
-68.0542
-67.4438
-67.1387
-66.5283
-66.2231
-65.918
-66.2231
-65.3076
-65.6128
-65.3076
-65.918
-66.8335
-67.1387
-68.0542
-67.1387
-67.1387
-66.5283
-66.2231
-65.6128
-65.3076
-65.3076
-66.2231
-67.4438
-67.1387
-67.4438
-66.5283
-66.8335
-66.2231
-66.2231
-66.2231
-65.918
-67.4438
-68.0542
-68.0542
-67.749
-66.8335
-65.918
-65.0024
-65.6128
-65.6128
-67.4438
-67.4438
-67.4438
-67.4438
-66.5283
-65.918
-65.6128
-66.8335
-67.1387
-68.0542
-67.4438
-66.8335
-65.918
-65.6128
-66.8335
-67.4438
-68.0542
-67.1387
-66.8335
-65.918
-66.2231
-66.2231
-67.749
-68.0542
-67.4438
-65.918
-66.8335
-66.5283
-68.3594
-68.3594
-67.4438
-66.2231
-65.6128
-65.918
-66.2231
-68.3594
-67.1387
-66.5283
-65.3076
-66.2231
-67.4438
-67.749
-68.0542
-66.8335
-66.8335
-65.6128
-66.8335
-66.8335
-67.1387
-68.0542
-67.749
-67.1387
-67.1387
-66.8335
-66.2231
-65.918
-65.918
-65.6128
-66.2231
-66.5283
-67.1387
-67.749
-68.6646
-67.749
-67.4438
-67.749
-67.1387
-67.749
-66.8335
-66.2231
-65.6128
-66.2231
-66.2231
-67.4438
-68.0542
-67.749
-68.0542
-67.1387
-67.1387
-66.2231
-66.2231
-66.2231
-65.918
-67.4438
-67.4438
-67.749
-67.4438
-66.8335
-66.2231
-65.6128
-66.2231
-65.918
-66.5283
-67.749
-68.0542
-67.749
-67.1387
-67.1387
-65.6128
-66.5283
-67.1387
-68.0542
-68.0542
-68.0542
-67.749
-66.5283
-66.2231
-65.6128
-66.5283
-67.749
-67.749
-67.749
-66.5283
-66.8335
-65.6128
-66.8335
-68.0542
-68.9697
-68.3594
-67.4438
-66.2231
-65.6128
-66.5283
-67.4438
-67.4438
-67.1387
-66.5283
-66.5283
-65.3076
-67.1387
-67.749
-68.0542
-66.8335
-65.6128
-66.5283
-67.4438
-68.3594
-67.4438
-66.8335
-66.2231
-66.2231
-66.5283
-68.0542
-68.3594
-67.4438
-67.4438
-66.2231
-65.6128
-65.3076
-66.8335
-67.749
-68.0542
-68.6646
-68.6646
-68.0542
-67.749
-67.749
-66.8335
-66.8335
-66.5283
-65.6128
-65.918
-66.2231
-67.4438
-67.749
-68.3594
-68.0542
-68.3594
-68.0542
-67.1387
-66.8335
-66.2231
-66.2231
-66.2231
-66.8335
-68.3594
-68.0542
-68.0542
-67.749
-67.4438
-67.749
-66.2231
-66.5283
-66.5283
-67.4438
-68.3594
-68.6646
-68.6646
-67.749
-67.749
-66.8335
-66.5283
-66.5283
-67.4438
-68.0542
-68.3594
-68.3594
-67.4438
-67.1387
-66.2231
-66.5283
-66.5283
-67.749
-69.2749
-69.2749
-68.0542
-67.1387
-66.8335
-65.6128
-67.1387
-68.3594
-68.9697
-68.3594
-67.1387
-67.1387
-65.918
-66.8335
-68.6646
-68.6646
-68.0542
-67.1387
-66.8335
-66.5283
-68.0542
-68.6646
-68.9697
-68.0542
-67.4438
-66.8335
-67.1387
-68.0542
-68.3594
-67.4438
-66.2231
-67.1387
-67.1387
-68.9697
-68.9697
-68.0542
-67.4438
-66.2231
-67.4438
-68.6646
-69.2749
-68.6646
-67.1387
-66.8335
-65.918
-66.5283
-67.4438
-67.749
-69.2749
-68.6646
-69.2749
-68.0542
-68.0542
-67.1387
-67.4438
-66.8335
-66.8335
-67.4438
-66.8335
-67.1387
-67.749
-68.0542
-69.2749
-68.6646
-68.3594
-67.749
-68.0542
-66.5283
-66.5283
-66.5283
-67.1387
-67.1387
-68.0542
-68.9697
-68.9697
-69.2749
-68.6646
-68.0542
-67.1387
-66.5283
-67.1387
-66.5283
-67.749
-68.0542
-68.6646
-68.6646
-68.6646
-68.0542
-67.1387
-66.8335
-66.8335
-67.749
-68.9697
-69.2749
-68.0542
-67.749
-67.4438
-66.8335
-67.4438
-67.1387
-68.9697
-68.9697
-68.3594
-68.0542
-66.5283
-66.8335
-67.4438
-68.0542
-68.6646
-69.5801
-68.6646
-67.749
-67.4438
-67.1387
-68.0542
-68.6646
-69.2749
-68.0542
-67.4438
-66.5283
-66.8335
-67.749
-68.9697
-69.2749
-68.0542
-67.4438
-67.4438
-67.4438
-69.2749
-68.6646
-68.9697
-67.1387
-67.749
-67.1387
-68.9697
-69.2749
-68.3594
-67.749
-67.1387
-67.749
-68.6646
-68.9697
-68.6646
-68.9697
-68.6646
-67.4438
-67.4438
-67.4438
-68.3594
-68.3594
-69.2749
-69.5801
-69.2749
-69.5801
-68.0542
-68.6646
-67.749
-67.749
-67.749
-67.4438
-67.749
-67.749
-68.3594
-68.9697
-69.8853
-69.5801
-68.9697
-68.3594
-68.3594
-68.0542
-67.4438
-67.4438
-67.1387
-68.0542
-68.6646
-69.2749
-69.5801
-68.6646
-68.9697
-67.749
-67.4438
-67.1387
-67.4438
-68.0542
-68.9697
-69.2749
-68.9697
-68.9697
-68.0542
-67.1387
-66.8335
-67.1387
-68.0542
-68.6646
-69.5801
-68.9697
-68.3594
-67.749
-67.4438
-67.4438
-68.9697
-69.8853
-68.6646
-68.6646
-67.749
-67.1387
-67.1387
-67.4438
-69.5801
-68.9697
-68.6646
-68.0542
-68.0542
-67.1387
-68.0542
-69.2749
-69.8853
-68.9697
-68.3594
-67.1387
-67.4438
-67.749
-70.1904
-69.5801
-68.6646
-67.1387
-66.8335
-67.749
-69.5801
-69.5801
-68.6646
-67.749
-66.8335
-67.749
-69.5801
-69.5801
-69.2749
-68.0542
-67.749
-68.0542
-69.2749
-69.5801
-68.9697
-68.3594
-68.6646
-66.8335
-67.4438
-67.749
-68.0542
-68.9697
-69.8853
-69.5801
-69.8853
-68.6646
-68.9697
-68.3594
-68.3594
-67.1387
-67.4438
-67.1387
-67.749
-67.749
-68.3594
-68.9697
-69.8853
-69.8853
-69.2749
-69.2749
-68.9697
-67.749
-68.0542
-67.749
-68.0542
-68.6646
-68.9697
-69.2749
-69.8853
-69.2749
-68.6646
-68.3594
-67.4438
-67.749
-67.749
-68.0542
-68.9697
-69.5801
-69.8853
-69.2749
-69.2749
-68.0542
-67.749
-68.0542
-68.3594
-69.2749
-69.5801
-69.5801
-69.2749
-68.0542
-67.749
-67.749
-68.9697
-69.2749
-70.1904
-69.5801
-68.9697
-68.0542
-67.749
-67.749
-69.8853
-69.8853
-70.1904
-69.2749
-68.3594
-67.4438
-67.4438
-68.9697
-69.2749
-69.2749
-69.5801
-68.0542
-67.749
-67.749
-69.2749
-69.2749
-69.5801
-68.9697
-67.4438
-67.749
-68.6646
-70.1904
-69.5801
-68.6646
-68.0542
-67.4438
-68.6646
-69.8853
-69.5801
-69.2749
-68.3594
-67.749
-67.749
-69.2749
-69.8853
-70.4956
-68.9697
-69.5801
-68.9697
-68.0542
-68.0542
-67.4438
-68.0542
-68.3594
-69.5801
-69.5801
-69.8853
-69.8853
-69.5801
-69.2749
-68.6646
-68.6646
-68.0542
-68.0542
-68.0542
-68.0542
-68.6646
-68.9697
-69.8853
-69.5801
-69.2749
-68.6646
-68.9697
-68.3594
-67.749
-68.0542
-68.0542
-68.6646
-69.5801
-69.8853
-70.1904
-69.5801
-69.5801
-68.0542
-68.0542
-68.0542
-68.0542
-68.9697
-69.8853
-69.8853
-69.5801
-68.9697
-68.3594
-67.749
-68.0542
-69.2749
-70.1904
-69.8853
-70.4956
-69.5801
-69.5801
-68.0542
-68.9697
-68.9697
-69.2749
-70.1904
-69.5801
-69.5801
-67.749
-68.3594
-68.0542
-68.9697
-70.8008
-69.8853
-69.2749
-68.0542
-68.3594
-68.6646
-69.2749
-69.8853
-69.5801
-69.2749
-67.749
-68.9697
-68.6646
-69.8853
-70.4956
-69.2749
-68.3594
-68.6646
-69.5801
-69.8853
-70.8008
-69.8853
-68.9697
-68.6646
-68.9697
-70.4956
-69.8853
-69.5801
-67.4438
-68.0542
-68.3594
-68.9697
-70.4956
-70.4956
-70.1904
-69.2749
-69.2749
-68.9697
-68.3594
-68.0542
-68.6646
-70.1904
-69.8853
-71.4111
-70.4956
-70.4956
-70.1904
-69.5801
-69.2749
-68.6646
-68.9697
-67.4438
-68.6646
-68.3594
-69.2749
-70.1904
-70.1904
-71.106
-70.1904
-70.4956
-69.2749
-68.9697
-68.6646
-67.749
-68.6646
-68.9697
-70.1904
-70.8008
-71.106
-69.8853
-70.1904
-69.2749
-68.0542
-68.3594
-69.2749
-70.4956
-70.8008
-70.1904
-70.1904
-69.8853
-69.2749
-68.6646
-68.9697
-68.9697
-70.1904
-71.106
-70.1904
-70.4956
-68.9697
-68.9697
-68.6646
-69.2749
-70.1904
-71.106
-70.4956
-69.8853
-69.2749
-68.6646
-68.9697
-69.5801
-70.4956
-70.1904
-69.2749
-68.9697
-68.0542
-68.3594
-70.1904
-70.1904
-70.4956
-69.5801
-69.5801
-68.9697
-69.2749
-70.4956
-71.106
-69.2749
-69.2749
-68.0542
-68.6646
-70.1904
-70.4956
-70.1904
-69.2749
-68.9697
-68.6646
-70.1904
-71.106
-70.1904
-69.5801
-68.6646
-68.6646
-69.2749
-71.106
-70.4956
-70.8008
-69.8853
-69.5801
-69.2749
-68.6646
-68.6646
-68.0542
-69.2749
-69.8853
-70.4956
-71.106
-70.4956
-71.106
-70.1904
-70.4956
-69.5801
-68.9697
-68.6646
-68.0542
-69.2749
-69.2749
-69.8853
-70.1904
-71.4111
-70.1904
-69.8853
-69.8853
-68.9697
-68.9697
-68.3594
-69.2749
-69.5801
-70.4956
-71.106
-70.4956
-70.1904
-69.5801
-69.2749
-68.6646
-69.2749
-69.8853
-70.4956
-71.4111
-70.4956
-71.106
-69.5801
-68.9697
-68.6646
-68.9697
-69.8853
-71.7163
-71.7163
-70.4956
-70.1904
-69.2749
-68.9697
-68.6646
-69.8853
-70.4956
-70.4956
-70.8008
-69.5801
-69.5801
-68.9697
-69.5801
-71.106
-71.106
-71.106
-69.8853
-68.9697
-68.9697
-69.5801
-70.1904
-71.106
-70.1904
-69.5801
-68.9697
-68.9697
-70.4956
-71.4111
-70.4956
-69.8853
-68.9697
-69.5801
-70.4956
-71.7163
-70.4956
-69.8853
-69.5801
-69.2749
-70.8008
-71.4111
-70.4956
-69.5801
-68.3594
-69.8853
-70.1904
-71.106
-71.106
-71.7163
-70.8008
-71.106
-70.1904
-69.5801
-69.2749
-68.9697
-69.5801
-69.2749
-69.5801
-69.5801
-69.8853
-70.1904
-70.8008
-71.106
-70.8008
-71.4111
-71.106
-71.106
-70.1904
-70.1904
-70.1904
-68.9697
-69.2749
-69.2749
-69.5801
-70.1904
-70.1904
-71.106
-71.106
-70.4956
-70.4956
-70.4956
-70.1904
-69.5801
-69.5801
-69.5801
-69.5801
-70.4956
-70.8008
-71.7163
-72.3267
-71.4111
-70.4956
-70.1904
-69.2749
-69.2749
-69.2749
-70.1904
-71.106
-72.0215
-71.7163
-71.4111
-70.8008
-69.2749
-69.2749
-69.5801
-70.1904
-71.7163
-71.106
-71.4111
-70.4956
-70.4956
-68.6646
-68.9697
-69.2749
-70.8008
-71.7163
-71.106
-70.8008
-69.5801
-69.5801
-69.8853
-69.8853
-71.7163
-71.7163
-71.4111
-70.8008
-70.1904
-68.6646
-70.1904
-70.8008
-71.4111
-70.4956
-69.8853
-69.8853
-69.5801
-70.1904
-71.4111
-71.7163
-71.106
-69.8853
-69.5801
-70.1904
-70.8008
-72.0215
-71.4111
-71.106
-70.4956
-70.1904
-69.5801
-69.5801
-70.1904
-71.106
-72.0215
-72.0215
-72.0215
-71.7163
-71.7163
-71.4111
-71.106
-70.4956
-70.1904
-69.8853
-69.2749
-69.5801
-69.8853
-69.8853
-70.8008
-71.106
-72.3267
-71.4111
-72.0215
-71.4111
-71.106
-71.106
-70.1904
-70.1904
-69.8853
-69.8853
-70.1904
-71.106
-72.0215
-71.7163
-72.3267
-71.4111
-71.4111
-70.8008
-69.8853
-69.5801
-69.8853
-71.106
-70.4956
-72.0215
-71.7163
-71.7163
-71.4111
-70.1904
-71.106
-70.1904
-70.4956
-70.4956
-71.4111
-72.0215
-71.106
-71.4111
-70.1904
-69.5801
-69.8853
-70.1904
-71.106
-71.7163
-72.0215
-71.4111
-71.4111
-70.4956
-70.1904
-70.1904
-71.106
-72.6318
-70.4956
-71.4111
-70.4956
-69.8853
-70.1904
-71.4111
-72.3267
-72.0215
-71.7163
-70.1904
-70.1904
-70.4956
-71.106
-72.3267
-71.7163
-71.7163
-70.4956
-70.1904
-70.4956
-72.3267
-71.7163
-70.4956
-70.4956
-69.2749
-70.4956
-71.106
-71.7163
-72.0215
-71.4111
-71.4111
-70.8008
-71.4111
-70.1904
-70.1904
-70.1904
-70.8008
-72.0215
-72.3267
-72.3267
-72.0215
-71.7163
-71.4111
-70.8008
-71.106
-70.1904
-70.1904
-69.5801
-70.4956
-69.8853
-70.1904
-71.4111
-71.7163
-72.3267
-71.7163
-72.3267
-71.4111
-71.106
-71.106
-69.8853
-70.1904
-69.8853
-70.1904
-70.1904
-72.0215
-71.7163
-72.3267
-72.6318
-72.0215
-72.0215
-70.4956
-70.4956
-69.5801
-69.5801
-70.8008
-70.8008
-72.3267
-72.3267
-72.6318
-71.4111
-70.8008
-70.1904
-69.8853
-70.8008
-71.4111
-72.3267
-71.7163
-72.0215
-71.4111
-70.8008
-70.8008
-70.1904
-71.106
-71.7163
-72.3267
-72.3267
-71.7163
-71.106
-70.1904
-70.4956
-70.8008
-72.3267
-72.6318
-72.3267
-71.7163
-70.8008
-70.4956
-70.4956
-72.0215
-71.4111
-72.0215
-71.106
-70.8008
-69.8853
-70.4956
-72.3267
-72.6318
-72.937
-71.4111
-70.1904
-69.8853
-72.0215
-73.5474
-72.3267
-72.3267
-70.1904
-70.1904
-70.4956
-71.7163
-72.937
-72.6318
-72.3267
-71.106
-71.4111
-71.106
-71.106
-70.4956
-70.8008
-71.7163
-71.7163
-72.3267
-72.6318
-72.937
-72.6318
-72.6318
-72.6318
-71.7163
-71.7163
-70.4956
-71.106
-70.4956
-70.8008
-71.106
-70.4956
-71.7163
-72.0215
-72.937
-72.3267
-72.6318
-72.0215
-71.7163
-71.7163
-71.106
-71.4111
-70.1904
-71.7163
-71.4111
-72.937
-72.937
-72.3267
-72.3267
-71.7163
-72.0215
-71.4111
-70.8008
-71.106
-72.0215
-72.6318
-73.2422
-72.937
-72.6318
-72.3267
-71.4111
-70.4956
-71.106
-70.4956
-72.3267
-72.937
-72.937
-72.3267
-72.6318
-71.7163
-71.106
-71.4111
-71.7163
-72.3267
-72.6318
-72.6318
-71.7163
-70.8008
-70.8008
-71.4111
-72.6318
-72.6318
-72.937
-72.0215
-71.4111
-70.8008
-71.106
-73.2422
-72.6318
-72.937
-71.7163
-71.4111
-70.8008
-71.7163
-72.937
-72.6318
-71.7163
-71.106
-71.106
-70.8008
-72.937
-73.2422
-72.3267
-72.3267
-71.106
-71.7163
-71.7163
-73.2422
-73.2422
-72.937
-72.6318
-71.4111
-71.106
-70.1904
-70.8008
-70.4956
-71.4111
-71.7163
-71.7163
-72.6318
-72.6318
-72.6318
-73.2422
-73.2422
-72.3267
-72.6318
-72.3267
-71.4111
-72.0215
-71.106
-71.106
-71.4111
-71.7163
-72.0215
-72.3267
-72.937
-72.937
-73.2422
-72.937
-72.3267
-72.6318
-71.4111
-71.7163
-71.4111
-72.0215
-71.4111
-72.937
-73.2422
-72.6318
-72.937
-72.3267
-72.0215
-71.4111
-71.106
-71.7163
-71.7163
-73.5474
-73.2422
-73.5474
-72.3267
-72.0215
-71.7163
-71.4111
-71.7163
-72.3267
-73.5474
-73.8525
-72.6318
-72.937
-71.4111
-71.4111
-71.106
-72.3267
-72.6318
-73.8525
-72.6318
-72.6318
-71.7163
-71.106
-72.3267
-72.937
-73.5474
-73.5474
-72.6318
-71.7163
-70.4956
-71.106
-71.7163
-73.2422
-73.8525
-72.937
-72.3267
-71.4111
-72.0215
-72.3267
-73.5474
-72.6318
-72.3267
-71.4111
-71.4111
-72.6318
-73.2422
-73.8525
-72.3267
-72.3267
-71.4111
-72.0215
-72.3267
-73.2422
-74.1577
-73.2422
-72.937
-72.6318
-72.6318
-72.0215
-72.0215
-72.0215
-71.4111
-72.0215
-71.4111
-72.0215
-72.6318
-72.937
-73.5474
-73.5474
-74.4629
-72.937
-72.937
-72.3267
-72.6318
-72.6318
-71.7163
-72.0215
-71.4111
-72.6318
-72.3267
-73.5474
-72.937
-73.8525
-73.5474
-72.937
-72.3267
-72.0215
-71.7163
-71.7163
-71.7163
-72.937
-73.2422
-73.8525
-73.5474
-73.5474
-72.3267
-72.6318
-71.4111
-71.4111
-71.7163
-72.6318
-73.5474
-73.5474
-73.5474
-72.6318
-72.3267
-71.106
-71.106
-72.3267
-72.937
-73.8525
-73.8525
-73.2422
-72.3267
-72.0215
-71.106
-71.106
-72.6318
-73.5474
-74.1577
-72.937
-72.0215
-71.7163
-71.7163
-72.937
-73.5474
-74.4629
-73.5474
-72.3267
-72.3267
-71.4111
-72.937
-73.5474
-74.1577
-73.5474
-72.3267
-72.0215
-71.7163
-73.5474
-73.8525
-73.8525
-72.6318
-72.0215
-71.4111
-72.6318
-74.1577
-73.8525
-74.1577
-72.6318
-72.3267
-71.7163
-72.3267
-73.8525
-73.8525
-73.8525
-73.2422
-73.2422
-72.3267
-72.0215
-72.3267
-71.4111
-72.3267
-72.0215
-72.0215
-72.6318
-73.8525
-73.5474
-73.5474
-73.8525
-73.2422
-72.937
-72.937
-72.6318
-72.3267
-72.0215
-71.7163
-72.0215
-72.0215
-72.3267
-74.1577
-73.8525
-74.4629
-74.1577
-72.937
-73.8525
-72.3267
-72.0215
-71.7163
-71.4111
-72.0215
-72.6318
-73.8525
-74.1577
-73.5474
-73.2422
-72.937
-72.0215
-71.7163
-72.3267
-72.6318
-73.8525
-73.5474
-74.1577
-72.937
-72.6318
-72.0215
-71.7163
-72.3267
-72.3267
-74.1577
-74.1577
-73.5474
-72.6318
-72.0215
-72.0215
-72.0215
-72.6318
-72.937
-74.1577
-73.5474
-73.2422
-72.0215
-71.7163
-72.0215
-72.3267
-74.4629
-73.5474
-73.2422
-72.0215
-71.106
-72.3267
-72.937
-75.0732
-73.8525
-73.5474
-72.6318
-72.0215
-72.0215
-73.8525
-73.8525
-73.2422
-72.937
-72.3267
-72.0215
-73.2422
-73.8525
-73.8525
-72.6318
-72.6318
-72.937
-72.6318
-73.5474
-74.1577
-74.7681
-73.5474
-73.8525
-72.937
-72.6318
-72.937
-72.0215
-72.0215
-72.0215
-72.3267
-72.6318
-73.5474
-73.2422
-74.4629
-74.7681
-74.4629
-73.5474
-73.8525
-73.2422
-72.937
-72.6318
-72.0215
-71.7163
-72.0215
-71.7163
-72.937
-73.8525
-73.5474
-73.5474
-72.937
-73.2422
-72.0215
-72.6318
-71.106
-72.3267
-72.0215
-72.937
-73.8525
-74.1577
-73.8525
-73.5474
-72.937
-72.3267
-72.0215
-71.7163
-72.3267
-73.5474
-73.5474
-74.4629
-73.5474
-72.937
-72.937
-72.0215
-72.0215
-72.3267
-73.2422
-73.8525
-74.4629
-73.5474
-72.6318
-71.4111
-71.7163
-72.3267
-73.2422
-73.5474
-73.8525
-73.5474
-72.937
-72.3267
-72.6318
-72.3267
-73.8525
-74.4629
-73.8525
-72.6318
-72.0215
-71.7163
-72.6318
-73.8525
-72.937
-73.5474
-72.6318
-72.0215
-72.0215
-72.6318
-73.8525
-73.5474
-73.2422
-72.3267
-72.0215
-72.6318
-73.5474
-74.4629
-73.2422
-72.3267
-72.0215
-71.7163
-72.937
-74.1577
-74.1577
-72.937
-73.5474
-72.937
-72.3267
-72.3267
-72.0215
-72.3267
-72.3267
-72.6318
-72.937
-73.8525
-73.5474
-74.1577
-73.8525
-73.5474
-73.5474
-72.6318
-72.937
-71.7163
-72.3267
-71.4111
-71.7163
-72.3267
-72.937
-73.2422
-73.8525
-73.5474
-74.1577
-73.8525
-73.2422
-72.6318
-72.6318
-71.4111
-71.7163
-71.4111
-72.3267
-73.8525
-74.1577
-74.4629
-73.5474
-73.5474
-72.6318
-72.3267
-72.3267
-71.7163
-72.937
-73.5474
-74.4629
-73.8525
-73.8525
-72.6318
-72.3267
-71.7163
-72.0215
-72.937
-73.5474
-73.8525
-73.5474
-72.937
-72.937
-72.3267
-72.0215
-71.7163
-73.8525
-74.4629
-73.8525
-72.937
-72.3267
-72.0215
-71.106
-72.3267
-73.8525
-73.8525
-73.5474
-72.937
-72.0215
-71.7163
-73.5474
-73.8525
-74.4629
-73.5474
-73.2422
-71.7163
-72.0215
-72.6318
-72.937
-73.8525
-72.937
-72.6318
-72.3267
-72.6318
-74.1577
-73.8525
-73.8525
-72.937
-72.0215
-72.0215
-72.3267
-73.2422
-73.5474
-74.7681
-73.5474
-73.5474
-72.937
-72.937
-72.3267
-71.7163
-72.0215
-71.7163
-72.6318
-72.6318
-73.8525
-74.4629
-74.1577
-74.1577
-74.1577
-74.4629
-73.8525
-73.2422
-72.3267
-71.7163
-71.4111
-71.7163
-72.937
-72.6318
-73.5474
-73.8525
-74.7681
-74.1577
-73.8525
-73.2422
-72.3267
-72.3267
-72.0215
-71.7163
-72.6318
-73.5474
-74.1577
-74.1577
-73.8525
-72.937
-73.2422
-72.3267
-71.7163
-72.6318
-72.6318
-73.2422
-74.1577
-74.4629
-73.5474
-73.8525
-72.937
-72.3267
-72.3267
-72.0215
-73.5474
-73.8525
-74.1577
-72.937
-72.937
-72.0215
-72.3267
-72.6318
-73.2422
-74.7681
-74.1577
-73.5474
-72.6318
-72.3267
-72.3267
-72.6318
-74.1577
-74.1577
-73.8525
-73.2422
-72.0215
-72.0215
-72.6318
-74.1577
-74.1577
-73.5474
-72.6318
-72.0215
-72.3267
-73.8525
-75.0732
-73.8525
-73.8525
-72.6318
-72.3267
-72.937
-74.4629
-73.8525
-73.2422
-72.3267
-71.4111
-72.3267
-72.937
-73.8525
-74.7681
-74.1577
-74.1577
-73.8525
-72.937
-72.0215
-72.6318
-71.4111
-71.7163
-72.6318
-72.6318
-74.1577
-73.8525
-74.1577
-73.8525
-73.5474
-73.5474
-72.937
-72.6318
-72.6318
-72.6318
-72.0215
-72.0215
-72.6318
-73.2422
-73.5474
-74.1577
-74.7681
-74.1577
-74.4629
-72.6318
-72.6318
-72.6318
-71.7163
-72.3267
-71.7163
-73.8525
-72.937
-74.4629
-74.7681
-74.1577
-74.1577
-72.6318
-72.6318
-72.0215
-72.3267
-72.6318
-73.5474
-74.4629
-74.4629
-74.1577
-73.5474
-72.6318
-72.3267
-72.6318
-73.2422
-74.4629
-74.1577
-73.8525
-73.5474
-72.937
-72.6318
-72.0215
-72.6318
-74.1577
-74.4629
-74.1577
-73.2422
-72.937
-72.3267
-72.3267
-72.937
-74.4629
-74.4629
-73.8525
-74.1577
-72.6318
-72.6318
-73.8525
-74.1577
-74.7681
-73.2422
-72.6318
-72.0215
-72.6318
-72.937
-74.1577
-74.4629
-73.5474
-73.5474
-72.3267
-72.937
-74.1577
-74.7681
-74.1577
-73.5474
-72.6318
-72.6318
-72.6318
-73.5474
-75.6836
-74.7681
-74.1577
-74.4629
-73.2422
-73.2422
-72.6318
-72.6318
-72.3267
-72.3267
-72.937
-73.8525
-74.4629
-74.7681
-75.3784
-74.7681
-74.1577
-74.1577
-73.5474
-73.5474
-71.7163
-72.3267
-72.0215
-72.6318
-72.6318
-73.5474
-74.7681
-75.0732
-75.3784
-74.4629
-74.4629
-72.937
-72.937
-72.6318
-72.6318
-72.6318
-72.937
-75.0732
-74.7681
-74.7681
-74.1577
-73.8525
-73.2422
-72.937
-73.5474
-72.937
-74.1577
-73.5474
-74.4629
-74.7681
-74.4629
-74.4629
-72.937
-72.937
-71.7163
-73.2422
-73.5474
-74.7681
-74.4629
-73.5474
-73.2422
-72.937
-73.2422
-73.8525
-74.7681
-75.3784
-74.4629
-74.7681
-72.6318
-72.937
-72.937
-72.937
-74.7681
-74.4629
-74.1577
-72.937
-72.3267
-72.937
-73.8525
-75.0732
-75.0732
-74.1577
-72.937
-72.6318
-73.5474
-75.0732
-74.7681
-74.4629
-73.5474
-72.3267
-73.2422
-74.1577
-74.7681
-73.8525
-73.8525
-72.6318
-72.937
-73.5474
-73.8525
-75.3784
-74.7681
-74.7681
-74.4629
-73.5474
-72.3267
-72.6318
-72.3267
-72.937
-73.5474
-73.5474
-74.7681
-75.3784
-74.7681
-75.3784
-74.4629
-74.1577
-73.8525
-73.8525
-72.6318
-72.6318
-72.6318
-72.937
-72.937
-73.5474
-74.1577
-74.4629
-75.0732
-75.0732
-74.4629
-74.4629
-73.5474
-73.5474
-72.6318
-72.6318
-72.937
-73.5474
-74.7681
-75.3784
-74.7681
-74.7681
-74.1577
-72.937
-72.6318
-72.3267
-72.3267
-73.8525
-74.1577
-75.6836
-73.8525
-74.4629
-73.8525
-73.5474
-73.5474
-72.6318
-73.8525
-74.4629
-74.7681
-74.7681
-74.1577
-73.5474
-72.6318
-72.937
-72.6318
-74.4629
-75.3784
-75.0732
-74.1577
-73.5474
-73.2422
-72.6318
-73.8525
-74.7681
-75.3784
-74.4629
-73.8525
-73.5474
-72.6318
-73.8525
-73.8525
-75.0732
-74.1577
-73.8525
-72.6318
-72.6318
-73.8525
-75.0732
-75.3784
-74.7681
-73.5474
-73.5474
-73.2422
-74.7681
-74.7681
-74.7681
-73.5474
-72.937
-72.937
-73.5474
-74.7681
-74.7681
-75.3784
-74.4629
-74.4629
-73.5474
-73.5474
-73.5474
-72.937
-73.2422
-72.937
-74.4629
-74.4629
-75.9888
-74.7681
-75.0732
-74.4629
-73.8525
-73.8525
-73.8525
-73.5474
-72.937
-72.6318
-72.937
-72.937
-74.1577
-74.4629
-75.6836
-75.3784
-75.3784
-74.4629
-73.8525
-73.5474
-73.2422
-72.6318
-72.6318
-73.8525
-74.1577
-75.0732
-75.6836
-74.4629
-75.0732
-73.5474
-73.8525
-72.937
-73.5474
-73.2422
-73.8525
-75.3784
-75.3784
-75.6836
-74.4629
-73.8525
-72.937
-72.6318
-73.5474
-73.8525
-75.0732
-74.4629
-75.0732
-74.1577
-74.1577
-73.5474
-73.5474
-74.4629
-75.6836
-75.0732
-74.7681
-74.1577
-72.6318
-72.3267
-73.5474
-74.7681
-75.3784
-74.7681
-74.1577
-72.937
-72.937
-72.937
-75.0732
-75.0732
-74.7681
-73.5474
-73.5474
-72.937
-73.5474
-75.0732
-75.3784
-74.4629
-73.8525
-72.937
-73.5474
-74.1577
-75.3784
-74.4629
-73.8525
-73.5474
-73.2422
-75.0732
-74.7681
-75.6836
-74.7681
-74.4629
-73.5474
-72.937
-73.2422
-72.6318
-73.2422
-74.4629
-74.7681
-74.7681
-75.3784
-75.0732
-76.2939
-75.3784
-74.4629
-74.4629
-73.5474
-73.5474
-72.937
-72.937
-73.2422
-73.8525
-74.7681
-74.7681
-76.2939
-74.7681
-75.0732
-75.0732
-74.4629
-73.8525
-73.5474
-73.2422
-72.937
-73.8525
-74.7681
-75.0732
-76.2939
-75.3784
-75.3784
-73.8525
-74.1577
-72.937
-73.2422
-72.6318
-73.8525
-75.6836
-75.6836
-75.9888
-74.7681
-74.4629
-74.1577
-73.2422
-73.5474
-73.8525
-74.4629
-75.0732
-75.3784
-75.0732
-74.4629
-73.5474
-73.5474
-73.5474
-74.7681
-76.5991
-75.3784
-75.0732
-74.1577
-73.2422
-74.1577
-74.1577
-75.0732
-75.3784
-75.0732
-74.1577
-73.8525
-73.2422
-73.5474
-75.0732
-75.0732
-75.3784
-74.1577
-74.1577
-72.937
-74.1577
-75.3784
-75.6836
-75.0732
-74.1577
-73.2422
-73.2422
-74.1577
-75.0732
-74.4629
-74.4629
-73.5474
-73.5474
-74.1577
-74.7681
-75.9888
-75.0732
-74.7681
-74.1577
-73.8525
-73.2422
-73.8525
-73.5474
-74.4629
-75.6836
-75.0732
-75.6836
-75.3784
-75.3784
-74.7681
-74.1577
-74.1577
-73.5474
-72.937
-72.937
-73.8525
-73.8525
-74.4629
-74.4629
-75.9888
-75.6836
-75.0732
-75.3784
-74.1577
-74.1577
-73.5474
-73.2422
-73.2422
-72.937
-73.8525
-74.1577
-75.0732
-75.6836
-75.3784
-74.4629
-74.4629
-72.937
-72.937
-73.2422
-72.937
-74.7681
-75.3784
-75.6836
-75.0732
-74.7681
-74.1577
-73.5474
-73.2422
-72.937
-74.1577
-74.7681
-75.0732
-74.1577
-74.4629
-74.1577
-73.5474
-73.5474
-73.5474
-75.0732
-75.3784
-75.3784
-74.1577
-73.8525
-72.937
-72.937
-74.1577
-74.7681
-75.6836
-75.0732
-74.4629
-73.8525
-72.937
-74.1577
-74.7681
-76.2939
-74.4629
-74.4629
-72.937
-73.2422
-73.8525
-74.7681
-75.3784
-74.1577
-73.8525
-72.937
-72.937
-75.3784
-74.7681
-75.0732
-73.5474
-73.5474
-73.5474
-74.7681
-76.2939
-74.7681
-74.4629
-73.8525
-72.937
-72.6318
-73.5474
-73.5474
-74.4629
-75.6836
-75.3784
-74.7681
-74.1577
-75.0732
-74.4629
-74.1577
-74.1577
-72.6318
-72.6318
-72.6318
-74.1577
-74.1577
-74.7681
-74.7681
-75.3784
-75.6836
-75.0732
-74.7681
-74.1577
-74.1577
-72.937
-72.937
-73.5474
-72.937
-73.2422
-74.4629
-75.0732
-75.0732
-75.0732
-75.0732
-74.1577
-73.8525
-72.937
-73.2422
-72.937
-73.5474
-74.4629
-75.3784
-75.3784
-75.3784
-75.0732
-73.8525
-73.8525
-73.2422
-73.5474
-73.8525
-74.4629
-75.0732
-74.1577
-74.4629
-74.1577
-73.2422
-72.937
-73.2422
-74.4629
-75.3784
-75.3784
-74.7681
-74.1577
-73.5474
-73.2422
-74.1577
-74.7681
-75.3784
-74.1577
-75.0732
-73.8525
-73.2422
-72.937
-74.1577
-75.6836
-74.7681
-74.4629
-73.8525
-73.2422
-72.937
-75.0732
-76.2939
-75.0732
-75.0732
-73.2422
-73.2422
-73.5474
-74.4629
-75.0732
-74.7681
-73.5474
-72.6318
-73.8525
-74.1577
-76.2939
-75.3784
-74.4629
-74.1577
-72.6318
-73.5474
-72.6318
-74.1577
-74.1577
-75.6836
-75.3784
-74.7681
-75.0732
-74.7681
-74.4629
-74.4629
-73.5474
-73.5474
-72.937
-72.6318
-72.937
-74.1577
-74.4629
-75.3784
-75.0732
-75.6836
-75.9888
-75.3784
-74.4629
-73.8525
-72.937
-73.2422
-73.2422
-73.5474
-73.8525
-74.7681
-74.7681
-76.2939
-75.3784
-75.3784
-74.4629
-73.8525
-72.6318
-72.937
-73.8525
-73.8525
-75.0732
-75.3784
-75.3784
-75.0732
-74.1577
-74.1577
-73.2422
-73.2422
-73.5474
-74.7681
-75.3784
-75.0732
-75.0732
-74.1577
-74.1577
-73.5474
-73.5474
-73.8525
-74.4629
-75.6836
-74.7681
-74.4629
-73.8525
-73.2422
-72.6318
-73.8525
-75.0732
-75.6836
-75.6836
-74.1577
-73.8525
-73.5474
-74.1577
-75.0732
-75.0732
-75.3784
-74.1577
-73.8525
-73.2422
-73.8525
-75.0732
-75.3784
-74.1577
-73.8525
-73.5474
-72.937
-75.0732
-75.0732
-74.7681
-73.8525
-73.2422
-73.5474
-74.1577
-75.6836
-74.7681
-74.4629
-73.2422
-73.2422
-72.6318
-73.5474
-74.7681
-75.0732
-75.6836
-75.3784
-74.7681
-74.7681
-74.4629
-74.1577
-73.2422
-73.8525
-72.6318
-72.937
-73.5474
-73.5474
-74.4629
-74.4629
-75.9888
-75.3784
-75.0732
-74.4629
-74.4629
-74.1577
-73.2422
-73.5474
-73.5474
-73.5474
-73.2422
-74.7681
-75.0732
-75.6836
-75.0732
-75.0732
-74.4629
-73.2422
-73.2422
-73.2422
-72.937
