-6.835937500000000000e+01
9.460449218750000000e+00
3.234863281250000000e+01
3.051757812500000000e+01
2.899169921875000000e+01
2.532958984375000000e+01
2.410888671875000000e+01
2.075195312500000000e+01
2.014160156250000000e+01
1.617431640625000000e+01
1.586914062500000000e+01
1.312255859375000000e+01
1.098632812500000000e+01
9.765625000000000000e+00
6.103515625000000000e+00
4.882812500000000000e+00
3.051757812500000000e+00
-6.103515625000000000e-01
-2.746582031250000000e+00
-5.493164062500000000e+00
-7.629394531250000000e+00
-9.460449218750000000e+00
-1.464843750000000000e+01
-1.403808593750000000e+01
-1.708984375000000000e+01
-1.983642578125000000e+01
-2.166748046875000000e+01
-2.288818359375000000e+01
-2.532958984375000000e+01
-2.777099609375000000e+01
-2.868652343750000000e+01
-2.960205078125000000e+01
-3.326416015625000000e+01
-3.234863281250000000e+01
-3.448486328125000000e+01
-3.540039062500000000e+01
-3.906250000000000000e+01
-3.845214843750000000e+01
-3.875732421875000000e+01
-4.058837890625000000e+01
-4.333496093750000000e+01
-4.272460937500000000e+01
-4.364013671875000000e+01
-4.577636718750000000e+01
-4.486083984375000000e+01
-4.669189453125000000e+01
-4.791259765625000000e+01
-4.943847656250000000e+01
-5.004882812500000000e+01
-5.157470703125000000e+01
-5.035400390625000000e+01
-5.279541015625000000e+01
-5.126953125000000000e+01
-5.432128906250000000e+01
-5.310058593750000000e+01
-5.645751953125000000e+01
-5.523681640625000000e+01
-5.584716796875000000e+01
-5.676269531250000000e+01
-5.828857421875000000e+01
-5.645751953125000000e+01
-5.798339843750000000e+01
-5.798339843750000000e+01
-5.920410156250000000e+01
-5.859375000000000000e+01
-5.920410156250000000e+01
-6.164550781250000000e+01
-6.103515625000000000e+01
-6.042480468750000000e+01
-6.042480468750000000e+01
-6.317138671875000000e+01
-6.072998046875000000e+01
-6.408691406250000000e+01
-6.164550781250000000e+01
-6.408691406250000000e+01
-6.347656250000000000e+01
-6.500244140625000000e+01
-6.378173828125000000e+01
-6.622314453125000000e+01
-6.378173828125000000e+01
-6.591796875000000000e+01
-6.469726562500000000e+01
-6.622314453125000000e+01
-6.530761718750000000e+01
-6.683349609375000000e+01
-6.744384765625000000e+01
-6.713867187500000000e+01
-6.652832031250000000e+01
-6.866455078125000000e+01
-6.591796875000000000e+01
-6.652832031250000000e+01
-6.713867187500000000e+01
-6.683349609375000000e+01
-6.866455078125000000e+01
-6.652832031250000000e+01
-6.896972656250000000e+01
-6.805419921875000000e+01
-6.896972656250000000e+01
-6.713867187500000000e+01
-6.988525390625000000e+01
-6.805419921875000000e+01
-6.835937500000000000e+01
-6.744384765625000000e+01
-6.927490234375000000e+01
-6.774902343750000000e+01
-6.896972656250000000e+01
-6.805419921875000000e+01
-6.896972656250000000e+01
-6.774902343750000000e+01
-7.049560546875000000e+01
-6.896972656250000000e+01
-6.927490234375000000e+01
-6.958007812500000000e+01
-7.049560546875000000e+01
-6.927490234375000000e+01
-7.049560546875000000e+01
-6.927490234375000000e+01
-6.988525390625000000e+01
-7.049560546875000000e+01
-6.988525390625000000e+01
-7.171630859375000000e+01
-7.110595703125000000e+01
-7.232666015625000000e+01
-6.958007812500000000e+01
-7.171630859375000000e+01
-6.988525390625000000e+01
-7.080078125000000000e+01
-7.110595703125000000e+01
-7.049560546875000000e+01
-7.019042968750000000e+01
-7.049560546875000000e+01
-7.049560546875000000e+01
-7.141113281250000000e+01
-6.958007812500000000e+01
-7.080078125000000000e+01
-7.019042968750000000e+01
-7.171630859375000000e+01
-7.141113281250000000e+01
-7.171630859375000000e+01
-7.141113281250000000e+01
-7.049560546875000000e+01
-7.110595703125000000e+01
-6.988525390625000000e+01
-7.293701171875000000e+01
-6.958007812500000000e+01
-7.232666015625000000e+01
-7.171630859375000000e+01
-7.232666015625000000e+01
