-6.866455078125000000e+01
1.037597656250000000e+01
3.356933593750000000e+01
3.295898437500000000e+01
2.899169921875000000e+01
2.593994140625000000e+01
2.502441406250000000e+01
2.319335937500000000e+01
2.105712890625000000e+01
1.831054687500000000e+01
1.586914062500000000e+01
1.617431640625000000e+01
1.312255859375000000e+01
1.190185546875000000e+01
1.098632812500000000e+01
7.629394531250000000e+00
6.103515625000000000e+00
2.441406250000000000e+00
1.220703125000000000e+00
-1.220703125000000000e+00
-4.577636718750000000e+00
-6.103515625000000000e+00
-7.629394531250000000e+00
-1.129150390625000000e+01
-1.190185546875000000e+01
-1.586914062500000000e+01
-1.647949218750000000e+01
-1.922607421875000000e+01
-2.105712890625000000e+01
-2.288818359375000000e+01
-2.624511718750000000e+01
-2.716064453125000000e+01
-2.685546875000000000e+01
-2.990722656250000000e+01
-3.204345703125000000e+01
-3.265380859375000000e+01
-3.356933593750000000e+01
-3.601074218750000000e+01
-3.753662109375000000e+01
-3.814697265625000000e+01
-3.906250000000000000e+01
-4.089355468750000000e+01
-4.272460937500000000e+01
-4.119873046875000000e+01
-4.302978515625000000e+01
-4.547119140625000000e+01
-4.547119140625000000e+01
-4.638671875000000000e+01
-4.760742187500000000e+01
-4.730224609375000000e+01
-4.943847656250000000e+01
-4.760742187500000000e+01
-5.004882812500000000e+01
-5.065917968750000000e+01
-5.126953125000000000e+01
-5.187988281250000000e+01
-5.157470703125000000e+01
-5.218505859375000000e+01
-5.371093750000000000e+01
-5.554199218750000000e+01
-5.584716796875000000e+01
-5.554199218750000000e+01
-5.584716796875000000e+01
-5.676269531250000000e+01
-5.737304687500000000e+01
-5.920410156250000000e+01
-5.889892578125000000e+01
-6.072998046875000000e+01
-5.859375000000000000e+01
-5.889892578125000000e+01
-5.889892578125000000e+01
-6.164550781250000000e+01
-5.889892578125000000e+01
-6.225585937500000000e+01
-6.103515625000000000e+01
-6.042480468750000000e+01
-6.195068359375000000e+01
-6.225585937500000000e+01
-6.347656250000000000e+01
-6.134033203125000000e+01
-6.256103515625000000e+01
-6.256103515625000000e+01
-6.408691406250000000e+01
-6.408691406250000000e+01
-6.378173828125000000e+01
-6.378173828125000000e+01
-6.500244140625000000e+01
-6.439208984375000000e+01
-6.622314453125000000e+01
-6.469726562500000000e+01
-6.530761718750000000e+01
-6.591796875000000000e+01
-6.530761718750000000e+01
-6.652832031250000000e+01
-6.744384765625000000e+01
-6.561279296875000000e+01
-6.774902343750000000e+01
-6.744384765625000000e+01
-6.530761718750000000e+01
-6.652832031250000000e+01
-6.652832031250000000e+01
-6.713867187500000000e+01
-6.774902343750000000e+01
-6.652832031250000000e+01
-6.652832031250000000e+01
-6.713867187500000000e+01
-6.622314453125000000e+01
-6.774902343750000000e+01
-6.896972656250000000e+01
-6.744384765625000000e+01
-6.713867187500000000e+01
-7.019042968750000000e+01
-6.713867187500000000e+01
-6.927490234375000000e+01
-6.927490234375000000e+01
-6.958007812500000000e+01
-6.988525390625000000e+01
-6.744384765625000000e+01
-6.774902343750000000e+01
-7.019042968750000000e+01
-6.958007812500000000e+01
-6.896972656250000000e+01
-7.049560546875000000e+01
-6.866455078125000000e+01
-6.805419921875000000e+01
-6.896972656250000000e+01
-7.080078125000000000e+01
-6.835937500000000000e+01
-6.958007812500000000e+01
-6.896972656250000000e+01
-7.110595703125000000e+01
-6.805419921875000000e+01
-7.049560546875000000e+01
-7.080078125000000000e+01
-7.019042968750000000e+01
-6.866455078125000000e+01
-7.110595703125000000e+01
-7.080078125000000000e+01
-7.141113281250000000e+01
-6.958007812500000000e+01
-7.232666015625000000e+01
-7.049560546875000000e+01
-6.958007812500000000e+01
-7.171630859375000000e+01
-6.988525390625000000e+01
-7.049560546875000000e+01
-7.110595703125000000e+01
-7.202148437500000000e+01
-7.141113281250000000e+01
-7.232666015625000000e+01
-7.019042968750000000e+01
-7.171630859375000000e+01
-7.049560546875000000e+01
-7.019042968750000000e+01
-6.988525390625000000e+01
-7.171630859375000000e+01
-7.019042968750000000e+01
-7.019042968750000000e+01
-6.958007812500000000e+01
-7.171630859375000000e+01
-6.927490234375000000e+01
-7.171630859375000000e+01
-7.110595703125000000e+01
-7.019042968750000000e+01
-7.141113281250000000e+01
-7.049560546875000000e+01
-7.080078125000000000e+01
-7.019042968750000000e+01
-6.988525390625000000e+01
-7.080078125000000000e+01
-7.110595703125000000e+01
-6.988525390625000000e+01
