-6.866455078125000000e+01
1.251220703125000000e+01
2.868652343750000000e+01
2.685546875000000000e+01
2.441406250000000000e+01
2.441406250000000000e+01
2.136230468750000000e+01
1.922607421875000000e+01
1.647949218750000000e+01
1.647949218750000000e+01
1.251220703125000000e+01
1.068115234375000000e+01
9.460449218750000000e+00
5.493164062500000000e+00
3.967285156250000000e+00
6.103515625000000000e-01
-1.220703125000000000e+00
-4.577636718750000000e+00
-7.324218750000000000e+00
-9.155273437500000000e+00
-1.190185546875000000e+01
-1.495361328125000000e+01
-1.678466796875000000e+01
-1.983642578125000000e+01
-2.166748046875000000e+01
-2.563476562500000000e+01
-2.563476562500000000e+01
-2.899169921875000000e+01
-2.929687500000000000e+01
-3.112792968750000000e+01
-3.295898437500000000e+01
-3.448486328125000000e+01
-3.479003906250000000e+01
-3.814697265625000000e+01
-3.845214843750000000e+01
-3.967285156250000000e+01
-4.058837890625000000e+01
-4.272460937500000000e+01
-4.364013671875000000e+01
-4.455566406250000000e+01
-4.638671875000000000e+01
-4.730224609375000000e+01
-4.638671875000000000e+01
-4.821777343750000000e+01
-4.943847656250000000e+01
-5.004882812500000000e+01
-5.065917968750000000e+01
-5.096435546875000000e+01
-5.218505859375000000e+01
-5.218505859375000000e+01
-5.371093750000000000e+01
-5.279541015625000000e+01
-5.554199218750000000e+01
-5.371093750000000000e+01
-5.584716796875000000e+01
-5.645751953125000000e+01
-5.615234375000000000e+01
-5.737304687500000000e+01
-5.920410156250000000e+01
-5.950927734375000000e+01
-5.889892578125000000e+01
-5.828857421875000000e+01
-6.011962890625000000e+01
-5.981445312500000000e+01
-6.011962890625000000e+01
-6.164550781250000000e+01
-6.164550781250000000e+01
-6.103515625000000000e+01
-6.103515625000000000e+01
-6.164550781250000000e+01
-6.195068359375000000e+01
-6.256103515625000000e+01
-6.378173828125000000e+01
-6.317138671875000000e+01
-6.500244140625000000e+01
-6.347656250000000000e+01
-6.439208984375000000e+01
-6.622314453125000000e+01
-6.439208984375000000e+01
-6.652832031250000000e+01
-6.500244140625000000e+01
-6.622314453125000000e+01
-6.469726562500000000e+01
-6.652832031250000000e+01
-6.561279296875000000e+01
-6.683349609375000000e+01
-6.744384765625000000e+01
-6.652832031250000000e+01
-6.652832031250000000e+01
-6.744384765625000000e+01
-6.652832031250000000e+01
-6.713867187500000000e+01
-6.683349609375000000e+01
-6.805419921875000000e+01
-6.744384765625000000e+01
-6.713867187500000000e+01
-6.958007812500000000e+01
-6.652832031250000000e+01
-6.774902343750000000e+01
-6.835937500000000000e+01
-6.958007812500000000e+01
-6.713867187500000000e+01
-6.835937500000000000e+01
-6.927490234375000000e+01
-6.866455078125000000e+01
-6.713867187500000000e+01
-7.019042968750000000e+01
-6.866455078125000000e+01
-6.896972656250000000e+01
-6.866455078125000000e+01
-6.958007812500000000e+01
-6.805419921875000000e+01
-6.896972656250000000e+01
-6.866455078125000000e+01
-6.958007812500000000e+01
-6.835937500000000000e+01
-6.896972656250000000e+01
-6.988525390625000000e+01
-6.988525390625000000e+01
-6.988525390625000000e+01
-6.774902343750000000e+01
-6.988525390625000000e+01
-6.866455078125000000e+01
-6.896972656250000000e+01
-6.835937500000000000e+01
-7.049560546875000000e+01
-6.835937500000000000e+01
-6.866455078125000000e+01
-6.866455078125000000e+01
