-7.751464843750000000e+01
-4.577636718750000000e+00
4.211425781250000000e+01
3.936767578125000000e+01
3.509521484375000000e+01
3.204345703125000000e+01
2.990722656250000000e+01
2.899169921875000000e+01
2.716064453125000000e+01
2.624511718750000000e+01
2.502441406250000000e+01
2.502441406250000000e+01
2.258300781250000000e+01
2.166748046875000000e+01
2.258300781250000000e+01
1.922607421875000000e+01
1.983642578125000000e+01
1.831054687500000000e+01
1.586914062500000000e+01
1.434326171875000000e+01
1.495361328125000000e+01
1.159667968750000000e+01
1.220703125000000000e+01
8.850097656250000000e+00
9.460449218750000000e+00
9.155273437500000000e+00
6.408691406250000000e+00
4.882812500000000000e+00
2.746582031250000000e+00
1.831054687500000000e+00
3.051757812500000000e-01
-1.831054687500000000e+00
-2.746582031250000000e+00
-3.967285156250000000e+00
-7.019042968750000000e+00
-8.239746093750000000e+00
-1.190185546875000000e+01
-1.159667968750000000e+01
-1.464843750000000000e+01
-1.464843750000000000e+01
-1.678466796875000000e+01
-1.678466796875000000e+01
-2.105712890625000000e+01
-2.014160156250000000e+01
-2.349853515625000000e+01
-2.471923828125000000e+01
-2.593994140625000000e+01
-2.655029296875000000e+01
-2.899169921875000000e+01
-3.021240234375000000e+01
-3.173828125000000000e+01
-3.173828125000000000e+01
-3.387451171875000000e+01
-3.631591796875000000e+01
-3.540039062500000000e+01
-3.631591796875000000e+01
-3.875732421875000000e+01
-3.906250000000000000e+01
-4.058837890625000000e+01
-4.333496093750000000e+01
-4.211425781250000000e+01
-4.425048828125000000e+01
-4.333496093750000000e+01
-4.638671875000000000e+01
-4.638671875000000000e+01
-4.882812500000000000e+01
-4.760742187500000000e+01
-5.065917968750000000e+01
-5.126953125000000000e+01
-5.157470703125000000e+01
-5.157470703125000000e+01
-5.340576171875000000e+01
-5.493164062500000000e+01
-5.371093750000000000e+01
-5.737304687500000000e+01
-5.706787109375000000e+01
-5.798339843750000000e+01
-5.798339843750000000e+01
-6.011962890625000000e+01
-5.889892578125000000e+01
-6.072998046875000000e+01
-6.256103515625000000e+01
-6.317138671875000000e+01
-6.195068359375000000e+01
-6.469726562500000000e+01
-6.378173828125000000e+01
-6.683349609375000000e+01
-6.561279296875000000e+01
-6.622314453125000000e+01
-6.744384765625000000e+01
-6.774902343750000000e+01
-6.652832031250000000e+01
-6.866455078125000000e+01
-6.927490234375000000e+01
-6.744384765625000000e+01
-6.958007812500000000e+01
-6.927490234375000000e+01
-6.988525390625000000e+01
-6.896972656250000000e+01
-7.110595703125000000e+01
-7.232666015625000000e+01
-7.110595703125000000e+01
-7.049560546875000000e+01
-7.324218750000000000e+01
-7.171630859375000000e+01
-7.263183593750000000e+01
-7.263183593750000000e+01
-7.476806640625000000e+01
-7.476806640625000000e+01
-7.415771484375000000e+01
-7.324218750000000000e+01
-7.598876953125000000e+01
-7.354736328125000000e+01
-7.415771484375000000e+01
-7.568359375000000000e+01
-7.598876953125000000e+01
-7.476806640625000000e+01
-7.415771484375000000e+01
-7.537841796875000000e+01
-7.537841796875000000e+01
-7.720947265625000000e+01
-7.507324218750000000e+01
-7.781982421875000000e+01
-7.476806640625000000e+01
-7.690429687500000000e+01
-7.598876953125000000e+01
-7.659912109375000000e+01
-7.507324218750000000e+01
-7.537841796875000000e+01
-7.659912109375000000e+01
-7.873535156250000000e+01
-7.659912109375000000e+01
-7.720947265625000000e+01
-7.629394531250000000e+01
-7.751464843750000000e+01
-7.659912109375000000e+01
-7.690429687500000000e+01
-7.720947265625000000e+01
-7.690429687500000000e+01
-7.690429687500000000e+01
-7.904052734375000000e+01
-7.934570312500000000e+01
-7.751464843750000000e+01
-7.873535156250000000e+01
-7.873535156250000000e+01
-7.873535156250000000e+01
-7.690429687500000000e+01
-7.873535156250000000e+01
-7.812500000000000000e+01
-7.904052734375000000e+01
-7.934570312500000000e+01
-7.904052734375000000e+01
-7.873535156250000000e+01
-7.720947265625000000e+01
-7.843017578125000000e+01
-7.965087890625000000e+01
-7.781982421875000000e+01
-7.781982421875000000e+01
-7.873535156250000000e+01
-7.934570312500000000e+01
-7.812500000000000000e+01
-7.873535156250000000e+01
-7.843017578125000000e+01
-7.751464843750000000e+01
-7.965087890625000000e+01
-7.781982421875000000e+01
-7.873535156250000000e+01
-7.904052734375000000e+01
-7.843017578125000000e+01
-7.781982421875000000e+01
-7.934570312500000000e+01
-7.781982421875000000e+01
-7.781982421875000000e+01
-7.843017578125000000e+01
-7.781982421875000000e+01
-7.781982421875000000e+01
-7.934570312500000000e+01
-7.812500000000000000e+01
-7.904052734375000000e+01
-7.873535156250000000e+01
-7.781982421875000000e+01
-8.087158203125000000e+01
-7.934570312500000000e+01
-7.904052734375000000e+01
-7.995605468750000000e+01
-7.965087890625000000e+01
-7.751464843750000000e+01
-8.056640625000000000e+01
-7.781982421875000000e+01
-7.904052734375000000e+01
-7.781982421875000000e+01
-7.781982421875000000e+01
-7.812500000000000000e+01
-7.751464843750000000e+01
-7.720947265625000000e+01
-7.965087890625000000e+01
-7.843017578125000000e+01
-7.751464843750000000e+01
-7.843017578125000000e+01
-7.904052734375000000e+01
