-6.958007812500000000e+01
8.850097656250000000e+00
3.845214843750000000e+01
3.417968750000000000e+01
3.234863281250000000e+01
2.960205078125000000e+01
2.685546875000000000e+01
2.502441406250000000e+01
2.380371093750000000e+01
2.166748046875000000e+01
2.166748046875000000e+01
1.708984375000000000e+01
1.678466796875000000e+01
1.495361328125000000e+01
1.312255859375000000e+01
1.312255859375000000e+01
8.544921875000000000e+00
8.850097656250000000e+00
6.408691406250000000e+00
4.882812500000000000e+00
1.525878906250000000e+00
-6.103515625000000000e-01
-2.746582031250000000e+00
-3.356933593750000000e+00
-7.019042968750000000e+00
-8.850097656250000000e+00
-1.129150390625000000e+01
-1.251220703125000000e+01
-1.678466796875000000e+01
-1.831054687500000000e+01
-2.105712890625000000e+01
-2.136230468750000000e+01
-2.258300781250000000e+01
-2.563476562500000000e+01
-2.716064453125000000e+01
-2.716064453125000000e+01
-2.929687500000000000e+01
-3.295898437500000000e+01
-3.265380859375000000e+01
-3.326416015625000000e+01
-3.387451171875000000e+01
-3.723144531250000000e+01
-3.601074218750000000e+01
-3.814697265625000000e+01
-3.845214843750000000e+01
-4.119873046875000000e+01
-4.180908203125000000e+01
-4.455566406250000000e+01
-4.364013671875000000e+01
-4.455566406250000000e+01
-4.455566406250000000e+01
-4.669189453125000000e+01
-4.821777343750000000e+01
-4.791259765625000000e+01
-4.913330078125000000e+01
-5.065917968750000000e+01
-4.974365234375000000e+01
-5.187988281250000000e+01
-5.249023437500000000e+01
-5.249023437500000000e+01
-5.340576171875000000e+01
-5.279541015625000000e+01
-5.523681640625000000e+01
-5.462646484375000000e+01
-5.493164062500000000e+01
-5.615234375000000000e+01
-5.798339843750000000e+01
-5.706787109375000000e+01
-5.767822265625000000e+01
-5.920410156250000000e+01
-5.920410156250000000e+01
-6.011962890625000000e+01
-6.011962890625000000e+01
-5.981445312500000000e+01
-6.164550781250000000e+01
-6.134033203125000000e+01
-6.225585937500000000e+01
-6.072998046875000000e+01
-6.317138671875000000e+01
-6.286621093750000000e+01
-6.286621093750000000e+01
-6.317138671875000000e+01
-6.439208984375000000e+01
-6.408691406250000000e+01
-6.469726562500000000e+01
-6.439208984375000000e+01
-6.500244140625000000e+01
-6.683349609375000000e+01
-6.652832031250000000e+01
-6.652832031250000000e+01
-6.591796875000000000e+01
-6.835937500000000000e+01
-6.835937500000000000e+01
-6.744384765625000000e+01
-6.713867187500000000e+01
-6.774902343750000000e+01
-6.774902343750000000e+01
-6.866455078125000000e+01
-6.774902343750000000e+01
-6.958007812500000000e+01
-6.866455078125000000e+01
-6.988525390625000000e+01
-6.958007812500000000e+01
-6.958007812500000000e+01
-6.805419921875000000e+01
-6.866455078125000000e+01
-6.866455078125000000e+01
-7.049560546875000000e+01
-7.019042968750000000e+01
-6.958007812500000000e+01
-7.049560546875000000e+01
-7.080078125000000000e+01
-7.232666015625000000e+01
-6.927490234375000000e+01
-7.019042968750000000e+01
-6.927490234375000000e+01
-7.049560546875000000e+01
-7.080078125000000000e+01
-7.049560546875000000e+01
-7.202148437500000000e+01
-7.049560546875000000e+01
-7.019042968750000000e+01
-7.171630859375000000e+01
-7.019042968750000000e+01
-7.110595703125000000e+01
-7.110595703125000000e+01
-7.263183593750000000e+01
-7.019042968750000000e+01
-7.019042968750000000e+01
-7.171630859375000000e+01
-7.141113281250000000e+01
-7.049560546875000000e+01
-6.988525390625000000e+01
-7.263183593750000000e+01
-7.202148437500000000e+01
-7.232666015625000000e+01
-7.110595703125000000e+01
-7.263183593750000000e+01
-7.232666015625000000e+01
-7.202148437500000000e+01
-7.110595703125000000e+01
-7.385253906250000000e+01
-7.232666015625000000e+01
-7.324218750000000000e+01
-7.141113281250000000e+01
-7.202148437500000000e+01
-7.263183593750000000e+01
-7.324218750000000000e+01
-7.232666015625000000e+01
-7.202148437500000000e+01
-7.141113281250000000e+01
-7.232666015625000000e+01
-7.232666015625000000e+01
-7.293701171875000000e+01
-7.202148437500000000e+01
-7.354736328125000000e+01
-7.293701171875000000e+01
-7.110595703125000000e+01
-7.415771484375000000e+01
-7.141113281250000000e+01
-7.263183593750000000e+01
-7.293701171875000000e+01
-7.446289062500000000e+01
-7.202148437500000000e+01
-7.232666015625000000e+01
-7.080078125000000000e+01
-7.354736328125000000e+01
-7.293701171875000000e+01
-7.080078125000000000e+01
-7.324218750000000000e+01
-7.293701171875000000e+01
-7.110595703125000000e+01
-7.232666015625000000e+01
-7.293701171875000000e+01
-7.415771484375000000e+01
-7.263183593750000000e+01
-7.232666015625000000e+01
-7.232666015625000000e+01
-7.354736328125000000e+01
-7.232666015625000000e+01
-7.232666015625000000e+01
-7.324218750000000000e+01
-7.415771484375000000e+01
-7.171630859375000000e+01
-7.202148437500000000e+01
-7.293701171875000000e+01
-7.202148437500000000e+01
-7.415771484375000000e+01
-7.232666015625000000e+01
-7.446289062500000000e+01
-7.202148437500000000e+01
-7.324218750000000000e+01
-7.324218750000000000e+01
-7.415771484375000000e+01
-7.385253906250000000e+01
-7.476806640625000000e+01
-7.385253906250000000e+01
-7.293701171875000000e+01
-7.354736328125000000e+01
-7.293701171875000000e+01
