-7.598876953125000000e+01
-5.493164062500000000e+00
4.150390625000000000e+01
3.936767578125000000e+01
3.417968750000000000e+01
3.295898437500000000e+01
3.143310546875000000e+01
2.929687500000000000e+01
2.685546875000000000e+01
2.777099609375000000e+01
2.502441406250000000e+01
2.593994140625000000e+01
2.227783203125000000e+01
2.380371093750000000e+01
2.166748046875000000e+01
2.105712890625000000e+01
2.075195312500000000e+01
1.983642578125000000e+01
1.861572265625000000e+01
1.678466796875000000e+01
1.678466796875000000e+01
1.708984375000000000e+01
1.403808593750000000e+01
1.159667968750000000e+01
1.129150390625000000e+01
1.129150390625000000e+01
8.850097656250000000e+00
8.239746093750000000e+00
7.019042968750000000e+00
5.798339843750000000e+00
3.662109375000000000e+00
2.136230468750000000e+00
1.831054687500000000e+00
-1.831054687500000000e+00
-3.356933593750000000e+00
-4.882812500000000000e+00
-5.798339843750000000e+00
-7.629394531250000000e+00
-9.155273437500000000e+00
-1.159667968750000000e+01
-1.251220703125000000e+01
-1.556396484375000000e+01
-1.617431640625000000e+01
-1.739501953125000000e+01
-1.708984375000000000e+01
-2.075195312500000000e+01
-1.983642578125000000e+01
-2.319335937500000000e+01
-2.349853515625000000e+01
-2.349853515625000000e+01
-2.593994140625000000e+01
-2.593994140625000000e+01
-2.746582031250000000e+01
-2.960205078125000000e+01
-3.021240234375000000e+01
-2.990722656250000000e+01
-3.356933593750000000e+01
-3.295898437500000000e+01
-3.479003906250000000e+01
-3.509521484375000000e+01
-3.784179687500000000e+01
-3.753662109375000000e+01
-3.967285156250000000e+01
-3.997802734375000000e+01
-4.028320312500000000e+01
-4.211425781250000000e+01
-4.241943359375000000e+01
-4.302978515625000000e+01
-4.425048828125000000e+01
-4.455566406250000000e+01
-4.547119140625000000e+01
-4.730224609375000000e+01
-4.791259765625000000e+01
-4.913330078125000000e+01
-4.943847656250000000e+01
-5.126953125000000000e+01
-5.065917968750000000e+01
-5.218505859375000000e+01
-5.218505859375000000e+01
-5.462646484375000000e+01
-5.432128906250000000e+01
-5.676269531250000000e+01
-5.645751953125000000e+01
-5.645751953125000000e+01
-5.737304687500000000e+01
-6.011962890625000000e+01
-5.920410156250000000e+01
-5.920410156250000000e+01
-5.920410156250000000e+01
-6.072998046875000000e+01
-6.164550781250000000e+01
-6.011962890625000000e+01
-6.134033203125000000e+01
-6.225585937500000000e+01
-6.347656250000000000e+01
-6.317138671875000000e+01
-6.439208984375000000e+01
-6.469726562500000000e+01
-6.469726562500000000e+01
-6.408691406250000000e+01
-6.805419921875000000e+01
-6.652832031250000000e+01
-6.652832031250000000e+01
-6.744384765625000000e+01
-6.835937500000000000e+01
-6.683349609375000000e+01
-6.805419921875000000e+01
-6.805419921875000000e+01
-6.988525390625000000e+01
-6.896972656250000000e+01
-6.988525390625000000e+01
-7.019042968750000000e+01
-7.232666015625000000e+01
-7.019042968750000000e+01
-7.202148437500000000e+01
-7.385253906250000000e+01
-7.324218750000000000e+01
-7.385253906250000000e+01
-7.324218750000000000e+01
-7.415771484375000000e+01
-7.293701171875000000e+01
-7.446289062500000000e+01
-7.385253906250000000e+01
-7.446289062500000000e+01
-7.446289062500000000e+01
-7.537841796875000000e+01
-7.476806640625000000e+01
-7.598876953125000000e+01
-7.507324218750000000e+01
-7.598876953125000000e+01
-7.629394531250000000e+01
-7.537841796875000000e+01
-7.507324218750000000e+01
-7.598876953125000000e+01
-7.751464843750000000e+01
-7.446289062500000000e+01
-7.629394531250000000e+01
-7.537841796875000000e+01
-7.781982421875000000e+01
-7.568359375000000000e+01
-7.720947265625000000e+01
-7.629394531250000000e+01
-7.629394531250000000e+01
-7.598876953125000000e+01
-7.781982421875000000e+01
-7.690429687500000000e+01
-7.751464843750000000e+01
-7.659912109375000000e+01
-7.720947265625000000e+01
-7.598876953125000000e+01
-7.690429687500000000e+01
-7.629394531250000000e+01
-7.812500000000000000e+01
-7.537841796875000000e+01
-7.690429687500000000e+01
-7.720947265625000000e+01
-7.751464843750000000e+01
-7.629394531250000000e+01
-7.629394531250000000e+01
-7.781982421875000000e+01
-7.537841796875000000e+01
-7.812500000000000000e+01
-7.720947265625000000e+01
-7.904052734375000000e+01
-7.598876953125000000e+01
-7.751464843750000000e+01
-7.659912109375000000e+01
-7.720947265625000000e+01
-7.751464843750000000e+01
-7.965087890625000000e+01
-7.751464843750000000e+01
-7.934570312500000000e+01
-7.629394531250000000e+01
-7.873535156250000000e+01
-7.843017578125000000e+01
-7.720947265625000000e+01
-7.690429687500000000e+01
-7.720947265625000000e+01
-7.965087890625000000e+01
-7.812500000000000000e+01
-7.873535156250000000e+01
-7.781982421875000000e+01
-7.720947265625000000e+01
-7.751464843750000000e+01
-7.965087890625000000e+01
-7.812500000000000000e+01
-7.934570312500000000e+01
-7.781982421875000000e+01
-7.904052734375000000e+01
-7.629394531250000000e+01
-7.751464843750000000e+01
-7.629394531250000000e+01
-7.934570312500000000e+01
-7.629394531250000000e+01
-7.629394531250000000e+01
-7.751464843750000000e+01
-7.812500000000000000e+01
-7.659912109375000000e+01
-7.720947265625000000e+01
-7.904052734375000000e+01
