-7.171630859375000000e+01
7.324218750000000000e+00
4.058837890625000000e+01
3.662109375000000000e+01
3.265380859375000000e+01
3.173828125000000000e+01
2.899169921875000000e+01
2.716064453125000000e+01
2.441406250000000000e+01
2.441406250000000000e+01
2.197265625000000000e+01
2.197265625000000000e+01
1.739501953125000000e+01
1.861572265625000000e+01
1.495361328125000000e+01
1.434326171875000000e+01
1.403808593750000000e+01
1.129150390625000000e+01
9.460449218750000000e+00
8.239746093750000000e+00
5.187988281250000000e+00
4.882812500000000000e+00
2.136230468750000000e+00
-1.831054687500000000e+00
-3.662109375000000000e+00
-5.798339843750000000e+00
-7.019042968750000000e+00
-8.239746093750000000e+00
-1.068115234375000000e+01
-1.312255859375000000e+01
-1.464843750000000000e+01
-1.586914062500000000e+01
-1.770019531250000000e+01
-2.044677734375000000e+01
-2.105712890625000000e+01
-2.471923828125000000e+01
-2.563476562500000000e+01
-2.593994140625000000e+01
-2.746582031250000000e+01
-2.838134765625000000e+01
-3.021240234375000000e+01
-3.326416015625000000e+01
-3.295898437500000000e+01
-3.448486328125000000e+01
-3.509521484375000000e+01
-3.509521484375000000e+01
-3.692626953125000000e+01
-3.967285156250000000e+01
-3.967285156250000000e+01
-4.150390625000000000e+01
-4.180908203125000000e+01
-4.211425781250000000e+01
-4.333496093750000000e+01
-4.364013671875000000e+01
-4.577636718750000000e+01
-4.577636718750000000e+01
-4.791259765625000000e+01
-4.791259765625000000e+01
-5.004882812500000000e+01
-4.882812500000000000e+01
-5.035400390625000000e+01
-5.065917968750000000e+01
-5.249023437500000000e+01
-5.279541015625000000e+01
-5.432128906250000000e+01
-5.340576171875000000e+01
-5.523681640625000000e+01
-5.615234375000000000e+01
-5.584716796875000000e+01
-5.615234375000000000e+01
-5.767822265625000000e+01
-5.828857421875000000e+01
-5.798339843750000000e+01
-6.042480468750000000e+01
-5.859375000000000000e+01
-5.981445312500000000e+01
-6.164550781250000000e+01
-6.134033203125000000e+01
-6.195068359375000000e+01
-6.347656250000000000e+01
-6.256103515625000000e+01
-6.286621093750000000e+01
-6.378173828125000000e+01
-6.408691406250000000e+01
-6.408691406250000000e+01
-6.469726562500000000e+01
-6.378173828125000000e+01
-6.530761718750000000e+01
-6.591796875000000000e+01
-6.469726562500000000e+01
-6.469726562500000000e+01
-6.652832031250000000e+01
-6.713867187500000000e+01
-6.652832031250000000e+01
-6.622314453125000000e+01
-6.622314453125000000e+01
-6.805419921875000000e+01
-6.561279296875000000e+01
-6.713867187500000000e+01
-6.774902343750000000e+01
-6.805419921875000000e+01
-6.713867187500000000e+01
-6.805419921875000000e+01
-6.805419921875000000e+01
-6.774902343750000000e+01
-6.896972656250000000e+01
-6.958007812500000000e+01
-6.896972656250000000e+01
-6.866455078125000000e+01
-6.835937500000000000e+01
-6.896972656250000000e+01
-6.896972656250000000e+01
-6.988525390625000000e+01
-6.896972656250000000e+01
-7.049560546875000000e+01
-6.866455078125000000e+01
-7.110595703125000000e+01
-6.958007812500000000e+01
-6.927490234375000000e+01
-7.049560546875000000e+01
-6.988525390625000000e+01
-7.110595703125000000e+01
-6.958007812500000000e+01
-7.019042968750000000e+01
-7.110595703125000000e+01
-7.141113281250000000e+01
-6.988525390625000000e+01
-7.171630859375000000e+01
-7.171630859375000000e+01
-7.293701171875000000e+01
-7.232666015625000000e+01
-7.263183593750000000e+01
-7.171630859375000000e+01
-7.232666015625000000e+01
-7.110595703125000000e+01
-7.385253906250000000e+01
-7.202148437500000000e+01
-7.232666015625000000e+01
-7.293701171875000000e+01
-7.415771484375000000e+01
-7.354736328125000000e+01
-7.171630859375000000e+01
-7.171630859375000000e+01
-7.263183593750000000e+01
-7.293701171875000000e+01
-7.263183593750000000e+01
-7.354736328125000000e+01
-7.232666015625000000e+01
-7.354736328125000000e+01
-7.354736328125000000e+01
-7.507324218750000000e+01
-7.293701171875000000e+01
-7.232666015625000000e+01
-7.202148437500000000e+01
-7.507324218750000000e+01
-7.263183593750000000e+01
-7.324218750000000000e+01
-7.263183593750000000e+01
-7.446289062500000000e+01
-7.293701171875000000e+01
-7.354736328125000000e+01
-7.263183593750000000e+01
-7.354736328125000000e+01
-7.232666015625000000e+01
-7.476806640625000000e+01
-7.415771484375000000e+01
-7.415771484375000000e+01
-7.263183593750000000e+01
-7.293701171875000000e+01
-7.446289062500000000e+01
-7.354736328125000000e+01
-7.385253906250000000e+01
-7.324218750000000000e+01
-7.446289062500000000e+01
-7.446289062500000000e+01
-7.507324218750000000e+01
-7.415771484375000000e+01
-7.446289062500000000e+01
-7.202148437500000000e+01
-7.446289062500000000e+01
-7.385253906250000000e+01
-7.293701171875000000e+01
-7.415771484375000000e+01
-7.507324218750000000e+01
-7.507324218750000000e+01
-7.293701171875000000e+01
-7.507324218750000000e+01
-7.476806640625000000e+01
-7.446289062500000000e+01
-7.324218750000000000e+01
-7.324218750000000000e+01
-7.537841796875000000e+01
-7.537841796875000000e+01
-7.415771484375000000e+01
-7.476806640625000000e+01
-7.354736328125000000e+01
-7.446289062500000000e+01
-7.507324218750000000e+01
-7.537841796875000000e+01
-7.476806640625000000e+01
