-8.747361e+01
-4.422414e+01
1.745432e+01
2.283269e+01
2.616519e+01
2.805196e+01
2.905594e+01
2.952134e+01
2.966475e+01
2.963517e+01
2.953082e+01
2.940713e+01
2.928983e+01
2.918784e+01
2.910184e+01
2.902901e+01
2.896537e+01
2.890688e+01
2.884991e+01
2.879139e+01
2.872882e+01
2.866024e+01
2.858415e+01
2.849943e+01
2.840529e+01
2.830117e+01
2.818677e+01
2.806189e+01
2.792651e+01
2.778070e+01
2.762458e+01
2.745836e+01
2.728227e+01
2.709658e+01
2.690160e+01
2.669760e+01
2.648492e+01
2.626384e+01
2.603469e+01
2.579775e+01
2.555333e+01
2.530170e+01
2.504312e+01
2.477786e+01
2.450616e+01
2.422825e+01
2.394434e+01
2.365463e+01
2.335930e+01
2.305853e+01
2.275247e+01
2.244126e+01
2.212504e+01
2.180390e+01
2.147797e+01
2.114731e+01
2.081201e+01
2.047213e+01
2.012772e+01
1.977881e+01
1.942543e+01
1.906759e+01
1.870529e+01
1.833853e+01
1.796727e+01
1.759150e+01
1.721117e+01
1.682622e+01
1.643659e+01
1.604220e+01
1.564297e+01
1.523879e+01
1.482957e+01
1.441517e+01
1.399549e+01
1.357039e+01
1.313974e+01
1.270335e+01
1.226103e+01
1.181258e+01
1.135777e+01
1.089637e+01
1.042810e+01
9.952709e+00
9.469884e+00
8.979302e+00
8.480615e+00
7.973440e+00
7.457362e+00
6.931931e+00
6.396653e+00
5.850988e+00
5.294347e+00
4.726086e+00
4.145498e+00
3.551816e+00
2.944202e+00
2.321753e+00
1.683499e+00
1.028406e+00
3.553976e-01
-3.366367e-01
-1.048805e+00
-1.782173e+00
-2.537717e+00
-3.316253e+00
-4.118367e+00
-4.944344e+00
-5.794099e+00
-6.667125e+00
-7.562479e+00
-8.478790e+00
-9.414318e+00
-1.036703e+01
-1.133472e+01
-1.231511e+01
-1.330593e+01
-1.430506e+01
-1.531055e+01
-1.632068e+01
-1.733398e+01
-1.834920e+01
-1.936536e+01
-2.038167e+01
-2.139753e+01
-2.241249e+01
-2.342619e+01
-2.443838e+01
-2.544886e+01
-2.645744e+01
-2.746399e+01
-2.846836e+01
-2.947043e+01
-3.047008e+01
-3.146723e+01
-3.246180e+01
-3.345376e+01
-3.444309e+01
-3.542983e+01
-3.641404e+01
-3.739582e+01
-3.837531e+01
-3.935267e+01
-4.032810e+01
-4.130181e+01
-4.227404e+01
-4.324504e+01
-4.421506e+01
-4.518439e+01
-4.615332e+01
-4.712215e+01
-4.809123e+01
-4.906092e+01
-5.003163e+01
-5.100382e+01
-5.197798e+01
-5.295468e+01
-5.393452e+01
-5.491818e+01
-5.590638e+01
-5.689990e+01
-5.789954e+01
-5.890616e+01
-5.992063e+01
-6.094379e+01
-6.197648e+01
-6.301945e+01
-6.407335e+01
-6.513866e+01
-6.621558e+01
-6.730399e+01
-6.840332e+01
-6.951240e+01
-7.062932e+01
-7.175131e+01
-7.287454e+01
-7.399402e+01
-7.510357e+01
-7.619581e+01
-7.726240e+01
-7.829428e+01
-7.928225e+01
-8.021747e+01
-8.109218e+01
-8.190019e+01
-8.263738e+01
-8.330183e+01
-8.389388e+01
-8.441579e+01
-8.487144e+01
-8.526583e+01
-8.560467e+01
-8.589394e+01
-8.613962e+01
-8.634740e+01
-8.652258e+01
-8.666994e+01
-8.679372e+01
-8.689764e+01
-8.698492e+01
-8.705829e+01
-8.712009e+01
-8.717228e+01
-8.721650e+01
-8.725414e+01
-8.728632e+01
-8.731401e+01
-8.733798e+01
-8.735889e+01
-8.737726e+01
-8.739355e+01
-8.740811e+01
-8.742124e+01
-8.743318e+01
-8.744415e+01
-8.745430e+01
-8.746377e+01