-8.814087e+01
-4.021931e+01
3.532692e+01
3.987724e+01
4.112349e+01
4.127514e+01
4.107716e+01
4.078133e+01
4.047576e+01
4.019096e+01
3.993568e+01
3.971012e+01
3.951124e+01
3.933488e+01
3.917684e+01
3.903321e+01
3.890058e+01
3.877604e+01
3.865715e+01
3.854193e+01
3.842875e+01
3.831632e+01
3.820361e+01
3.808981e+01
3.797430e+01
3.785658e+01
3.773630e+01
3.761320e+01
3.748707e+01
3.735781e+01
3.722531e+01
3.708954e+01
3.695049e+01
3.680816e+01
3.666257e+01
3.651378e+01
3.636181e+01
3.620674e+01
3.604862e+01
3.588751e+01
3.572349e+01
3.555663e+01
3.538699e+01
3.521466e+01
3.503970e+01
3.486219e+01
3.468220e+01
3.449980e+01
3.431507e+01
3.412809e+01
3.393893e+01
3.374765e+01
3.355434e+01
3.335908e+01
3.316192e+01
3.296295e+01
3.276224e+01
3.255987e+01
3.235590e+01
3.215041e+01
3.194347e+01
3.173515e+01
3.152552e+01
3.131465e+01
3.110261e+01
3.088947e+01
3.067528e+01
3.046011e+01
3.024403e+01
3.002710e+01
2.980936e+01
2.959088e+01
2.937171e+01
2.915189e+01
2.893147e+01
2.871051e+01
2.848902e+01
2.826707e+01
2.804467e+01
2.782186e+01
2.759866e+01
2.737511e+01
2.715121e+01
2.692698e+01
2.670245e+01
2.647761e+01
2.625247e+01
2.602703e+01
2.580130e+01
2.557526e+01
2.534891e+01
2.512224e+01
2.489523e+01
2.466787e+01
2.444014e+01
2.421201e+01
2.398345e+01
2.375445e+01
2.352497e+01
2.329498e+01
2.306444e+01
2.283333e+01
2.260160e+01
2.236921e+01
2.213613e+01
2.190232e+01
2.166773e+01
2.143232e+01
2.119605e+01
2.095887e+01
2.072075e+01
2.048162e+01
2.024146e+01
2.000022e+01
1.975784e+01
1.951429e+01
1.926952e+01
1.902348e+01
1.877614e+01
1.852743e+01
1.827733e+01
1.802578e+01
1.777274e+01
1.751817e+01
1.726202e+01
1.700425e+01
1.674482e+01
1.648368e+01
1.622078e+01
1.595609e+01
1.568957e+01
1.542116e+01
1.515082e+01
1.487852e+01
1.460421e+01
1.432784e+01
1.404937e+01
1.376876e+01
1.348597e+01
1.320096e+01
1.291366e+01
1.262404e+01
1.233204e+01
1.203760e+01
1.174068e+01
1.144121e+01
1.113914e+01
1.083439e+01
1.052691e+01
1.021663e+01
9.903477e+00
9.587370e+00
9.268231e+00
8.945973e+00
8.620504e+00
8.291725e+00
7.959532e+00
7.623810e+00
7.284437e+00
6.941282e+00
6.594204e+00
6.243047e+00
5.887647e+00
5.527821e+00
5.163376e+00
4.794097e+00
4.419755e+00
4.040098e+00
3.654855e+00
3.263730e+00
2.866404e+00
2.462529e+00
2.051730e+00
1.633605e+00
1.207717e+00
7.736024e-01
3.307634e-01
-1.213266e-01
-5.832234e-01
-1.055508e+00
-1.538782e+00
-2.033662e+00
-2.540769e+00
-3.060720e+00
-3.594112e+00
-4.141509e+00
-4.703421e+00
-5.280286e+00
-5.872450e+00
-6.480150e+00
-7.103492e+00
-7.742442e+00
-8.396814e+00
-9.066270e+00
-9.750323e+00
-1.044835e+01
-1.115960e+01
-1.188323e+01
-1.261832e+01
-1.336391e+01
-1.411900e+01
-1.488260e+01
-1.565374e+01
-1.643151e+01
-1.721504e+01
-1.800352e+01
-1.879625e+01
-1.959261e+01
-2.039207e+01
-2.119418e+01
-2.199862e+01
-2.280512e+01
-2.361349e+01
-2.442362e+01
-2.523541e+01
-2.604884e+01
-2.686387e+01
-2.768051e+01
-2.849876e+01
-2.931863e+01
-3.014016e+01
-3.096337e+01
-3.178834e+01
-3.261515e+01
-3.344391e+01
-3.427477e+01
-3.510791e+01
-3.594357e+01
-3.678198e+01
-3.762344e+01
-3.846826e+01
-3.931676e+01
-4.016927e+01
-4.102611e+01
-4.188759e+01
-4.275396e+01
-4.362548e+01
-4.450231e+01
-4.538461e+01
-4.627248e+01
-4.716599e+01
-4.806518e+01
-4.897011e+01
-4.988081e+01
-5.079737e+01
-5.171992e+01
-5.264862e+01
-5.358374e+01
-5.452559e+01
-5.547458e+01
-5.643120e+01
-5.739601e+01
-5.836965e+01
-5.935284e+01
-6.034631e+01
-6.135084e+01
-6.236721e+01
-6.339613e+01
-6.443827e+01
-6.549409e+01
-6.656387e+01
-6.764752e+01
-6.874452e+01
-6.985375e+01
-7.097333e+01
-7.210047e+01
-7.323125e+01
-7.436053e+01
-7.548184e+01
-7.658742e+01
-7.766838e+01
-7.871507e+01
-7.971757e+01
-8.066638e+01
-8.155309e+01
-8.237105e+01
-8.311579e+01
-8.378530e+01
-8.437994e+01
-8.490217e+01
-8.535616e+01
-8.574725e+01
-8.608148e+01
-8.636515e+01
-8.660453e+01
-8.680554e+01
-8.697366e+01
-8.711382e+01
-8.723037e+01
-8.732710e+01
-8.740728e+01
-8.747367e+01
-8.752863e+01
-8.757413e+01
-8.761180e+01
-8.764304e+01
-8.766896e+01
-8.769051e+01
-8.770848e+01
-8.772349e+01
-8.773608e+01
-8.774667e+01
-8.775564e+01
-8.776326e+01
-8.776978e+01
-8.777539e+01
-8.778026e+01
-8.778452e+01
-8.778828e+01
-8.779163e+01
-8.779463e+01
-8.779736e+01
-8.779985e+01
-8.780215e+01
-8.780430e+01
-8.780631e+01
-8.780822e+01
-8.781004e+01
-8.781178e+01
-8.781346e+01
-8.781509e+01
-8.781667e+01
-8.781822e+01
-8.781973e+01
-8.782122e+01
-8.782268e+01
-8.782413e+01
-8.782555e+01
-8.782696e+01
-8.782836e+01
-8.782974e+01
-8.783112e+01
-8.783248e+01
-8.783383e+01
-8.783518e+01
-8.783652e+01
-8.783785e+01
-8.783917e+01
-8.784048e+01
-8.784179e+01
-8.784309e+01
-8.784439e+01
-8.784568e+01
-8.784696e+01
-8.784824e+01
-8.784951e+01
-8.785078e+01
-8.785204e+01
-8.785330e+01
-8.785455e+01
-8.785579e+01
-8.785703e+01
-8.785826e+01
-8.785949e+01
-8.786072e+01
-8.786193e+01
-8.786315e+01
-8.786435e+01
-8.786556e+01
-8.786675e+01
-8.786794e+01
-8.786913e+01
-8.787031e+01
-8.787149e+01
-8.787266e+01
-8.787383e+01
-8.787499e+01
-8.787614e+01
-8.787730e+01
-8.787844e+01
-8.787958e+01
-8.788072e+01
-8.788185e+01
-8.788298e+01
-8.788410e+01
-8.788521e+01
-8.788633e+01
-8.788743e+01
-8.788853e+01
-8.788963e+01
-8.789072e+01
-8.789181e+01
-8.789289e+01
-8.789397e+01
-8.789504e+01
-8.789611e+01
-8.789718e+01
-8.789823e+01
-8.789929e+01
-8.790034e+01
-8.790138e+01
-8.790242e+01
-8.790346e+01
-8.790449e+01
-8.790551e+01
-8.790654e+01
-8.790755e+01
-8.790856e+01
-8.790957e+01
-8.791058e+01