-8.754133e+01
-4.379485e+01
2.014817e+01
2.545772e+01
2.855772e+01
3.019666e+01
3.097671e+01
3.124635e+01
3.122075e+01
3.104640e+01
3.081872e+01
3.059025e+01
3.038397e+01
3.020624e+01
3.005553e+01
2.992713e+01
2.981552e+01
2.971539e+01
2.962207e+01
2.953163e+01
2.944092e+01
2.934739e+01
2.924909e+01
2.914452e+01
2.903257e+01
2.891245e+01
2.878360e+01
2.864568e+01
2.849849e+01
2.834197e+01
2.817615e+01
2.800113e+01
2.781706e+01
2.762414e+01
2.742261e+01
2.721271e+01
2.699470e+01
2.676885e+01
2.653542e+01
2.629469e+01
2.604692e+01
2.579236e+01
2.553126e+01
2.526385e+01
2.499035e+01
2.471099e+01
2.442595e+01
2.413543e+01
2.383960e+01
2.353861e+01
2.323263e+01
2.292176e+01
2.260615e+01
2.228590e+01
2.196110e+01
2.163184e+01
2.129819e+01
2.096020e+01
2.061793e+01
2.027141e+01
1.992066e+01
1.956571e+01
1.920654e+01
1.884317e+01
1.847556e+01
1.810369e+01
1.772751e+01
1.734700e+01
1.696207e+01
1.657266e+01
1.617870e+01
1.578010e+01
1.537674e+01
1.496853e+01
1.455534e+01
1.413705e+01
1.371353e+01
1.328465e+01
1.285023e+01
1.241008e+01
1.196400e+01
1.151177e+01
1.105317e+01
1.058793e+01
1.011579e+01
9.636466e+00
9.149633e+00
8.654956e+00
8.152067e+00
7.640567e+00
7.120021e+00
6.589955e+00
6.049851e+00
5.499141e+00
4.937207e+00
4.363370e+00
3.776892e+00
3.176966e+00
2.562718e+00
1.933207e+00
1.287428e+00
6.243208e-01
-5.721374e-02
-7.582890e-01
-1.479998e+00
-2.223367e+00
-2.989295e+00
-3.778489e+00
-4.591387e+00
-5.428090e+00
-6.288301e+00
-7.171293e+00
-8.075908e+00
-9.000586e+00
-9.943440e+00
-1.090235e+01
-1.187507e+01
-1.285935e+01
-1.385299e+01
-1.485397e+01
-1.586047e+01
-1.687089e+01
-1.788390e+01
-1.889840e+01
-1.991350e+01
-2.092851e+01
-2.194293e+01
-2.295635e+01
-2.396848e+01
-2.497909e+01
-2.598800e+01
-2.699504e+01
-2.800008e+01
-2.900299e+01
-3.000366e+01
-3.100198e+01
-3.199790e+01
-3.299136e+01
-3.398235e+01
-3.497090e+01
-3.595708e+01
-3.694097e+01
-3.792273e+01
-3.890251e+01
-3.988052e+01
-4.085698e+01
-4.183213e+01
-4.280620e+01
-4.377948e+01
-4.475222e+01
-4.572470e+01
-4.669722e+01
-4.767008e+01
-4.864364e+01
-4.961826e+01
-5.059436e+01
-5.157240e+01
-5.255290e+01
-5.353643e+01
-5.452363e+01
-5.551519e+01
-5.651185e+01
-5.751440e+01
-5.852368e+01
-5.954053e+01
-6.056583e+01
-6.160040e+01
-6.264504e+01
-6.370043e+01
-6.476712e+01
-6.584541e+01
-6.693530e+01
-6.803637e+01
-6.914766e+01
-7.026750e+01
-7.139339e+01
-7.252181e+01
-7.364813e+01
-7.476646e+01
-7.586974e+01
-7.694980e+01
-7.799768e+01
-7.900408e+01
-7.995991e+01
-8.085692e+01
-8.168836e+01
-8.244942e+01
-8.313753e+01
-8.375239e+01
-8.429579e+01
-8.477122e+01
-8.518347e+01
-8.553816e+01
-8.584129e+01
-8.609893e+01
-8.631691e+01
-8.650071e+01
-8.665529e+01
-8.678509e+01
-8.689398e+01
-8.698535e+01
-8.706207e+01
-8.712659e+01
-8.718099e+01
-8.722699e+01
-8.726604e+01
-8.729936e+01
-8.732795e+01
-8.735262e+01
-8.737407e+01
-8.739286e+01
-8.740945e+01
-8.742424e+01
-8.743752e+01
-8.744957e+01
-8.746059e+01
-8.747075e+01
-8.748021e+01
-8.748908e+01
-8.749745e+01
-8.750540e+01
-8.751301e+01
-8.752031e+01
-8.752737e+01
-8.753421e+01