-6.698619999999999663e+01
-6.099289999999999878e+01
-5.501630000000000109e+01
-4.904899999999999949e+01
-4.307359999999999900e+01
-3.700710000000000122e+01
-3.046580000000000155e+01
-2.200619999999999976e+01
-8.463609999999999189e+00
9.172480000000000189e+00
2.358310000000000173e+01
2.832270000000000110e+01
3.131269999999999953e+01
3.323460000000000036e+01
3.446110000000000184e+01
3.521050000000000324e+01
3.561939999999999884e+01
3.577740000000000009e+01
3.574609999999999843e+01
3.556900000000000261e+01
3.527799999999999869e+01
3.489690000000000225e+01
3.444400000000000261e+01
3.393359999999999843e+01
3.337700000000000244e+01
3.278309999999999746e+01
3.215950000000000131e+01
3.151229999999999976e+01
3.084639999999999915e+01
3.016619999999999990e+01
2.947510000000000119e+01
2.877629999999999910e+01
2.807219999999999871e+01
2.736510000000000176e+01
2.665690000000000026e+01
2.594910000000000139e+01
2.524309999999999832e+01
2.454009999999999891e+01
2.384110000000000085e+01
2.314699999999999847e+01
2.245850000000000080e+01
2.177629999999999910e+01
2.110079999999999956e+01
2.043260000000000076e+01
1.977189999999999870e+01
1.911919999999999931e+01
1.847469999999999857e+01
1.783859999999999957e+01
1.721099999999999852e+01
1.659209999999999852e+01
1.598199999999999932e+01
1.538080000000000069e+01
1.478839999999999932e+01
1.420500000000000007e+01
1.363059999999999938e+01
1.306499999999999950e+01
1.250830000000000020e+01
1.196049999999999969e+01
1.142149999999999999e+01
1.089129999999999932e+01
1.036960000000000015e+01
9.856640000000000512e+00
9.352140000000000342e+00
8.856049999999999756e+00
8.368280000000000385e+00
7.888740000000000308e+00
7.417309999999999626e+00
6.953890000000000349e+00
6.498370000000000424e+00
6.050629999999999953e+00
5.610570000000000057e+00
5.178060000000000329e+00
4.752989999999999604e+00
4.335230000000000139e+00
3.924669999999999881e+00
3.521189999999999820e+00
3.124670000000000059e+00
2.734970000000000123e+00
2.351989999999999803e+00
1.975600000000000023e+00
1.605679999999999996e+00
1.242110000000000047e+00
8.847690000000000277e-01
5.335400000000000142e-01
1.883029999999999982e-01
-1.510559999999999958e-01
-4.846530000000000005e-01
-8.126029999999999642e-01
-1.135019999999999918e+00
-1.452010000000000023e+00
-1.763679999999999914e+00
-2.070149999999999935e+00
-2.371519999999999850e+00
-2.667879999999999807e+00
-2.959350000000000147e+00
-3.246020000000000127e+00
-3.527989999999999959e+00
-3.805359999999999854e+00
-4.078219999999999956e+00
-4.346650000000000347e+00
-4.610759999999999970e+00
-4.870619999999999727e+00
-5.126330000000000275e+00
-5.377959999999999852e+00
-5.625589999999999868e+00
-5.869309999999999583e+00
-6.109180000000000277e+00
-6.345290000000000319e+00
-6.577709999999999724e+00
-6.806510000000000282e+00
-7.031760000000000232e+00
-7.253510000000000346e+00
-7.471849999999999881e+00
-7.686829999999999607e+00
-7.898520000000000429e+00
-8.106980000000000075e+00
-8.312250000000000583e+00
-8.514409999999999812e+00
-8.713509999999999422e+00
-8.909599999999999298e+00
-9.102740000000000720e+00
-9.292980000000000018e+00
-9.480359999999999232e+00
-9.664949999999999264e+00
-9.846780000000000754e+00
-1.002590000000000003e+01
-1.020240000000000080e+01
-1.037620000000000076e+01
-1.054749999999999943e+01
-1.071630000000000038e+01
-1.088260000000000005e+01
-1.104640000000000022e+01
-1.120790000000000042e+01
-1.136700000000000088e+01
-1.152379999999999960e+01
-1.167830000000000013e+01
-1.183060000000000045e+01
-1.198070000000000057e+01
-1.212860000000000049e+01
-1.227439999999999998e+01
-1.241810000000000080e+01
-1.255979999999999919e+01
-1.269950000000000045e+01
-1.283719999999999928e+01
-1.297289999999999921e+01
-1.310679999999999978e+01
-1.323869999999999969e+01
-1.336890000000000001e+01
-1.349719999999999942e+01
-1.362369999999999948e+01
-1.374849999999999994e+01
-1.387160000000000082e+01
-1.399310000000000009e+01
-1.411280000000000001e+01
-1.423099999999999987e+01
-1.434759999999999991e+01
-1.446260000000000012e+01
-1.457610000000000028e+01
-1.468800000000000061e+01
-1.479860000000000042e+01
-1.490760000000000041e+01
-1.501529999999999987e+01
-1.512160000000000082e+01
-1.522649999999999970e+01
-1.533000000000000007e+01
-1.543229999999999968e+01
-1.553330000000000055e+01
-1.563299999999999912e+01
-1.573150000000000048e+01
-1.582879999999999932e+01
-1.592489999999999917e+01
-1.601989999999999981e+01
-1.611370000000000147e+01
-1.620639999999999858e+01
-1.629799999999999827e+01
-1.638850000000000051e+01
-1.647800000000000153e+01
-1.656650000000000134e+01
-1.665399999999999991e+01
-1.674050000000000082e+01
-1.682600000000000051e+01
-1.691049999999999898e+01
-1.699419999999999931e+01
-1.707689999999999841e+01
-1.715879999999999939e+01
-1.723979999999999890e+01
-1.731990000000000052e+01
-1.739930000000000021e+01
-1.747779999999999845e+01
-1.755549999999999855e+01
-1.763240000000000052e+01
-1.770860000000000056e+01
-1.778399999999999892e+01
-1.785869999999999891e+01
-1.793260000000000076e+01
-1.800590000000000046e+01
-1.807849999999999824e+01
-1.815040000000000120e+01
-1.822169999999999845e+01
-1.829230000000000089e+01
-1.836230000000000118e+01
-1.843169999999999931e+01
-1.850039999999999907e+01
-1.856859999999999999e+01
-1.863619999999999877e+01
-1.870329999999999870e+01
-1.876980000000000004e+01
-1.883569999999999922e+01
-1.890109999999999957e+01
-1.896610000000000085e+01
-1.903049999999999997e+01
-1.909440000000000026e+01
-1.915780000000000172e+01
-1.922080000000000055e+01
-1.928320000000000078e+01
-1.934530000000000172e+01
-1.940690000000000026e+01
-1.946799999999999997e+01
-1.952880000000000038e+01
-1.958909999999999840e+01
-1.964900000000000091e+01
-1.970850000000000080e+01
-1.976760000000000161e+01
-1.982639999999999958e+01
-1.988479999999999848e+01
-1.994279999999999831e+01
-2.000039999999999907e+01
-2.005770000000000053e+01
-2.011469999999999914e+01
-2.017129999999999868e+01
-2.022759999999999891e+01
-2.028359999999999985e+01
-2.033920000000000172e+01
-2.039460000000000051e+01
-2.044969999999999999e+01
-2.050440000000000040e+01
-2.055890000000000128e+01
-2.061309999999999931e+01
-2.066700000000000159e+01
-2.072070000000000078e+01
-2.077400000000000091e+01
-2.082720000000000127e+01
-2.087999999999999901e+01
-2.093270000000000053e+01
-2.098499999999999943e+01
-2.103719999999999857e+01
-2.108909999999999840e+01
-2.114079999999999870e+01
-2.119219999999999970e+01
-2.124350000000000094e+01
-2.129449999999999932e+01
-2.134530000000000172e+01
-2.139590000000000103e+01
-2.144640000000000057e+01
-2.149660000000000082e+01
-2.154660000000000153e+01
-2.159639999999999915e+01
-2.164610000000000056e+01
-2.169559999999999889e+01
-2.174490000000000123e+01
-2.179400000000000048e+01
-2.184290000000000020e+01
-2.189170000000000016e+01
-2.194030000000000058e+01
-2.198880000000000123e+01
-2.203709999999999880e+01
-2.208530000000000015e+01
-2.213329999999999842e+01
-2.218110000000000070e+01
-2.222879999999999967e+01
-2.227639999999999887e+01
-2.232379999999999853e+01
-2.237109999999999843e+01
-2.241829999999999856e+01
-2.246539999999999893e+01
-2.251229999999999976e+01
-2.255900000000000105e+01
-2.260569999999999879e+01
-2.265230000000000032e+01
-2.269869999999999877e+01
-2.274500000000000099e+01
-2.279119999999999990e+01
-2.283729999999999905e+01
-2.288329999999999842e+01
-2.292909999999999826e+01
-2.297490000000000165e+01
-2.302060000000000173e+01
-2.306609999999999872e+01
-2.311159999999999926e+01
-2.315700000000000003e+01
-2.320230000000000103e+01
-2.324739999999999895e+01
-2.329250000000000043e+01
-2.333759999999999835e+01
-2.338250000000000028e+01
-2.342729999999999890e+01
-2.347210000000000107e+01
-2.351679999999999993e+01
-2.356139999999999901e+01
-2.360589999999999833e+01
-2.365030000000000143e+01
-2.369470000000000098e+01
-2.373900000000000077e+01
-2.378320000000000078e+01
-2.382730000000000103e+01
-2.387140000000000128e+01
-2.391540000000000177e+01
-2.395939999999999870e+01
-2.400329999999999941e+01
-2.404710000000000036e+01
-2.409080000000000155e+01
-2.413449999999999918e+01
-2.417820000000000036e+01
-2.422169999999999845e+01
-2.426529999999999987e+01
-2.430870000000000175e+01
-2.435210000000000008e+01
-2.439549999999999841e+01
-2.443880000000000052e+01
-2.448199999999999932e+01
-2.452520000000000167e+01
-2.456840000000000046e+01
-2.461149999999999949e+01
-2.465449999999999875e+01
-2.469750000000000156e+01
-2.474050000000000082e+01
-2.478340000000000032e+01
-2.482629999999999981e+01
-2.486909999999999954e+01
-2.491189999999999927e+01
-2.495459999999999923e+01
-2.499729999999999919e+01
-2.503999999999999915e+01
-2.508259999999999934e+01
-2.512519999999999953e+01
-2.516779999999999973e+01
-2.521030000000000015e+01
-2.525280000000000058e+01
-2.529520000000000124e+01
-2.533770000000000167e+01
-2.537999999999999901e+01
-2.542239999999999966e+01
-2.546470000000000056e+01
-2.550700000000000145e+01
-2.554929999999999879e+01
-2.559149999999999991e+01
-2.563370000000000104e+01
-2.567589999999999861e+01
-2.571799999999999997e+01
-2.576010000000000133e+01
-2.580219999999999914e+01
-2.584430000000000049e+01
-2.588629999999999853e+01
-2.592839999999999989e+01
-2.597040000000000148e+01
-2.601229999999999976e+01
-2.605430000000000135e+01
-2.609619999999999962e+01
-2.613810000000000144e+01
-2.617999999999999972e+01
-2.622190000000000154e+01
-2.626379999999999981e+01
-2.630559999999999832e+01
-2.634740000000000038e+01
-2.638919999999999888e+01
-2.643100000000000094e+01
-2.647279999999999944e+01
-2.651450000000000173e+01
-2.655620000000000047e+01
-2.659799999999999898e+01
-2.663970000000000127e+01
-2.668140000000000001e+01
-2.672299999999999898e+01
-2.676470000000000127e+01
-2.680630000000000024e+01
-2.684799999999999898e+01
-2.688960000000000150e+01
-2.693120000000000047e+01
-2.697279999999999944e+01
-2.701439999999999841e+01
-2.705600000000000094e+01
-2.709750000000000014e+01
-2.713909999999999911e+01
-2.718070000000000164e+01
-2.722220000000000084e+01
-2.726370000000000005e+01
-2.730529999999999902e+01
-2.734680000000000177e+01
-2.738830000000000098e+01
-2.742980000000000018e+01
-2.747129999999999939e+01
-2.751279999999999859e+01
-2.755430000000000135e+01
-2.759570000000000078e+01
-2.763719999999999999e+01
-2.767869999999999919e+01
-2.772009999999999863e+01
-2.776160000000000139e+01
-2.780310000000000059e+01
-2.784450000000000003e+01
-2.788599999999999923e+01
-2.792739999999999867e+01
-2.796880000000000166e+01
-2.801030000000000086e+01
-2.805170000000000030e+01
-2.809309999999999974e+01
-2.813459999999999894e+01
-2.817599999999999838e+01
-2.821740000000000137e+01
-2.825890000000000057e+01
-2.830030000000000001e+01
-2.834169999999999945e+01
-2.838309999999999889e+01
-2.842460000000000164e+01
-2.846600000000000108e+01
-2.850740000000000052e+01
-2.854879999999999995e+01
-2.859029999999999916e+01
-2.863169999999999860e+01
-2.867310000000000159e+01
-2.871450000000000102e+01
-2.875600000000000023e+01
-2.879739999999999966e+01
-2.883879999999999910e+01
-2.888029999999999831e+01
-2.892170000000000130e+01
-2.896320000000000050e+01
-2.900459999999999994e+01
-2.904599999999999937e+01
-2.908749999999999858e+01
-2.912890000000000157e+01
-2.917040000000000077e+01
-2.921189999999999998e+01
-2.925329999999999941e+01
-2.929479999999999862e+01
-2.933630000000000138e+01
-2.937770000000000081e+01
-2.941920000000000002e+01
-2.946069999999999922e+01
-2.950219999999999843e+01
-2.954370000000000118e+01
-2.958520000000000039e+01
-2.962669999999999959e+01
-2.966819999999999879e+01
-2.970970000000000155e+01
-2.975120000000000076e+01
-2.979269999999999996e+01
-2.983419999999999916e+01
-2.987580000000000169e+01
-2.991730000000000089e+01
-2.995889999999999986e+01
-3.000039999999999907e+01
-3.004200000000000159e+01
-3.008350000000000080e+01
-3.012509999999999977e+01
-3.016669999999999874e+01
-3.020820000000000149e+01
-3.024980000000000047e+01
-3.029139999999999944e+01
-3.033299999999999841e+01
-3.037460000000000093e+01
-3.041619999999999990e+01
-3.045779999999999887e+01
-3.049950000000000117e+01
-3.054110000000000014e+01
-3.058269999999999911e+01
-3.062440000000000140e+01
-3.066600000000000037e+01
-3.070769999999999911e+01
-3.074930000000000163e+01
-3.079100000000000037e+01
-3.083269999999999911e+01
-3.087440000000000140e+01
-3.091610000000000014e+01
-3.095779999999999887e+01
-3.099950000000000117e+01
-3.104119999999999990e+01
-3.108289999999999864e+01
-3.112460000000000093e+01
-3.116639999999999944e+01
-3.120810000000000173e+01
-3.124980000000000047e+01
-3.129159999999999897e+01
-3.133340000000000103e+01
-3.137509999999999977e+01
-3.141689999999999827e+01
-3.145870000000000033e+01
-3.150049999999999883e+01
-3.154230000000000089e+01
-3.158409999999999940e+01
-3.162590000000000146e+01
-3.166769999999999996e+01
-3.170949999999999847e+01
-3.175130000000000052e+01
-3.179319999999999879e+01
-3.183500000000000085e+01
-3.187689999999999912e+01
-3.191870000000000118e+01
-3.196059999999999945e+01
-3.200240000000000151e+01
-3.204429999999999978e+01
-3.208619999999999806e+01
-3.212810000000000343e+01
-3.217000000000000171e+01
-3.221189999999999998e+01
-3.225379999999999825e+01
-3.229569999999999652e+01
-3.233760000000000190e+01
-3.237950000000000017e+01
-3.242150000000000176e+01
-3.246340000000000003e+01
-3.250540000000000163e+01
-3.254729999999999990e+01
-3.258930000000000149e+01
-3.263119999999999976e+01
-3.267320000000000135e+01
-3.271509999999999962e+01
-3.275710000000000122e+01
-3.279910000000000281e+01
-3.284109999999999729e+01
-3.288309999999999889e+01
-3.292510000000000048e+01
-3.296710000000000207e+01
-3.300909999999999656e+01
-3.305109999999999815e+01
-3.309309999999999974e+01
-3.313510000000000133e+01
-3.317710000000000292e+01
-3.321920000000000073e+01
-3.326120000000000232e+01
-3.330319999999999681e+01
-3.334530000000000172e+01
-3.338730000000000331e+01
-3.342940000000000111e+01
-3.347140000000000271e+01
-3.351350000000000051e+01
-3.355550000000000210e+01
-3.359759999999999991e+01
-3.363969999999999771e+01
-3.368169999999999931e+01
-3.372379999999999711e+01
-3.376590000000000202e+01
-3.380789999999999651e+01
-3.385000000000000142e+01
-3.389209999999999923e+01
-3.393419999999999703e+01
-3.397630000000000194e+01
-3.401839999999999975e+01
-3.406040000000000134e+01
-3.410249999999999915e+01
-3.414459999999999695e+01
-3.418670000000000186e+01
-3.422879999999999967e+01
-3.427089999999999748e+01
-3.431300000000000239e+01
-3.435510000000000019e+01
-3.439719999999999800e+01
-3.443930000000000291e+01
-3.448140000000000072e+01
-3.452349999999999852e+01
-3.456560000000000343e+01
-3.460770000000000124e+01
-3.464979999999999905e+01
-3.469189999999999685e+01
-3.473400000000000176e+01
-3.477609999999999957e+01
-3.481819999999999737e+01
-3.486030000000000229e+01
-3.490240000000000009e+01
-3.494449999999999790e+01
-3.498660000000000281e+01
-3.502870000000000061e+01
-3.507079999999999842e+01
-3.511290000000000333e+01
-3.515489999999999782e+01
-3.519700000000000273e+01
-3.523910000000000053e+01
-3.528119999999999834e+01
-3.532330000000000325e+01
-3.536540000000000106e+01
-3.540740000000000265e+01
-3.544950000000000045e+01
-3.549159999999999826e+01
-3.553359999999999985e+01
-3.557569999999999766e+01
-3.561780000000000257e+01
-3.565979999999999706e+01
-3.570190000000000197e+01
-3.574389999999999645e+01
-3.578589999999999804e+01
-3.582800000000000296e+01
-3.586999999999999744e+01
-3.591210000000000235e+01
-3.595409999999999684e+01
-3.599609999999999843e+01
-3.603810000000000002e+01
-3.608010000000000161e+01
-3.612210000000000321e+01
-3.616409999999999769e+01
-3.620609999999999928e+01
-3.624810000000000088e+01
-3.629010000000000247e+01
-3.633209999999999695e+01
-3.637400000000000233e+01
-3.641599999999999682e+01
-3.645799999999999841e+01
-3.649989999999999668e+01
-3.654189999999999827e+01
-3.658379999999999654e+01
-3.662570000000000192e+01
-3.666760000000000019e+01
-3.670960000000000178e+01
-3.675150000000000006e+01
-3.679339999999999833e+01
-3.683529999999999660e+01
-3.687709999999999866e+01
-3.691899999999999693e+01
-3.696090000000000231e+01
-3.700269999999999726e+01
-3.704460000000000264e+01
-3.708639999999999759e+01
-3.712830000000000297e+01
-3.717009999999999792e+01
-3.721189999999999998e+01
-3.725370000000000203e+01
-3.729549999999999699e+01
-3.733729999999999905e+01
-3.737910000000000110e+01
-3.742090000000000316e+01
-3.746260000000000190e+01
-3.750439999999999685e+01
-3.754610000000000269e+01
-3.758780000000000143e+01
-3.762950000000000017e+01
-3.767119999999999891e+01
-3.771289999999999765e+01
-3.775460000000000349e+01
-3.779630000000000223e+01
-3.783800000000000097e+01
-3.787960000000000349e+01
-3.792130000000000223e+01
-3.796289999999999765e+01
-3.800450000000000017e+01
-3.804610000000000269e+01
-3.808769999999999811e+01
-3.812930000000000064e+01
-3.817090000000000316e+01
-3.821240000000000236e+01
-3.825399999999999778e+01
-3.829549999999999699e+01
-3.833700000000000330e+01
-3.837850000000000250e+01
-3.842000000000000171e+01
-3.846150000000000091e+01
-3.850300000000000011e+01
-3.854440000000000310e+01
-3.858590000000000231e+01
-3.862729999999999819e+01
-3.866870000000000118e+01
-3.871009999999999707e+01
-3.875150000000000006e+01
-3.879290000000000305e+01
-3.883420000000000272e+01
-3.887559999999999860e+01
-3.891689999999999827e+01
-3.895819999999999794e+01
-3.899949999999999761e+01
-3.904079999999999728e+01
-3.908209999999999695e+01
-3.912330000000000041e+01
-3.916460000000000008e+01
-3.920580000000000354e+01
-3.924699999999999989e+01
-3.928820000000000334e+01
-3.932939999999999969e+01
-3.937060000000000315e+01
-3.941170000000000329e+01
-3.945289999999999964e+01
-3.949399999999999977e+01
-3.953509999999999991e+01
-3.957620000000000005e+01
-3.961730000000000018e+01
-3.965829999999999700e+01
-3.969939999999999714e+01
-3.974040000000000106e+01
-3.978139999999999787e+01
-3.982240000000000180e+01
-3.986339999999999861e+01
-3.990429999999999922e+01
-3.994530000000000314e+01
-3.998619999999999663e+01
-4.002709999999999724e+01
-4.006799999999999784e+01
-4.010889999999999844e+01
-4.014979999999999905e+01
-4.019060000000000343e+01
-4.023140000000000072e+01
-4.027219999999999800e+01
-4.031300000000000239e+01
-4.035379999999999967e+01
-4.039459999999999695e+01
-4.043529999999999802e+01
-4.047599999999999909e+01
-4.051670000000000016e+01
-4.055740000000000123e+01
-4.059810000000000230e+01
-4.063870000000000005e+01
-4.067940000000000111e+01
-4.071999999999999886e+01
-4.076059999999999661e+01
-4.080120000000000147e+01
-4.084170000000000300e+01
-4.088230000000000075e+01
-4.092280000000000229e+01
-4.096329999999999671e+01
-4.100379999999999825e+01
-4.104429999999999978e+01
-4.108469999999999800e+01
-4.112510000000000332e+01
-4.116559999999999775e+01
-4.120589999999999975e+01
-4.124629999999999797e+01
-4.128670000000000329e+01
-4.132699999999999818e+01
-4.136730000000000018e+01
-4.140760000000000218e+01
-4.144789999999999708e+01
-4.148819999999999908e+01
-4.152839999999999776e+01
-4.156860000000000355e+01
-4.160880000000000223e+01
-4.164900000000000091e+01
-4.168919999999999959e+01
-4.172930000000000206e+01
-4.176950000000000074e+01
-4.180960000000000321e+01
-4.184969999999999857e+01
-4.188969999999999771e+01
-4.192980000000000018e+01
-4.196979999999999933e+01
-4.200979999999999848e+01
-4.204979999999999762e+01
-4.208970000000000056e+01
-4.212969999999999970e+01
-4.216960000000000264e+01
-4.220949999999999847e+01
-4.224940000000000140e+01
-4.228929999999999723e+01
-4.232909999999999684e+01
-4.236899999999999977e+01
-4.240879999999999939e+01
-4.244850000000000279e+01
-4.248830000000000240e+01
-4.252799999999999869e+01
-4.256779999999999831e+01
-4.260750000000000171e+01
-4.264719999999999800e+01
-4.268679999999999808e+01
-4.272650000000000148e+01
-4.276610000000000156e+01
-4.280570000000000164e+01
-4.284530000000000172e+01
-4.288479999999999848e+01
-4.292430000000000234e+01
-4.296390000000000242e+01
-4.300339999999999918e+01
-4.304279999999999973e+01
-4.308229999999999649e+01
-4.312169999999999703e+01
-4.316109999999999758e+01
-4.320049999999999812e+01
-4.323989999999999867e+01
-4.327920000000000300e+01
-4.331860000000000355e+01
-4.335790000000000077e+01
-4.339710000000000178e+01
-4.343639999999999901e+01
-4.347560000000000002e+01
-4.351489999999999725e+01
-4.355409999999999826e+01
-4.359320000000000306e+01
-4.363239999999999696e+01
-4.367150000000000176e+01
-4.371059999999999945e+01
-4.374969999999999715e+01
-4.378880000000000194e+01
-4.382780000000000342e+01
-4.386690000000000111e+01
-4.390590000000000259e+01
-4.394480000000000075e+01
-4.398380000000000223e+01
-4.402270000000000039e+01
-4.406159999999999854e+01
-4.410049999999999670e+01
-4.413940000000000197e+01
-4.417819999999999681e+01
-4.421710000000000207e+01
-4.425589999999999691e+01
-4.429469999999999885e+01
-4.433339999999999748e+01
-4.437219999999999942e+01
-4.441089999999999804e+01
-4.444959999999999667e+01
-4.448819999999999908e+01
-4.452689999999999770e+01
-4.456550000000000011e+01
-4.460410000000000252e+01
-4.464269999999999783e+01
-4.468119999999999692e+01
-4.471979999999999933e+01
-4.475829999999999842e+01
-4.479679999999999751e+01
-4.483520000000000039e+01
-4.487369999999999948e+01
-4.491210000000000235e+01
-4.495049999999999812e+01
-4.498890000000000100e+01
-4.502720000000000056e+01
-4.506560000000000343e+01
-4.510390000000000299e+01
-4.514209999999999923e+01
-4.518039999999999878e+01
-4.521860000000000213e+01
-4.525690000000000168e+01
-4.529500000000000171e+01
-4.533319999999999794e+01
-4.537140000000000128e+01
-4.540950000000000131e+01
-4.544760000000000133e+01
-4.548570000000000135e+01
-4.552369999999999806e+01
-4.556170000000000186e+01
-4.559969999999999857e+01
-4.563770000000000238e+01
-4.567569999999999908e+01
-4.571359999999999957e+01
-4.575150000000000006e+01
-4.578940000000000055e+01
-4.582730000000000103e+01
-4.586509999999999820e+01
-4.590290000000000248e+01
-4.594069999999999965e+01
-4.597849999999999682e+01
-4.601619999999999777e+01
-4.605400000000000205e+01
-4.609170000000000300e+01
-4.612930000000000064e+01
-4.616700000000000159e+01
-4.620459999999999923e+01
-4.624219999999999686e+01
-4.627980000000000160e+01
-4.631730000000000302e+01
-4.635490000000000066e+01
-4.639240000000000208e+01
-4.642980000000000018e+01
-4.646730000000000160e+01
-4.650469999999999970e+01
-4.654209999999999781e+01
-4.657950000000000301e+01
-4.661690000000000111e+01
-4.665420000000000300e+01
-4.669149999999999778e+01
-4.672879999999999967e+01
-4.676610000000000156e+01
-4.680330000000000013e+01
-4.684049999999999869e+01
-4.687769999999999726e+01
-4.691490000000000293e+01
-4.695199999999999818e+01
-4.698910000000000053e+01
-4.702620000000000289e+01
-4.706329999999999814e+01
-4.710029999999999717e+01
-4.713730000000000331e+01
-4.717430000000000234e+01
-4.721119999999999806e+01
-4.724819999999999709e+01
-4.728509999999999991e+01
-4.732200000000000273e+01
-4.735880000000000223e+01
-4.739569999999999794e+01
-4.743249999999999744e+01
-4.746929999999999694e+01
-4.750600000000000023e+01
-4.754279999999999973e+01
-4.757950000000000301e+01
-4.761610000000000298e+01
-4.765279999999999916e+01
-4.768939999999999912e+01
-4.772599999999999909e+01
-4.776259999999999906e+01
-4.779919999999999902e+01
-4.783570000000000277e+01
-4.787219999999999942e+01
-4.790870000000000317e+01
-4.794509999999999650e+01
-4.798149999999999693e+01
-4.801789999999999736e+01
-4.805429999999999779e+01
-4.809060000000000201e+01
-4.812700000000000244e+01
-4.816320000000000334e+01
-4.819950000000000045e+01
-4.823570000000000135e+01
-4.827199999999999847e+01
-4.830810000000000315e+01
-4.834429999999999694e+01
-4.838040000000000163e+01
-4.841649999999999920e+01
-4.845259999999999678e+01
-4.848870000000000147e+01
-4.852470000000000283e+01
-4.856069999999999709e+01
-4.859660000000000224e+01
-4.863259999999999650e+01
-4.866850000000000165e+01
-4.870439999999999969e+01
-4.874029999999999774e+01
-4.877609999999999957e+01
-4.881190000000000140e+01
-4.884770000000000323e+01
-4.888340000000000174e+01
-4.891919999999999646e+01
-4.895490000000000208e+01
-4.899049999999999727e+01
-4.902620000000000289e+01
-4.906179999999999808e+01
-4.909740000000000038e+01
-4.913289999999999935e+01
-4.916850000000000165e+01
-4.920400000000000063e+01
-4.923940000000000339e+01
-4.927490000000000236e+01
-4.931029999999999802e+01
-4.934570000000000078e+01
-4.938100000000000023e+01
-4.941640000000000299e+01
-4.945170000000000243e+01
-4.948700000000000188e+01
-4.952219999999999800e+01
-4.955740000000000123e+01
-4.959259999999999735e+01
-4.962780000000000058e+01
-4.966290000000000049e+01
-4.969800000000000040e+01
-4.973310000000000031e+01
-4.976820000000000022e+01
-4.980319999999999681e+01
-4.983820000000000050e+01
-4.987310000000000088e+01
-4.990809999999999746e+01
-4.994299999999999784e+01
-4.997780000000000200e+01
-5.001270000000000238e+01
-5.004749999999999943e+01
-5.008229999999999649e+01
-5.011710000000000065e+01
-5.015180000000000149e+01
-5.018650000000000233e+01
-5.022120000000000317e+01
-5.025580000000000069e+01
-5.029039999999999822e+01
-5.032500000000000284e+01
-5.035949999999999704e+01
-5.039410000000000167e+01
-5.042849999999999966e+01
-5.046300000000000097e+01
-5.049739999999999895e+01
-5.053179999999999694e+01
-5.056620000000000203e+01
-5.060060000000000002e+01
-5.063490000000000180e+01
-5.066910000000000025e+01
-5.070340000000000202e+01
-5.073760000000000048e+01
-5.077179999999999893e+01
-5.080599999999999739e+01
-5.084009999999999962e+01
-5.087420000000000186e+01
-5.090829999999999700e+01
-5.094230000000000302e+01
-5.097630000000000194e+01
-5.101030000000000086e+01
-5.104419999999999646e+01
-5.107809999999999917e+01
-5.111200000000000188e+01
-5.114589999999999748e+01
-5.117969999999999686e+01
-5.121350000000000335e+01
-5.124719999999999942e+01
-5.128090000000000259e+01
-5.131459999999999866e+01
-5.134830000000000183e+01
-5.138190000000000168e+01
-5.141550000000000153e+01
-5.144910000000000139e+01
-5.148259999999999792e+01
-5.151610000000000156e+01
-5.154959999999999809e+01
-5.158299999999999841e+01
-5.161650000000000205e+01
-5.164979999999999905e+01
-5.168319999999999936e+01
-5.171650000000000347e+01
-5.174980000000000047e+01
-5.178300000000000125e+01
-5.181620000000000203e+01
-5.184940000000000282e+01
-5.188259999999999650e+01
-5.191570000000000107e+01
-5.194879999999999853e+01
-5.198179999999999978e+01
-5.201480000000000103e+01
-5.204780000000000229e+01
-5.208080000000000354e+01
-5.211370000000000147e+01
-5.214659999999999940e+01
-5.217949999999999733e+01
-5.221229999999999905e+01
-5.224510000000000076e+01
-5.227779999999999916e+01
-5.231049999999999756e+01
-5.234320000000000306e+01
-5.237590000000000146e+01
-5.240849999999999653e+01
-5.244109999999999872e+01
-5.247370000000000090e+01
-5.250619999999999976e+01
-5.253869999999999862e+01
-5.257110000000000127e+01
-5.260360000000000014e+01
-5.263600000000000279e+01
-5.266830000000000211e+01
-5.270060000000000144e+01
-5.273290000000000077e+01
-5.276520000000000010e+01
-5.279740000000000322e+01
-5.282959999999999923e+01
-5.286169999999999902e+01
-5.289379999999999882e+01
-5.292589999999999861e+01
-5.295799999999999841e+01
-5.299000000000000199e+01
-5.302199999999999847e+01
-5.305389999999999873e+01
-5.308579999999999899e+01
-5.311769999999999925e+01
-5.314950000000000330e+01
-5.318139999999999645e+01
-5.321309999999999718e+01
-5.324490000000000123e+01
-5.327660000000000196e+01
-5.330819999999999936e+01
-5.333990000000000009e+01
-5.337149999999999750e+01
-5.340299999999999869e+01
-5.343449999999999989e+01
-5.346600000000000108e+01
-5.349750000000000227e+01
-5.352890000000000015e+01
-5.356029999999999802e+01
-5.359170000000000300e+01
-5.362299999999999756e+01
-5.365429999999999922e+01
-5.368549999999999756e+01
-5.371670000000000300e+01
-5.374790000000000134e+01
-5.377900000000000347e+01
-5.381009999999999849e+01
-5.384120000000000061e+01
-5.387219999999999942e+01
-5.390319999999999823e+01
-5.393419999999999703e+01
-5.396509999999999962e+01
-5.399600000000000222e+01
-5.402680000000000149e+01
-5.405760000000000076e+01
-5.408840000000000003e+01
-5.411910000000000309e+01
-5.414990000000000236e+01
-5.418050000000000210e+01
-5.421110000000000184e+01
-5.424170000000000158e+01
-5.427230000000000132e+01
-5.430279999999999774e+01
-5.433330000000000126e+01
-5.436379999999999768e+01
-5.439419999999999789e+01
-5.442450000000000188e+01
-5.445490000000000208e+01
-5.448519999999999897e+01
-5.451539999999999964e+01
-5.454569999999999652e+01
-5.457589999999999719e+01
-5.460600000000000165e+01
-5.463609999999999900e+01
-5.466620000000000346e+01
-5.469619999999999749e+01
-5.472630000000000194e+01
-5.475619999999999976e+01
-5.478609999999999758e+01
-5.481600000000000250e+01
-5.484590000000000032e+01
-5.487570000000000192e+01
-5.490550000000000352e+01
-5.493520000000000181e+01
-5.496490000000000009e+01
-5.499459999999999837e+01
-5.502420000000000044e+01
-5.505380000000000251e+01
-5.508339999999999748e+01
-5.511290000000000333e+01
-5.514240000000000208e+01
-5.517179999999999751e+01
-5.520120000000000005e+01
-5.523060000000000258e+01
-5.525990000000000180e+01
-5.528920000000000101e+01
-5.531839999999999691e+01
-5.534759999999999991e+01
-5.537680000000000291e+01
-5.540590000000000259e+01
-5.543500000000000227e+01
-5.546410000000000196e+01
-5.549309999999999832e+01
-5.552210000000000178e+01
-5.555100000000000193e+01
-5.557990000000000208e+01
-5.560880000000000223e+01
-5.563759999999999906e+01
-5.566640000000000299e+01
-5.569519999999999982e+01
-5.572390000000000043e+01
-5.575249999999999773e+01
-5.578119999999999834e+01
-5.580980000000000274e+01
-5.583829999999999671e+01
-5.586679999999999779e+01
-5.589529999999999887e+01
-5.592369999999999663e+01
-5.595210000000000150e+01
-5.598049999999999926e+01
-5.600880000000000081e+01
-5.603710000000000235e+01
-5.606530000000000058e+01
-5.609349999999999881e+01
-5.612169999999999703e+01
-5.614979999999999905e+01
-5.617790000000000106e+01
-5.620600000000000307e+01
-5.623400000000000176e+01
-5.626189999999999714e+01
-5.628990000000000293e+01
-5.631770000000000209e+01
-5.634559999999999746e+01
-5.637339999999999662e+01
-5.640120000000000289e+01
-5.642889999999999873e+01
-5.645660000000000167e+01
-5.648420000000000130e+01
-5.651180000000000092e+01
-5.653940000000000055e+01
-5.656689999999999685e+01
-5.659440000000000026e+01
-5.662189999999999657e+01
-5.664929999999999666e+01
-5.667669999999999675e+01
-5.670400000000000063e+01
-5.673129999999999740e+01
-5.675849999999999795e+01
-5.678569999999999851e+01
-5.681289999999999907e+01
-5.684000000000000341e+01
-5.686710000000000065e+01
-5.689419999999999789e+01
-5.692119999999999891e+01
-5.694809999999999661e+01
-5.697509999999999764e+01
-5.700200000000000244e+01
-5.702879999999999683e+01
-5.705559999999999832e+01
-5.708239999999999981e+01
-5.710909999999999798e+01
-5.713580000000000325e+01
-5.716239999999999810e+01
-5.718900000000000006e+01
-5.721560000000000201e+01
-5.724210000000000065e+01
-5.726859999999999928e+01
-5.729509999999999792e+01
-5.732150000000000034e+01
-5.734779999999999944e+01
-5.737409999999999854e+01
-5.740039999999999765e+01
-5.742669999999999675e+01
-5.745289999999999964e+01
-5.747899999999999920e+01
-5.750509999999999877e+01
-5.753119999999999834e+01
-5.755720000000000169e+01
-5.758319999999999794e+01
-5.760920000000000130e+01
-5.763510000000000133e+01
-5.766100000000000136e+01
-5.768679999999999808e+01
-5.771260000000000190e+01
-5.773839999999999861e+01
-5.776409999999999911e+01
-5.778970000000000340e+01
-5.781539999999999679e+01
-5.784089999999999776e+01
-5.786650000000000205e+01
-5.789200000000000301e+01
-5.791749999999999687e+01
-5.794290000000000163e+01
-5.796829999999999927e+01
-5.799360000000000070e+01
-5.801890000000000214e+01
-5.804410000000000025e+01
-5.806940000000000168e+01
-5.809449999999999648e+01
-5.811970000000000169e+01
-5.814479999999999649e+01
-5.816980000000000217e+01
-5.819480000000000075e+01
-5.821979999999999933e+01
-5.824470000000000169e+01
-5.826959999999999695e+01
-5.829440000000000310e+01
-5.831920000000000215e+01
-5.834400000000000119e+01
-5.836869999999999692e+01
-5.839339999999999975e+01
-5.841799999999999926e+01
-5.844259999999999877e+01
-5.846719999999999828e+01
-5.849170000000000158e+01
-5.851619999999999777e+01
-5.854059999999999775e+01
-5.856499999999999773e+01
-5.858930000000000149e+01
-5.861370000000000147e+01
-5.863790000000000191e+01
-5.866210000000000235e+01
-5.868630000000000280e+01
-5.871050000000000324e+01
-5.873460000000000036e+01
-5.875860000000000127e+01
-5.878260000000000218e+01
-5.880660000000000309e+01
-5.883050000000000068e+01
-5.885439999999999827e+01
-5.887830000000000297e+01
-5.890209999999999724e+01
-5.892589999999999861e+01
-5.894959999999999667e+01
-5.897330000000000183e+01
-5.899689999999999657e+01
-5.902049999999999841e+01
-5.904410000000000025e+01
-5.906759999999999877e+01
-5.909109999999999729e+01
-5.911449999999999960e+01
-5.913790000000000191e+01
-5.916120000000000090e+01
-5.918449999999999989e+01
-5.920779999999999887e+01
-5.923100000000000165e+01
-5.925419999999999732e+01
-5.927740000000000009e+01
-5.930049999999999955e+01
-5.932350000000000279e+01
-5.934660000000000224e+01
-5.936950000000000216e+01
-5.939249999999999829e+01
-5.941539999999999822e+01
-5.943820000000000192e+01
-5.946099999999999852e+01
-5.948380000000000223e+01
-5.950650000000000261e+01
-5.952920000000000300e+01
-5.955180000000000007e+01
-5.957450000000000045e+01
-5.959700000000000131e+01
-5.961950000000000216e+01
-5.964200000000000301e+01
-5.966440000000000055e+01
-5.968679999999999808e+01
-5.970920000000000272e+01
-5.973149999999999693e+01
-5.975379999999999825e+01
-5.977600000000000335e+01
-5.979820000000000135e+01
-5.982030000000000314e+01
-5.984239999999999782e+01
-5.986449999999999960e+01
-5.988649999999999807e+01
-5.990849999999999653e+01
-5.993050000000000210e+01
-5.995230000000000103e+01
-5.997420000000000329e+01
-5.999600000000000222e+01
-6.001780000000000115e+01
-6.003949999999999676e+01
-6.006119999999999948e+01
-6.008290000000000219e+01
-6.010450000000000159e+01
-6.012599999999999767e+01
-6.014759999999999707e+01
-6.016899999999999693e+01
-6.019050000000000011e+01
-6.021189999999999998e+01
-6.023319999999999652e+01
-6.025460000000000349e+01
-6.027579999999999671e+01
-6.029710000000000036e+01
-6.031830000000000069e+01
-6.033939999999999770e+01
-6.036050000000000182e+01
-6.038159999999999883e+01
-6.040259999999999962e+01
-6.042360000000000042e+01
-6.044460000000000122e+01
-6.046549999999999869e+01
-6.048629999999999995e+01
-6.050719999999999743e+01
-6.052790000000000248e+01
-6.054869999999999663e+01
-6.056940000000000168e+01
-6.059000000000000341e+01
-6.061070000000000135e+01
-6.063119999999999976e+01
-6.065180000000000149e+01
-6.067229999999999990e+01
-6.069270000000000209e+01
-6.071309999999999718e+01
-6.073349999999999937e+01
-6.075379999999999825e+01
-6.077409999999999712e+01
-6.079440000000000310e+01
-6.081459999999999866e+01
-6.083469999999999800e+01
-6.085490000000000066e+01
-6.087500000000000000e+01
-6.089500000000000313e+01
-6.091499999999999915e+01
-6.093500000000000227e+01
-6.095490000000000208e+01
-6.097480000000000189e+01
-6.099459999999999837e+01
-6.101440000000000197e+01
-6.103419999999999845e+01
-6.105389999999999873e+01
-6.107359999999999900e+01
-6.109320000000000306e+01
-6.111280000000000001e+01
-6.113239999999999696e+01
-6.115189999999999770e+01
-6.117130000000000223e+01
-6.119080000000000297e+01
-6.121020000000000039e+01
-6.122950000000000159e+01
-6.124880000000000280e+01
-6.126809999999999690e+01
-6.128730000000000189e+01
-6.130649999999999977e+01
-6.132569999999999766e+01
-6.134479999999999933e+01
-6.136390000000000100e+01
-6.138289999999999935e+01
-6.140189999999999770e+01
-6.142079999999999984e+01
-6.143979999999999819e+01
-6.145859999999999701e+01
-6.147749999999999915e+01
-6.149620000000000175e+01
-6.151500000000000057e+01
-6.153370000000000317e+01
-6.155239999999999867e+01
-6.157099999999999795e+01
-6.158959999999999724e+01
-6.160810000000000031e+01
-6.162669999999999959e+01
-6.164509999999999934e+01
-6.166360000000000241e+01
-6.168189999999999884e+01
-6.170029999999999859e+01
-6.171860000000000213e+01
-6.173689999999999856e+01
-6.175509999999999877e+01
-6.177329999999999899e+01
-6.179149999999999920e+01
-6.180960000000000321e+01
-6.182759999999999678e+01
-6.184570000000000078e+01
-6.186370000000000147e+01
-6.188159999999999883e+01
-6.189950000000000330e+01
-6.191740000000000066e+01
-6.193529999999999802e+01
-6.195300000000000296e+01
-6.197079999999999700e+01
-6.198850000000000193e+01
-6.200619999999999976e+01
-6.202380000000000138e+01
-6.204140000000000299e+01
-6.205899999999999750e+01
-6.207650000000000290e+01
-6.209400000000000119e+01
-6.211149999999999949e+01
-6.212890000000000157e+01
-6.214620000000000033e+01
-6.216360000000000241e+01
-6.218079999999999785e+01
-6.219809999999999661e+01
-6.221529999999999916e+01
-6.223250000000000171e+01
-6.224960000000000093e+01
-6.226670000000000016e+01
-6.228379999999999939e+01
-6.230080000000000240e+01
-6.231779999999999831e+01
-6.233469999999999800e+01
-6.235159999999999769e+01
-6.236849999999999739e+01
-6.238530000000000086e+01
-6.240209999999999724e+01
-6.241879999999999740e+01
-6.243549999999999756e+01
-6.245219999999999771e+01
-6.246880000000000166e+01
-6.248539999999999850e+01
-6.250200000000000244e+01
-6.251850000000000307e+01
-6.253499999999999659e+01
-6.255140000000000100e+01
-6.256779999999999831e+01
-6.258420000000000272e+01
-6.260049999999999670e+01
-6.261679999999999779e+01
-6.263309999999999889e+01
-6.264929999999999666e+01
-6.266550000000000153e+01
-6.268160000000000309e+01
-6.269769999999999754e+01
-6.271379999999999910e+01
-6.272979999999999734e+01
-6.274580000000000268e+01
-6.276169999999999760e+01
-6.277770000000000294e+01
-6.279350000000000165e+01
-6.280939999999999657e+01
-6.282520000000000238e+01
-6.284089999999999776e+01
-6.285669999999999646e+01
-6.287239999999999895e+01
-6.288799999999999812e+01
-6.290359999999999729e+01
-6.291919999999999646e+01
-6.293469999999999942e+01
-6.295020000000000238e+01
-6.296569999999999823e+01
-6.298109999999999786e+01
-6.299649999999999750e+01
-6.301189999999999714e+01
-6.302720000000000056e+01
-6.304249999999999687e+01
-6.305769999999999698e+01
-6.307289999999999708e+01
-6.308809999999999718e+01
-6.310329999999999728e+01
-6.311840000000000117e+01
-6.313340000000000174e+01
-6.314840000000000231e+01
-6.316340000000000288e+01
-6.317840000000000344e+01
-6.319330000000000069e+01
-6.320819999999999794e+01
-6.322299999999999898e+01
-6.323780000000000001e+01
-6.325260000000000105e+01
-6.326729999999999876e+01
-6.328199999999999648e+01
-6.329670000000000130e+01
-6.331130000000000280e+01
-6.332589999999999719e+01
-6.334049999999999869e+01
-6.335499999999999687e+01
-6.336950000000000216e+01
-6.338389999999999702e+01
-6.339829999999999899e+01
-6.341270000000000095e+01
-6.342710000000000292e+01
-6.344140000000000157e+01
-6.345559999999999690e+01
-6.346990000000000265e+01
-6.348409999999999798e+01
-6.349819999999999709e+01
-6.351239999999999952e+01
-6.352649999999999864e+01
-6.354050000000000153e+01
-6.355449999999999733e+01
-6.356850000000000023e+01
-6.358250000000000313e+01
-6.359640000000000271e+01
-6.361030000000000229e+01
-6.362409999999999854e+01
-6.363799999999999812e+01
-6.365169999999999817e+01
-6.366550000000000153e+01
-6.367920000000000158e+01
-6.369290000000000163e+01
-6.370649999999999835e+01
-6.372010000000000218e+01
-6.373369999999999891e+01
-6.374719999999999942e+01
-6.376069999999999993e+01
-6.377420000000000044e+01
-6.378759999999999764e+01
-6.380100000000000193e+01
-6.381439999999999912e+01
-6.382770000000000010e+01
-6.384100000000000108e+01
-6.385430000000000206e+01
-6.386749999999999972e+01
-6.388069999999999737e+01
-6.389379999999999882e+01
-6.390699999999999648e+01
-6.392000000000000171e+01
-6.393310000000000315e+01
-6.394610000000000127e+01
-6.395909999999999940e+01
-6.397209999999999752e+01
-6.398499999999999943e+01
-6.399790000000000134e+01
-6.401069999999999993e+01
-6.402360000000000184e+01
-6.403640000000000043e+01
-6.404909999999999570e+01
-6.406180000000000518e+01
-6.407450000000000045e+01
-6.408719999999999573e+01
-6.409980000000000189e+01
-6.411239999999999384e+01
-6.412489999999999668e+01
-6.413750000000000284e+01
-6.415000000000000568e+01
-6.416240000000000521e+01
-6.417480000000000473e+01
-6.418720000000000425e+01
-6.419960000000000377e+01
-6.421189999999999998e+01
-6.422419999999999618e+01
-6.423650000000000659e+01
-6.424869999999999948e+01
-6.426090000000000657e+01
-6.427309999999999945e+01
-6.428520000000000323e+01
-6.429730000000000700e+01
-6.430939999999999657e+01
-6.432139999999999702e+01
-6.433339999999999748e+01
-6.434539999999999793e+01
-6.435729999999999507e+01
-6.436920000000000641e+01
-6.438110000000000355e+01
-6.439289999999999736e+01
-6.440470000000000539e+01
-6.441649999999999920e+01
-6.442829999999999302e+01
-6.443999999999999773e+01
-6.445170000000000243e+01
-6.446330000000000382e+01
-6.447490000000000521e+01
-6.448650000000000659e+01
-6.449809999999999377e+01
-6.450960000000000605e+01
-6.452110000000000412e+01
-6.453260000000000218e+01
-6.454399999999999693e+01
-6.455540000000000589e+01
-6.456680000000000064e+01
-6.457810000000000628e+01
-6.458939999999999770e+01
-6.460070000000000334e+01
-6.461190000000000566e+01
-6.462309999999999377e+01
-6.463429999999999609e+01
-6.464549999999999841e+01
-6.465659999999999741e+01
-6.466769999999999641e+01
-6.467870000000000630e+01
-6.468980000000000530e+01
-6.470080000000000098e+01
-6.471169999999999334e+01
-6.472270000000000323e+01
-6.473359999999999559e+01
-6.474450000000000216e+01
-6.475530000000000541e+01
-6.476609999999999445e+01
-6.477689999999999770e+01
-6.478770000000000095e+01
-6.479840000000000089e+01
-6.480910000000000082e+01
-6.481980000000000075e+01
-6.483039999999999736e+01
-6.484099999999999397e+01
-6.485160000000000480e+01
-6.486209999999999809e+01
-6.487269999999999470e+01
-6.488309999999999889e+01
-6.489360000000000639e+01
-6.490399999999999636e+01
-6.491440000000000055e+01
-6.492480000000000473e+01
-6.493510000000000559e+01
-6.494540000000000646e+01
-6.495569999999999311e+01
-6.496599999999999397e+01
-6.497620000000000573e+01
-6.498640000000000327e+01
-6.499660000000000082e+01
-6.500669999999999504e+01
-6.501680000000000348e+01
-6.502689999999999770e+01
-6.503690000000000282e+01
-6.504699999999999704e+01
-6.505700000000000216e+01
-6.506690000000000396e+01
-6.507689999999999486e+01
-6.508679999999999666e+01
-6.509659999999999513e+01
-6.510649999999999693e+01
-6.511629999999999541e+01
-6.512609999999999388e+01
-6.513590000000000657e+01
-6.514560000000000173e+01
-6.515529999999999688e+01
-6.516500000000000625e+01
-6.517459999999999809e+01
-6.518429999999999325e+01
-6.519389999999999930e+01
-6.520340000000000202e+01
-6.521299999999999386e+01
-6.522249999999999659e+01
-6.523199999999999932e+01
-6.524139999999999873e+01
-6.525090000000000146e+01
-6.526030000000000086e+01
-6.526959999999999695e+01
-6.527899999999999636e+01
-6.528830000000000666e+01
-6.529760000000000275e+01
-6.530679999999999552e+01
-6.531610000000000582e+01
-6.532529999999999859e+01
-6.533450000000000557e+01
-6.534359999999999502e+01
-6.535280000000000200e+01
-6.536190000000000566e+01
-6.537090000000000600e+01
-6.537999999999999545e+01
-6.538899999999999579e+01
-6.539799999999999613e+01
-6.540689999999999316e+01
-6.541589999999999350e+01
-6.542480000000000473e+01
-6.543370000000000175e+01
-6.544249999999999545e+01
-6.545140000000000668e+01
-6.546020000000000039e+01
-6.546899999999999409e+01
-6.547769999999999868e+01
-6.548640000000000327e+01
-6.549509999999999366e+01
-6.550379999999999825e+01
-6.551250000000000284e+01
-6.552110000000000412e+01
-6.552970000000000539e+01
-6.553820000000000334e+01
-6.554680000000000462e+01
-6.555530000000000257e+01
-6.556380000000000052e+01
-6.557229999999999848e+01
-6.558069999999999311e+01
-6.558910000000000196e+01
-6.559749999999999659e+01
-6.560590000000000543e+01
-6.561419999999999675e+01
-6.562250000000000227e+01
-6.563079999999999359e+01
-6.563909999999999911e+01
-6.564730000000000132e+01
-6.565550000000000352e+01
-6.566370000000000573e+01
-6.567180000000000462e+01
-6.568000000000000682e+01
-6.568810000000000571e+01
-6.569620000000000459e+01
-6.570420000000000016e+01
-6.571229999999999905e+01
-6.572029999999999461e+01
-6.572830000000000439e+01
-6.573619999999999663e+01
-6.574410000000000309e+01
-6.575209999999999866e+01
-6.575990000000000180e+01
-6.576779999999999404e+01
-6.577559999999999718e+01
-6.578340000000000032e+01
-6.579120000000000346e+01
-6.579900000000000659e+01
-6.580670000000000641e+01
-6.581440000000000623e+01
-6.582210000000000605e+01
-6.582980000000000587e+01
-6.583740000000000236e+01
-6.584499999999999886e+01
-6.585259999999999536e+01
-6.586020000000000607e+01
-6.586769999999999925e+01
-6.587529999999999575e+01
-6.588280000000000314e+01
-6.589019999999999300e+01
-6.589770000000000039e+01
-6.590510000000000446e+01
-6.591249999999999432e+01
-6.591989999999999839e+01
-6.592719999999999914e+01
-6.593460000000000321e+01
-6.594190000000000396e+01
-6.594910000000000139e+01
-6.595640000000000214e+01
-6.596359999999999957e+01
-6.597090000000000032e+01
-6.597799999999999443e+01
-6.598520000000000607e+01
-6.599230000000000018e+01
-6.599949999999999761e+01
-6.600660000000000593e+01
-6.601359999999999673e+01
-6.602070000000000505e+01
-6.602769999999999584e+01
-6.603470000000000084e+01
-6.604170000000000584e+01
-6.604869999999999663e+01
-6.605559999999999832e+01
-6.606250000000000000e+01
-6.606940000000000168e+01
-6.607630000000000337e+01
-6.608310000000000173e+01
-6.608990000000000009e+01
-6.609669999999999845e+01
-6.610349999999999682e+01
-6.611029999999999518e+01
-6.611700000000000443e+01
-6.612369999999999948e+01
-6.613039999999999452e+01
-6.613700000000000045e+01
-6.614369999999999550e+01
-6.615030000000000143e+01
-6.615689999999999316e+01
-6.616349999999999909e+01
-6.617000000000000171e+01
-6.617659999999999343e+01
-6.618309999999999604e+01
-6.618959999999999866e+01
-6.619599999999999795e+01
-6.620250000000000057e+01
-6.620889999999999986e+01
-6.621529999999999916e+01
-6.622169999999999845e+01
-6.622799999999999443e+01
-6.623439999999999372e+01
-6.624070000000000391e+01
-6.624699999999999989e+01
-6.625329999999999586e+01
-6.625950000000000273e+01
-6.626569999999999538e+01
-6.627190000000000225e+01
-6.627809999999999491e+01
-6.628430000000000177e+01
-6.629040000000000532e+01
-6.629659999999999798e+01
-6.630270000000000152e+01
-6.630870000000000175e+01
-6.631480000000000530e+01
-6.632080000000000553e+01
-6.632689999999999486e+01
-6.633289999999999509e+01
-6.633880000000000621e+01
-6.634480000000000643e+01
-6.635070000000000334e+01
-6.635660000000000025e+01
-6.636249999999999716e+01
-6.636839999999999407e+01
-6.637430000000000518e+01
-6.638009999999999877e+01
-6.638590000000000657e+01
-6.639170000000000016e+01
-6.639749999999999375e+01
-6.640319999999999823e+01
-6.640890000000000271e+01
-6.641459999999999297e+01
-6.642029999999999745e+01
-6.642600000000000193e+01
-6.643170000000000641e+01
-6.643729999999999336e+01
-6.644289999999999452e+01
-6.644849999999999568e+01
-6.645399999999999352e+01
-6.645959999999999468e+01
-6.646510000000000673e+01
-6.647060000000000457e+01
-6.647610000000000241e+01
-6.648160000000000025e+01
-6.648699999999999477e+01
-6.649250000000000682e+01
-6.649790000000000134e+01
-6.650329999999999586e+01
-6.650860000000000127e+01
-6.651399999999999579e+01
-6.651930000000000121e+01
-6.652460000000000662e+01
-6.652989999999999782e+01
-6.653520000000000323e+01
-6.654049999999999443e+01
-6.654569999999999652e+01
-6.655089999999999861e+01
-6.655610000000000070e+01
-6.656130000000000280e+01
-6.656640000000000157e+01
-6.657160000000000366e+01
-6.657670000000000243e+01
-6.658180000000000121e+01
-6.658689999999999998e+01
-6.659189999999999543e+01
-6.659699999999999420e+01
-6.660200000000000387e+01
-6.660699999999999932e+01
-6.661199999999999477e+01
-6.661700000000000443e+01
-6.662189999999999657e+01
-6.662690000000000623e+01
-6.663179999999999836e+01
-6.663670000000000471e+01
-6.664149999999999352e+01
-6.664639999999999986e+01
-6.665120000000000289e+01
-6.665600000000000591e+01
-6.666079999999999472e+01
-6.666559999999999775e+01
-6.667040000000000077e+01
-6.667510000000000048e+01
-6.667990000000000350e+01
-6.668460000000000321e+01
-6.668930000000000291e+01
-6.669389999999999930e+01
-6.669859999999999900e+01
-6.670319999999999538e+01
-6.670789999999999509e+01
-6.671250000000000568e+01
-6.671699999999999875e+01
-6.672159999999999513e+01
-6.672620000000000573e+01
-6.673069999999999879e+01
-6.673520000000000607e+01
-6.673969999999999914e+01
-6.674420000000000641e+01
-6.674859999999999616e+01
-6.675310000000000343e+01
-6.675749999999999318e+01
-6.676189999999999714e+01
-6.676630000000000109e+01
-6.677070000000000505e+01
-6.677500000000000568e+01
-6.677930000000000632e+01
-6.678369999999999607e+01
-6.678799999999999670e+01
-6.679219999999999402e+01
-6.679649999999999466e+01
-6.680079999999999529e+01
-6.680500000000000682e+01
-6.680920000000000414e+01
-6.681340000000000146e+01
-6.681759999999999877e+01
-6.682170000000000698e+01
-6.682590000000000430e+01
-6.682999999999999829e+01
-6.683410000000000650e+01
-6.683820000000000050e+01
-6.684229999999999450e+01
-6.684640000000000271e+01
-6.685039999999999338e+01
-6.685439999999999827e+01
-6.685840000000000316e+01
-6.686239999999999384e+01
-6.686639999999999873e+01
-6.687040000000000362e+01
-6.687430000000000518e+01
-6.687820000000000675e+01
-6.688219999999999743e+01
-6.688599999999999568e+01
-6.688989999999999725e+01
-6.689379999999999882e+01
-6.689759999999999707e+01
-6.690149999999999864e+01
-6.690529999999999688e+01
-6.690909999999999513e+01
-6.691280000000000427e+01
-6.691660000000000252e+01
-6.692029999999999745e+01
-6.692409999999999570e+01
-6.692780000000000484e+01
-6.693149999999999977e+01
-6.693519999999999470e+01
-6.693880000000000052e+01
-6.694249999999999545e+01
-6.694610000000000127e+01
-6.694970000000000709e+01
-6.695329999999999870e+01
-6.695690000000000452e+01
-6.696049999999999613e+01
-6.696399999999999864e+01
-6.696760000000000446e+01
-6.697110000000000696e+01
-6.697459999999999525e+01
-6.697809999999999775e+01
-6.698160000000000025e+01
-6.698499999999999943e+01
-6.698850000000000193e+01
-6.699190000000000111e+01
-6.699530000000000030e+01
-6.699869999999999948e+01
-6.700209999999999866e+01
-6.700539999999999452e+01
-6.700879999999999370e+01
-6.701210000000000377e+01
-6.701539999999999964e+01
-6.701869999999999550e+01
-6.702200000000000557e+01
-6.702530000000000143e+01
-6.702859999999999729e+01
-6.703180000000000405e+01
-6.703499999999999659e+01
-6.703820000000000334e+01
-6.704139999999999588e+01
-6.704460000000000264e+01
-6.704779999999999518e+01
-6.705089999999999861e+01
-6.705410000000000537e+01
-6.705719999999999459e+01
-6.706029999999999802e+01
-6.706340000000000146e+01
-6.706640000000000157e+01
-6.706950000000000500e+01
-6.707250000000000512e+01
-6.707559999999999434e+01
-6.707859999999999445e+01
-6.708159999999999457e+01
-6.708459999999999468e+01
-6.708750000000000568e+01
-6.709050000000000580e+01
-6.709340000000000259e+01
-6.709640000000000271e+01
-6.709929999999999950e+01
-6.710219999999999629e+01
-6.710509999999999309e+01
-6.710790000000000077e+01
-6.711079999999999757e+01
-6.711360000000000525e+01
-6.711639999999999873e+01
-6.711920000000000641e+01
-6.712199999999999989e+01
-6.712479999999999336e+01
-6.712760000000000105e+01
-6.713030000000000541e+01
-6.713309999999999889e+01
-6.713580000000000325e+01
-6.713849999999999341e+01
-6.714119999999999777e+01
-6.714390000000000214e+01
-6.714650000000000318e+01
-6.714919999999999334e+01
-6.715179999999999438e+01
-6.715449999999999875e+01
-6.715709999999999980e+01
-6.715970000000000084e+01
-6.716219999999999857e+01
-6.716479999999999961e+01
-6.716740000000000066e+01
-6.716989999999999839e+01
-6.717239999999999611e+01
-6.717489999999999384e+01
-6.717740000000000578e+01
-6.717990000000000350e+01
-6.718240000000000123e+01
-6.718479999999999563e+01
-6.718729999999999336e+01
-6.718970000000000198e+01
-6.719209999999999638e+01
-6.719450000000000500e+01
-6.719689999999999941e+01
-6.719929999999999382e+01
-6.720159999999999911e+01
-6.720399999999999352e+01
-6.720629999999999882e+01
-6.720860000000000412e+01
-6.721089999999999520e+01
-6.721320000000000050e+01
-6.721550000000000580e+01
-6.721779999999999688e+01
-6.721999999999999886e+01
-6.722230000000000416e+01
-6.722450000000000614e+01
-6.722669999999999391e+01
-6.722889999999999588e+01
-6.723109999999999786e+01
-6.723319999999999652e+01
-6.723539999999999850e+01
-6.723749999999999716e+01
-6.723969999999999914e+01
-6.724179999999999779e+01
-6.724389999999999645e+01
-6.724599999999999511e+01
-6.724809999999999377e+01
-6.725010000000000332e+01
-6.725220000000000198e+01
-6.725419999999999732e+01
-6.725620000000000687e+01
-6.725820000000000221e+01
-6.726019999999999754e+01
-6.726220000000000709e+01
-6.726420000000000243e+01
-6.726619999999999777e+01
-6.726810000000000400e+01
-6.726999999999999602e+01
-6.727200000000000557e+01
-6.727389999999999759e+01
-6.727580000000000382e+01
-6.727760000000000673e+01
-6.727949999999999875e+01
-6.728140000000000498e+01
-6.728319999999999368e+01
-6.728499999999999659e+01
-6.728679999999999950e+01
-6.728870000000000573e+01
-6.729040000000000532e+01
-6.729219999999999402e+01
-6.729399999999999693e+01
-6.729569999999999652e+01
-6.729749999999999943e+01
-6.729919999999999902e+01
-6.730089999999999861e+01
-6.730259999999999820e+01
-6.730429999999999779e+01
-6.730599999999999739e+01
-6.730769999999999698e+01
-6.730929999999999325e+01
-6.731100000000000705e+01
-6.731260000000000332e+01
-6.731419999999999959e+01
-6.731579999999999586e+01
-6.731740000000000634e+01
-6.731900000000000261e+01
-6.732049999999999557e+01
-6.732210000000000605e+01
-6.732359999999999900e+01
-6.732519999999999527e+01
-6.732670000000000243e+01
-6.732819999999999538e+01
-6.732970000000000255e+01
-6.733119999999999550e+01
-6.733259999999999934e+01
-6.733410000000000650e+01
-6.733549999999999613e+01
-6.733689999999999998e+01
-6.733839999999999293e+01
-6.733979999999999677e+01
-6.734120000000000061e+01
-6.734250000000000114e+01
-6.734390000000000498e+01
-6.734529999999999461e+01
-6.734659999999999513e+01
-6.734799999999999898e+01
-6.734929999999999950e+01
-6.735060000000000002e+01
-6.735190000000000055e+01
-6.735320000000000107e+01
-6.735439999999999827e+01
-6.735569999999999879e+01
-6.735699999999999932e+01
-6.735819999999999652e+01
-6.735939999999999372e+01
-6.736060000000000514e+01
-6.736180000000000234e+01
-6.736299999999999955e+01
-6.736419999999999675e+01
-6.736539999999999395e+01
-6.736650000000000205e+01
-6.736769999999999925e+01
-6.736879999999999313e+01
-6.736990000000000123e+01
-6.737099999999999511e+01
-6.737210000000000321e+01
-6.737319999999999709e+01
-6.737430000000000518e+01
-6.737529999999999575e+01
-6.737640000000000384e+01
-6.737739999999999441e+01
-6.737850000000000250e+01
-6.737949999999999307e+01
-6.738049999999999784e+01
-6.738150000000000261e+01
-6.738249999999999318e+01
-6.738339999999999463e+01
-6.738439999999999941e+01
-6.738530000000000086e+01
-6.738630000000000564e+01
-6.738720000000000709e+01
-6.738809999999999434e+01
-6.738899999999999579e+01
-6.738989999999999725e+01
-6.739079999999999870e+01
-6.739159999999999684e+01
-6.739249999999999829e+01
-6.739329999999999643e+01
-6.739419999999999789e+01
-6.739499999999999602e+01
-6.739579999999999416e+01
-6.739660000000000650e+01
-6.739740000000000464e+01
-6.739809999999999945e+01
-6.739889999999999759e+01
-6.739969999999999573e+01
-6.740040000000000475e+01
-6.740109999999999957e+01
-6.740179999999999438e+01
-6.740260000000000673e+01
-6.740319999999999823e+01
-6.740389999999999304e+01
-6.740460000000000207e+01
-6.740529999999999688e+01
-6.740590000000000259e+01
-6.740659999999999741e+01
-6.740720000000000312e+01
-6.740779999999999461e+01
-6.740840000000000032e+01
-6.740900000000000603e+01
-6.740959999999999752e+01
-6.741020000000000323e+01
-6.741070000000000562e+01
-6.741129999999999711e+01
-6.741179999999999950e+01
-6.741240000000000521e+01
-6.741289999999999338e+01
-6.741339999999999577e+01
-6.741389999999999816e+01
-6.741440000000000055e+01
-6.741479999999999961e+01
-6.741530000000000200e+01
-6.741580000000000439e+01
-6.741620000000000346e+01
-6.741660000000000252e+01
-6.741710000000000491e+01
-6.741750000000000398e+01
-6.741790000000000305e+01
-6.741819999999999879e+01
-6.741859999999999786e+01
-6.741899999999999693e+01
-6.741930000000000689e+01
-6.741970000000000596e+01
-6.742000000000000171e+01
-6.742029999999999745e+01
-6.742069999999999652e+01
-6.742100000000000648e+01
-6.742130000000000223e+01
-6.742149999999999466e+01
-6.742180000000000462e+01
-6.742210000000000036e+01
-6.742230000000000700e+01
-6.742249999999999943e+01
-6.742279999999999518e+01
-6.742300000000000182e+01
-6.742319999999999425e+01
-6.742340000000000089e+01
-6.742359999999999332e+01
-6.742369999999999663e+01
-6.742390000000000327e+01
-6.742409999999999570e+01
-6.742419999999999902e+01
-6.742430000000000234e+01
-6.742449999999999477e+01
-6.742459999999999809e+01
-6.742470000000000141e+01
-6.742480000000000473e+01
-6.742480000000000473e+01
-6.742489999999999384e+01
-6.742499999999999716e+01
-6.742499999999999716e+01
-6.742499999999999716e+01
-6.742510000000000048e+01
-6.742510000000000048e+01
-6.742510000000000048e+01
-6.742510000000000048e+01
-6.742510000000000048e+01
-6.742499999999999716e+01
-6.742499999999999716e+01
-6.742489999999999384e+01
-6.742489999999999384e+01
-6.742480000000000473e+01
-6.742470000000000141e+01
-6.742470000000000141e+01
-6.742459999999999809e+01
-6.742440000000000566e+01
-6.742430000000000234e+01
-6.742419999999999902e+01
-6.742409999999999570e+01
-6.742390000000000327e+01
-6.742369999999999663e+01
-6.742359999999999332e+01
-6.742340000000000089e+01
-6.742319999999999425e+01
-6.742300000000000182e+01
-6.742279999999999518e+01
-6.742260000000000275e+01
-6.742230000000000700e+01
-6.742210000000000036e+01
-6.742180000000000462e+01
-6.742159999999999798e+01
-6.742130000000000223e+01
-6.742100000000000648e+01
-6.742069999999999652e+01
-6.742040000000000077e+01
-6.742010000000000502e+01
-6.741979999999999507e+01
-6.741939999999999600e+01
-6.741910000000000025e+01
-6.741870000000000118e+01
-6.741840000000000543e+01
-6.741800000000000637e+01
-6.741759999999999309e+01
-6.741719999999999402e+01
-6.741679999999999495e+01
-6.741639999999999588e+01
-6.741589999999999350e+01
-6.741549999999999443e+01
-6.741509999999999536e+01
-6.741459999999999297e+01
-6.741410000000000480e+01
-6.741370000000000573e+01
-6.741320000000000334e+01
-6.741270000000000095e+01
-6.741219999999999857e+01
-6.741160000000000707e+01
-6.741110000000000468e+01
-6.741060000000000230e+01
-6.740999999999999659e+01
-6.740949999999999420e+01
-6.740890000000000271e+01
-6.740829999999999700e+01
-6.740770000000000550e+01
-6.740709999999999980e+01
-6.740649999999999409e+01
-6.740590000000000259e+01
-6.740529999999999688e+01
-6.740460000000000207e+01
-6.740399999999999636e+01
-6.740330000000000155e+01
-6.740269999999999584e+01
-6.740200000000000102e+01
-6.740130000000000621e+01
-6.740059999999999718e+01
-6.739990000000000236e+01
-6.739919999999999334e+01
-6.739839999999999520e+01
-6.739770000000000039e+01
-6.739700000000000557e+01
-6.739619999999999322e+01
-6.739539999999999509e+01
-6.739470000000000027e+01
-6.739390000000000214e+01
-6.739310000000000400e+01
-6.739230000000000587e+01
-6.739140000000000441e+01
-6.739060000000000628e+01
-6.738979999999999393e+01
-6.738890000000000668e+01
-6.738809999999999434e+01
-6.738720000000000709e+01
-6.738630000000000564e+01
-6.738540000000000418e+01
-6.738450000000000273e+01
-6.738360000000000127e+01
-6.738269999999999982e+01
-6.738179999999999836e+01
-6.738089999999999691e+01
-6.737990000000000634e+01
-6.737900000000000489e+01
-6.737800000000000011e+01
-6.737699999999999534e+01
-6.737600000000000477e+01
-6.737500000000000000e+01
-6.737399999999999523e+01
-6.737300000000000466e+01
-6.737199999999999989e+01
-6.737099999999999511e+01
-6.736990000000000123e+01
-6.736889999999999645e+01
-6.736780000000000257e+01
-6.736669999999999447e+01
-6.736560000000000059e+01
-6.736450000000000671e+01
-6.736339999999999861e+01
-6.736230000000000473e+01
-6.736119999999999663e+01
-6.736010000000000275e+01
-6.735890000000000555e+01
-6.735779999999999745e+01
-6.735660000000000025e+01
-6.735540000000000305e+01
-6.735429999999999495e+01
-6.735309999999999775e+01
-6.735190000000000055e+01
-6.735070000000000334e+01
-6.734940000000000282e+01
-6.734820000000000562e+01
-6.734699999999999420e+01
-6.734569999999999368e+01
-6.734449999999999648e+01
-6.734319999999999595e+01
-6.734189999999999543e+01
-6.734059999999999491e+01
-6.733929999999999438e+01
-6.733799999999999386e+01
-6.733669999999999334e+01
-6.733540000000000703e+01
-6.733400000000000318e+01
-6.733270000000000266e+01
-6.733129999999999882e+01
-6.732999999999999829e+01
-6.732859999999999445e+01
-6.732720000000000482e+01
-6.732580000000000098e+01
-6.732439999999999714e+01
-6.732299999999999329e+01
-6.732160000000000366e+01
-6.732009999999999650e+01
-6.731870000000000687e+01
-6.731719999999999970e+01
-6.731579999999999586e+01
-6.731430000000000291e+01
-6.731279999999999575e+01
-6.731130000000000280e+01
-6.730979999999999563e+01
-6.730830000000000268e+01
-6.730679999999999552e+01
-6.730519999999999925e+01
-6.730370000000000630e+01
-6.730219999999999914e+01
-6.730060000000000286e+01
-6.729900000000000659e+01
-6.729739999999999611e+01
-6.729590000000000316e+01
-6.729430000000000689e+01
-6.729259999999999309e+01
-6.729099999999999682e+01
-6.728940000000000055e+01
-6.728780000000000427e+01
-6.728610000000000468e+01
-6.728449999999999420e+01
-6.728279999999999461e+01
-6.728109999999999502e+01
-6.727939999999999543e+01
-6.727769999999999584e+01
-6.727599999999999625e+01
-6.727429999999999666e+01
-6.727259999999999707e+01
-6.727079999999999416e+01
-6.726909999999999457e+01
-6.726730000000000587e+01
-6.726560000000000628e+01
-6.726380000000000337e+01
-6.726200000000000045e+01
-6.726019999999999754e+01
-6.725839999999999463e+01
-6.725660000000000593e+01
-6.725480000000000302e+01
-6.725300000000000011e+01
-6.725109999999999388e+01
-6.724930000000000518e+01
-6.724739999999999895e+01
-6.724550000000000693e+01
-6.724370000000000402e+01
-6.724179999999999779e+01
-6.723990000000000578e+01
-6.723799999999999955e+01
-6.723600000000000421e+01
-6.723409999999999798e+01
-6.723220000000000596e+01
-6.723019999999999641e+01
-6.722830000000000439e+01
-6.722629999999999484e+01
-6.722429999999999950e+01
-6.722230000000000416e+01
-6.722029999999999461e+01
-6.721829999999999927e+01
-6.721630000000000393e+01
-6.721429999999999438e+01
-6.721229999999999905e+01
-6.721020000000000039e+01
-6.720820000000000505e+01
-6.720610000000000639e+01
-6.720399999999999352e+01
-6.720189999999999486e+01
-6.719979999999999620e+01
-6.719769999999999754e+01
-6.719559999999999889e+01
-6.719350000000000023e+01
-6.719140000000000157e+01
-6.718919999999999959e+01
-6.718710000000000093e+01
-6.718489999999999895e+01
-6.718269999999999698e+01
-6.718059999999999832e+01
-6.717839999999999634e+01
-6.717619999999999436e+01
-6.717400000000000659e+01
-6.717170000000000130e+01
-6.716949999999999932e+01
-6.716729999999999734e+01
-6.716500000000000625e+01
-6.716280000000000427e+01
-6.716049999999999898e+01
-6.715819999999999368e+01
-6.715590000000000259e+01
-6.715359999999999729e+01
-6.715130000000000621e+01
-6.714900000000000091e+01
-6.714669999999999561e+01
-6.714430000000000121e+01
-6.714199999999999591e+01
-6.713960000000000150e+01
-6.713729999999999620e+01
-6.713490000000000180e+01
-6.713249999999999318e+01
-6.713009999999999877e+01
-6.712770000000000437e+01
-6.712529999999999575e+01
-6.712290000000000134e+01
-6.712040000000000362e+01
-6.711799999999999500e+01
-6.711549999999999727e+01
-6.711310000000000286e+01
-6.711060000000000514e+01
-6.710809999999999320e+01
-6.710559999999999548e+01
-6.710309999999999775e+01
-6.710060000000000002e+01
-6.709810000000000230e+01
-6.709560000000000457e+01
-6.709300000000000352e+01
-6.709050000000000580e+01
-6.708790000000000475e+01
-6.708530000000000371e+01
-6.708270000000000266e+01
-6.708020000000000493e+01
-6.707760000000000389e+01
-6.707489999999999952e+01
-6.707229999999999848e+01
-6.706969999999999743e+01
-6.706699999999999307e+01
-6.706440000000000623e+01
-6.706170000000000186e+01
-6.705910000000000082e+01
-6.705639999999999645e+01
-6.705370000000000630e+01
-6.705100000000000193e+01
-6.704829999999999757e+01
-6.704559999999999320e+01
-6.704279999999999973e+01
-6.704009999999999536e+01
-6.703740000000000521e+01
-6.703459999999999752e+01
-6.703180000000000405e+01
-6.702899999999999636e+01
-6.702630000000000621e+01
-6.702349999999999852e+01
-6.702060000000000173e+01
-6.701779999999999404e+01
-6.701500000000000057e+01
-6.701220000000000709e+01
-6.700929999999999609e+01
-6.700650000000000261e+01
-6.700360000000000582e+01
-6.700069999999999482e+01
-6.699779999999999802e+01
-6.699490000000000123e+01
-6.699200000000000443e+01
-6.698909999999999343e+01
