-7.446289062500000000e+01
1.525878906250000000e+00
4.333496093750000000e+01
3.845214843750000000e+01
3.509521484375000000e+01
3.204345703125000000e+01
2.868652343750000000e+01
2.655029296875000000e+01
2.563476562500000000e+01
2.288818359375000000e+01
2.258300781250000000e+01
2.075195312500000000e+01
1.983642578125000000e+01
1.861572265625000000e+01
1.739501953125000000e+01
1.495361328125000000e+01
1.464843750000000000e+01
1.251220703125000000e+01
1.068115234375000000e+01
9.765625000000000000e+00
9.460449218750000000e+00
7.019042968750000000e+00
3.967285156250000000e+00
3.967285156250000000e+00
1.220703125000000000e+00
-2.136230468750000000e+00
-2.746582031250000000e+00
-5.798339843750000000e+00
-7.324218750000000000e+00
-9.460449218750000000e+00
-1.098632812500000000e+01
-1.190185546875000000e+01
-1.464843750000000000e+01
-1.617431640625000000e+01
-1.708984375000000000e+01
-2.044677734375000000e+01
-2.197265625000000000e+01
-2.380371093750000000e+01
-2.532958984375000000e+01
-2.349853515625000000e+01
-2.777099609375000000e+01
-2.807617187500000000e+01
-2.960205078125000000e+01
-2.960205078125000000e+01
-3.234863281250000000e+01
-3.448486328125000000e+01
-3.356933593750000000e+01
-3.601074218750000000e+01
-3.692626953125000000e+01
-3.967285156250000000e+01
-3.875732421875000000e+01
-3.997802734375000000e+01
-4.058837890625000000e+01
-4.333496093750000000e+01
-4.211425781250000000e+01
-4.394531250000000000e+01
-4.455566406250000000e+01
-4.669189453125000000e+01
-4.577636718750000000e+01
-4.852294921875000000e+01
-4.791259765625000000e+01
-5.035400390625000000e+01
-4.913330078125000000e+01
-5.126953125000000000e+01
-5.096435546875000000e+01
-5.157470703125000000e+01
-5.310058593750000000e+01
-5.340576171875000000e+01
-5.432128906250000000e+01
-5.584716796875000000e+01
-5.523681640625000000e+01
-5.737304687500000000e+01
-5.706787109375000000e+01
-5.676269531250000000e+01
-5.828857421875000000e+01
-5.737304687500000000e+01
-6.011962890625000000e+01
-6.011962890625000000e+01
-5.981445312500000000e+01
-6.011962890625000000e+01
-6.195068359375000000e+01
-6.134033203125000000e+01
-6.225585937500000000e+01
-6.256103515625000000e+01
-6.317138671875000000e+01
-6.469726562500000000e+01
-6.408691406250000000e+01
-6.317138671875000000e+01
-6.652832031250000000e+01
-6.591796875000000000e+01
-6.652832031250000000e+01
-6.439208984375000000e+01
-6.591796875000000000e+01
-6.713867187500000000e+01
-6.530761718750000000e+01
-6.744384765625000000e+01
-6.744384765625000000e+01
-6.774902343750000000e+01
-6.774902343750000000e+01
-6.774902343750000000e+01
-6.805419921875000000e+01
-6.774902343750000000e+01
-6.805419921875000000e+01
-6.896972656250000000e+01
-6.896972656250000000e+01
-6.958007812500000000e+01
-6.866455078125000000e+01
-7.019042968750000000e+01
-7.049560546875000000e+01
-7.049560546875000000e+01
-7.110595703125000000e+01
-7.110595703125000000e+01
-6.927490234375000000e+01
-7.110595703125000000e+01
-7.019042968750000000e+01
-7.019042968750000000e+01
-7.171630859375000000e+01
-7.141113281250000000e+01
-7.202148437500000000e+01
-7.202148437500000000e+01
-7.263183593750000000e+01
-7.263183593750000000e+01
-7.293701171875000000e+01
-7.263183593750000000e+01
-7.263183593750000000e+01
-7.232666015625000000e+01
-7.354736328125000000e+01
-7.354736328125000000e+01
-7.293701171875000000e+01
-7.263183593750000000e+01
-7.476806640625000000e+01
-7.324218750000000000e+01
-7.385253906250000000e+01
-7.507324218750000000e+01
-7.293701171875000000e+01
-7.293701171875000000e+01
-7.415771484375000000e+01
-7.415771484375000000e+01
-7.324218750000000000e+01
-7.354736328125000000e+01
-7.446289062500000000e+01
-7.446289062500000000e+01
-7.293701171875000000e+01
-7.537841796875000000e+01
-7.354736328125000000e+01
-7.354736328125000000e+01
-7.385253906250000000e+01
-7.385253906250000000e+01
-7.476806640625000000e+01
-7.446289062500000000e+01
-7.507324218750000000e+01
-7.568359375000000000e+01
-7.293701171875000000e+01
-7.476806640625000000e+01
-7.446289062500000000e+01
-7.446289062500000000e+01
-7.385253906250000000e+01
-7.354736328125000000e+01
-7.568359375000000000e+01
-7.537841796875000000e+01
-7.476806640625000000e+01
-7.476806640625000000e+01
-7.598876953125000000e+01
-7.354736328125000000e+01
-7.598876953125000000e+01
-7.415771484375000000e+01
-7.507324218750000000e+01
-7.385253906250000000e+01
-7.537841796875000000e+01
-7.537841796875000000e+01
-7.598876953125000000e+01
-7.415771484375000000e+01
-7.690429687500000000e+01
-7.507324218750000000e+01
-7.629394531250000000e+01
-7.537841796875000000e+01
-7.659912109375000000e+01
-7.598876953125000000e+01
-7.537841796875000000e+01
-7.476806640625000000e+01
-7.507324218750000000e+01
-7.751464843750000000e+01
-7.568359375000000000e+01
-7.629394531250000000e+01
-7.568359375000000000e+01
-7.659912109375000000e+01
-7.537841796875000000e+01
-7.690429687500000000e+01
-7.537841796875000000e+01
-7.720947265625000000e+01
-7.659912109375000000e+01
-7.629394531250000000e+01
-7.568359375000000000e+01
-7.629394531250000000e+01
-7.598876953125000000e+01
-7.690429687500000000e+01
-7.446289062500000000e+01
-7.537841796875000000e+01
-7.598876953125000000e+01
-7.659912109375000000e+01
