-7.188240000000000407e+01
-6.589180000000000348e+01
-5.991870000000000118e+01
-5.395660000000000167e+01
-4.799790000000000134e+01
-4.201509999999999678e+01
-3.586630000000000251e+01
-2.889880000000000138e+01
-1.864120000000000132e+01
-7.033490000000000020e-01
1.945070000000000121e+01
2.791890000000000072e+01
3.291729999999999734e+01
3.601310000000000144e+01
3.797180000000000177e+01
3.919689999999999941e+01
3.992139999999999844e+01
4.028889999999999816e+01
4.039379999999999882e+01
4.030049999999999955e+01
4.005469999999999686e+01
3.969030000000000058e+01
3.923250000000000171e+01
3.870100000000000051e+01
3.811099999999999710e+01
3.747460000000000235e+01
3.680180000000000007e+01
3.610049999999999670e+01
3.537729999999999819e+01
3.463750000000000284e+01
3.388569999999999993e+01
3.312570000000000192e+01
3.236039999999999850e+01
3.159270000000000067e+01
3.082460000000000022e+01
3.005799999999999983e+01
2.929449999999999932e+01
2.853539999999999921e+01
2.778180000000000049e+01
2.703450000000000131e+01
2.629429999999999978e+01
2.556190000000000140e+01
2.483770000000000167e+01
2.412219999999999942e+01
2.341560000000000130e+01
2.271829999999999927e+01
2.203040000000000020e+01
2.135210000000000008e+01
2.068339999999999890e+01
2.002449999999999974e+01
1.937539999999999907e+01
1.873600000000000065e+01
1.810640000000000072e+01
1.748659999999999926e+01
1.687640000000000029e+01
1.627580000000000027e+01
1.568469999999999942e+01
1.510309999999999953e+01
1.453079999999999927e+01
1.396780000000000044e+01
1.341389999999999993e+01
1.286899999999999977e+01
1.233300000000000018e+01
1.180579999999999963e+01
1.128730000000000011e+01
1.077730000000000032e+01
1.027580000000000027e+01
9.782489999999999242e+00
9.297409999999999286e+00
8.820370000000000488e+00
8.351250000000000284e+00
7.889940000000000175e+00
7.436289999999999623e+00
6.990199999999999747e+00
6.551529999999999632e+00
6.120169999999999888e+00
5.695990000000000109e+00
5.278870000000000395e+00
4.868689999999999962e+00
4.465329999999999799e+00
4.068670000000000009e+00
3.678599999999999870e+00
3.294999999999999929e+00
2.917759999999999909e+00
2.546759999999999913e+00
2.181880000000000042e+00
1.823020000000000085e+00
1.470069999999999988e+00
1.122929999999999984e+00
7.814680000000000515e-01
4.455970000000000208e-01
1.152090000000000058e-01
-2.097990000000000133e-01
-5.295279999999999987e-01
-8.440769999999999662e-01
-1.153550000000000075e+00
-1.458029999999999937e+00
-1.757619999999999960e+00
-2.052410000000000068e+00
-2.342499999999999805e+00
-2.627959999999999852e+00
-2.908900000000000041e+00
-3.185389999999999944e+00
-3.457520000000000149e+00
-3.725369999999999848e+00
-3.989030000000000076e+00
-4.248560000000000336e+00
-4.504050000000000331e+00
-4.755569999999999631e+00
-5.003199999999999648e+00
-5.246999999999999886e+00
-5.487049999999999983e+00
-5.723419999999999952e+00
-5.956170000000000186e+00
-6.185360000000000191e+00
-6.411059999999999981e+00
-6.633339999999999570e+00
-6.852240000000000109e+00
-7.067840000000000344e+00
-7.280190000000000161e+00
-7.489340000000000330e+00
-7.695350000000000357e+00
-7.898270000000000124e+00
-8.098160000000000025e+00
-8.295070000000000832e+00
-8.489039999999999253e+00
-8.680130000000000123e+00
-8.868389999999999773e+00
-9.053850000000000620e+00
-9.236580000000000013e+00
-9.416610000000000369e+00
-9.593980000000000175e+00
-9.768750000000000711e+00
-9.940950000000000841e+00
-1.011059999999999981e+01
-1.027779999999999916e+01
-1.044260000000000055e+01
-1.060490000000000066e+01
-1.076490000000000080e+01
-1.092259999999999920e+01
-1.107799999999999940e+01
-1.123109999999999964e+01
-1.138199999999999967e+01
-1.153079999999999927e+01
-1.167740000000000045e+01
-1.182189999999999941e+01
-1.196439999999999948e+01
-1.210479999999999912e+01
-1.224319999999999986e+01
-1.237959999999999994e+01
-1.251420000000000066e+01
-1.264680000000000071e+01
-1.277759999999999962e+01
-1.290649999999999942e+01
-1.303369999999999962e+01
-1.315910000000000046e+01
-1.328270000000000017e+01
-1.340460000000000029e+01
-1.352490000000000059e+01
-1.364349999999999952e+01
-1.376050000000000040e+01
-1.387599999999999945e+01
-1.398980000000000068e+01
-1.410219999999999985e+01
-1.421299999999999919e+01
-1.432240000000000002e+01
-1.443040000000000056e+01
-1.453689999999999927e+01
-1.464199999999999946e+01
-1.474579999999999913e+01
-1.484820000000000029e+01
-1.494940000000000069e+01
-1.504920000000000080e+01
-1.514780000000000015e+01
-1.524520000000000053e+01
-1.534130000000000038e+01
-1.543629999999999924e+01
-1.553009999999999913e+01
-1.562270000000000003e+01
-1.571429999999999971e+01
-1.580470000000000041e+01
-1.589409999999999989e+01
-1.598240000000000016e+01
-1.606980000000000075e+01
-1.615609999999999857e+01
-1.624139999999999873e+01
-1.632570000000000121e+01
-1.640909999999999869e+01
-1.649159999999999826e+01
-1.657310000000000016e+01
-1.665380000000000038e+01
-1.673359999999999914e+01
-1.681259999999999977e+01
-1.689069999999999894e+01
-1.696799999999999997e+01
-1.704449999999999932e+01
-1.712030000000000030e+01
-1.719519999999999982e+01
-1.726950000000000074e+01
-1.734290000000000020e+01
-1.741570000000000107e+01
-1.748780000000000001e+01
-1.755920000000000059e+01
-1.762989999999999924e+01
-1.769989999999999952e+01
-1.776930000000000121e+01
-1.783810000000000073e+01
-1.790630000000000166e+01
-1.797380000000000067e+01
-1.804080000000000084e+01
-1.810719999999999885e+01
-1.817299999999999827e+01
-1.823829999999999885e+01
-1.830300000000000082e+01
-1.836730000000000018e+01
-1.843100000000000094e+01
-1.849409999999999954e+01
-1.855679999999999907e+01
-1.861899999999999977e+01
-1.868080000000000140e+01
-1.874210000000000065e+01
-1.880290000000000106e+01
-1.886329999999999885e+01
-1.892320000000000135e+01
-1.898270000000000124e+01
-1.904179999999999851e+01
-1.910050000000000026e+01
-1.915879999999999939e+01
-1.921679999999999922e+01
-1.927430000000000021e+01
-1.933149999999999835e+01
-1.938830000000000098e+01
-1.944470000000000098e+01
-1.950080000000000169e+01
-1.955659999999999954e+01
-1.961199999999999832e+01
-1.966710000000000136e+01
-1.972190000000000154e+01
-1.977629999999999910e+01
-1.983050000000000068e+01
-1.988439999999999941e+01
-1.993799999999999883e+01
-1.999119999999999919e+01
-2.004420000000000002e+01
-2.009700000000000131e+01
-2.014939999999999998e+01
-2.020159999999999911e+01
-2.025359999999999872e+01
-2.030529999999999902e+01
-2.035670000000000002e+01
-2.040790000000000148e+01
-2.045889999999999986e+01
-2.050969999999999871e+01
-2.056019999999999825e+01
-2.061049999999999827e+01
-2.066059999999999874e+01
-2.071039999999999992e+01
-2.076010000000000133e+01
-2.080949999999999989e+01
-2.085879999999999868e+01
-2.090790000000000148e+01
-2.095680000000000121e+01
-2.100540000000000163e+01
-2.105389999999999873e+01
-2.110229999999999961e+01
-2.115040000000000120e+01
-2.119839999999999947e+01
-2.124620000000000175e+01
-2.129390000000000072e+01
-2.134140000000000015e+01
-2.138870000000000005e+01
-2.143590000000000018e+01
-2.148290000000000077e+01
-2.152980000000000160e+01
-2.157649999999999935e+01
-2.162310000000000088e+01
-2.166959999999999908e+01
-2.171590000000000131e+01
-2.176210000000000022e+01
-2.180809999999999960e+01
-2.185399999999999920e+01
-2.189979999999999905e+01
-2.194549999999999912e+01
-2.199109999999999943e+01
-2.203650000000000020e+01
-2.208180000000000121e+01
-2.212699999999999889e+01
-2.217210000000000036e+01
-2.221709999999999852e+01
-2.226200000000000045e+01
-2.230679999999999907e+01
-2.235150000000000148e+01
-2.239600000000000080e+01
-2.244050000000000011e+01
-2.248489999999999966e+01
-2.252919999999999945e+01
-2.257339999999999947e+01
-2.261749999999999972e+01
-2.266150000000000020e+01
-2.270540000000000092e+01
-2.274930000000000163e+01
-2.279299999999999926e+01
-2.283670000000000044e+01
-2.288029999999999831e+01
-2.292379999999999995e+01
-2.296730000000000160e+01
-2.301060000000000016e+01
-2.305389999999999873e+01
-2.309720000000000084e+01
-2.314029999999999987e+01
-2.318339999999999890e+01
-2.322640000000000171e+01
-2.326930000000000121e+01
-2.331220000000000070e+01
-2.335500000000000043e+01
-2.339780000000000015e+01
-2.344050000000000011e+01
-2.348310000000000031e+01
-2.352570000000000050e+01
-2.356820000000000093e+01
-2.361060000000000159e+01
-2.365299999999999869e+01
-2.369539999999999935e+01
-2.373770000000000024e+01
-2.377990000000000137e+01
-2.382209999999999894e+01
-2.386420000000000030e+01
-2.390630000000000166e+01
-2.394839999999999947e+01
-2.399040000000000106e+01
-2.403229999999999933e+01
-2.407420000000000115e+01
-2.411609999999999943e+01
-2.415790000000000148e+01
-2.419969999999999999e+01
-2.424139999999999873e+01
-2.428310000000000102e+01
-2.432469999999999999e+01
-2.436629999999999896e+01
-2.440790000000000148e+01
-2.444950000000000045e+01
-2.449099999999999966e+01
-2.453239999999999910e+01
-2.457379999999999853e+01
-2.461520000000000152e+01
-2.465660000000000096e+01
-2.469790000000000063e+01
-2.473920000000000030e+01
-2.478049999999999997e+01
-2.482169999999999987e+01
-2.486289999999999978e+01
-2.490409999999999968e+01
-2.494519999999999982e+01
-2.498639999999999972e+01
-2.502749999999999986e+01
-2.506850000000000023e+01
-2.510960000000000036e+01
-2.515060000000000073e+01
-2.519160000000000110e+01
-2.523250000000000171e+01
-2.527349999999999852e+01
-2.531439999999999912e+01
-2.535529999999999973e+01
-2.539620000000000033e+01
-2.543700000000000117e+01
-2.547779999999999845e+01
-2.551869999999999905e+01
-2.555940000000000012e+01
-2.560020000000000095e+01
-2.564099999999999824e+01
-2.568169999999999931e+01
-2.572240000000000038e+01
-2.576310000000000144e+01
-2.580379999999999896e+01
-2.584450000000000003e+01
-2.588510000000000133e+01
-2.592579999999999885e+01
-2.596640000000000015e+01
-2.600700000000000145e+01
-2.604759999999999920e+01
-2.608820000000000050e+01
-2.612869999999999848e+01
-2.616929999999999978e+01
-2.620980000000000132e+01
-2.625039999999999907e+01
-2.629090000000000060e+01
-2.633139999999999858e+01
-2.637190000000000012e+01
-2.641240000000000165e+01
-2.645289999999999964e+01
-2.649330000000000140e+01
-2.653379999999999939e+01
-2.657420000000000115e+01
-2.661469999999999914e+01
-2.665510000000000090e+01
-2.669549999999999912e+01
-2.673600000000000065e+01
-2.677639999999999887e+01
-2.681680000000000064e+01
-2.685719999999999885e+01
-2.689760000000000062e+01
-2.693799999999999883e+01
-2.697840000000000060e+01
-2.701869999999999905e+01
-2.705910000000000082e+01
-2.709949999999999903e+01
-2.713980000000000103e+01
-2.718019999999999925e+01
-2.722060000000000102e+01
-2.726089999999999947e+01
-2.730130000000000123e+01
-2.734159999999999968e+01
-2.738200000000000145e+01
-2.742229999999999990e+01
-2.746259999999999835e+01
-2.750300000000000011e+01
-2.754329999999999856e+01
-2.758370000000000033e+01
-2.762399999999999878e+01
-2.766430000000000078e+01
-2.770469999999999899e+01
-2.774500000000000099e+01
-2.778529999999999944e+01
-2.782570000000000121e+01
-2.786599999999999966e+01
-2.790630000000000166e+01
-2.794669999999999987e+01
-2.798699999999999832e+01
-2.802740000000000009e+01
-2.806769999999999854e+01
-2.810810000000000031e+01
-2.814839999999999876e+01
-2.818880000000000052e+01
-2.822909999999999897e+01
-2.826950000000000074e+01
-2.830979999999999919e+01
-2.835020000000000095e+01
-2.839049999999999940e+01
-2.843090000000000117e+01
-2.847129999999999939e+01
-2.851170000000000115e+01
-2.855199999999999960e+01
-2.859240000000000137e+01
-2.863279999999999959e+01
-2.867320000000000135e+01
-2.871359999999999957e+01
-2.875400000000000134e+01
-2.879439999999999955e+01
-2.883480000000000132e+01
-2.887519999999999953e+01
-2.891560000000000130e+01
-2.895609999999999928e+01
-2.899650000000000105e+01
-2.903689999999999927e+01
-2.907740000000000080e+01
-2.911779999999999902e+01
-2.915830000000000055e+01
-2.919869999999999877e+01
-2.923920000000000030e+01
-2.927969999999999828e+01
-2.932019999999999982e+01
-2.936070000000000135e+01
-2.940109999999999957e+01
-2.944160000000000110e+01
-2.948219999999999885e+01
-2.952270000000000039e+01
-2.956319999999999837e+01
-2.960369999999999990e+01
-2.964430000000000121e+01
-2.968479999999999919e+01
-2.972540000000000049e+01
-2.976589999999999847e+01
-2.980649999999999977e+01
-2.984710000000000107e+01
-2.988769999999999882e+01
-2.992820000000000036e+01
-2.996880000000000166e+01
-3.000949999999999918e+01
-3.005010000000000048e+01
-3.009069999999999823e+01
-3.013129999999999953e+01
-3.017200000000000060e+01
-3.021259999999999835e+01
-3.025329999999999941e+01
-3.029390000000000072e+01
-3.033459999999999823e+01
-3.037529999999999930e+01
-3.041600000000000037e+01
-3.045670000000000144e+01
-3.049739999999999895e+01
-3.053810000000000002e+01
-3.057880000000000109e+01
-3.061959999999999837e+01
-3.066029999999999944e+01
-3.070110000000000028e+01
-3.074180000000000135e+01
-3.078259999999999863e+01
-3.082339999999999947e+01
-3.086420000000000030e+01
-3.090500000000000114e+01
-3.094579999999999842e+01
-3.098659999999999926e+01
-3.102740000000000009e+01
-3.106830000000000069e+01
-3.110910000000000153e+01
-3.114989999999999881e+01
-3.119079999999999941e+01
-3.123170000000000002e+01
-3.127260000000000062e+01
-3.131340000000000146e+01
-3.135429999999999851e+01
-3.139519999999999911e+01
-3.143619999999999948e+01
-3.147710000000000008e+01
-3.151800000000000068e+01
-3.155890000000000128e+01
-3.159990000000000165e+01
-3.164089999999999847e+01
-3.168179999999999907e+01
-3.172279999999999944e+01
-3.176379999999999981e+01
-3.180480000000000018e+01
-3.184580000000000055e+01
-3.188680000000000092e+01
-3.192780000000000129e+01
-3.196880000000000166e+01
-3.200990000000000180e+01
-3.205089999999999861e+01
-3.209190000000000254e+01
-3.213300000000000267e+01
-3.217410000000000281e+01
-3.221509999999999962e+01
-3.225619999999999976e+01
-3.229729999999999990e+01
-3.233840000000000003e+01
-3.237950000000000017e+01
-3.242060000000000031e+01
-3.246179999999999666e+01
-3.250289999999999679e+01
-3.254399999999999693e+01
-3.258520000000000039e+01
-3.262630000000000052e+01
-3.266749999999999687e+01
-3.270870000000000033e+01
-3.274980000000000047e+01
-3.279099999999999682e+01
-3.283220000000000027e+01
-3.287339999999999662e+01
-3.291460000000000008e+01
-3.295580000000000354e+01
-3.299699999999999989e+01
-3.303820000000000334e+01
-3.307950000000000301e+01
-3.312069999999999936e+01
-3.316190000000000282e+01
-3.320320000000000249e+01
-3.324439999999999884e+01
-3.328569999999999851e+01
-3.332690000000000197e+01
-3.336820000000000164e+01
-3.340950000000000131e+01
-3.345080000000000098e+01
-3.349210000000000065e+01
-3.353329999999999700e+01
-3.357459999999999667e+01
-3.361590000000000344e+01
-3.365720000000000312e+01
-3.369859999999999900e+01
-3.373989999999999867e+01
-3.378119999999999834e+01
-3.382249999999999801e+01
-3.386379999999999768e+01
-3.390520000000000067e+01
-3.394650000000000034e+01
-3.398790000000000333e+01
-3.402920000000000300e+01
-3.407050000000000267e+01
-3.411189999999999856e+01
-3.415330000000000155e+01
-3.419460000000000122e+01
-3.423599999999999710e+01
-3.427729999999999677e+01
-3.431869999999999976e+01
-3.436010000000000275e+01
-3.440140000000000242e+01
-3.444279999999999831e+01
-3.448420000000000130e+01
-3.452559999999999718e+01
-3.456700000000000017e+01
-3.460829999999999984e+01
-3.464970000000000283e+01
-3.469109999999999872e+01
-3.473250000000000171e+01
-3.477389999999999759e+01
-3.481530000000000058e+01
-3.485669999999999646e+01
-3.489809999999999945e+01
-3.493950000000000244e+01
-3.498089999999999833e+01
-3.502230000000000132e+01
-3.506369999999999720e+01
-3.510510000000000019e+01
-3.514650000000000318e+01
-3.518780000000000285e+01
-3.522919999999999874e+01
-3.527060000000000173e+01
-3.531199999999999761e+01
-3.535340000000000060e+01
-3.539479999999999649e+01
-3.543619999999999948e+01
-3.547760000000000247e+01
-3.551899999999999835e+01
-3.556040000000000134e+01
-3.560179999999999723e+01
-3.564320000000000022e+01
-3.568460000000000321e+01
-3.572590000000000288e+01
-3.576729999999999876e+01
-3.580870000000000175e+01
-3.585009999999999764e+01
-3.589139999999999731e+01
-3.593280000000000030e+01
-3.597420000000000329e+01
-3.601559999999999917e+01
-3.605689999999999884e+01
-3.609830000000000183e+01
-3.613960000000000150e+01
-3.618099999999999739e+01
-3.622229999999999706e+01
-3.626370000000000005e+01
-3.630499999999999972e+01
-3.634640000000000271e+01
-3.638770000000000238e+01
-3.642900000000000205e+01
-3.647030000000000172e+01
-3.651169999999999760e+01
-3.655299999999999727e+01
-3.659429999999999694e+01
-3.663559999999999661e+01
-3.667690000000000339e+01
-3.671820000000000306e+01
-3.675950000000000273e+01
-3.680080000000000240e+01
-3.684199999999999875e+01
-3.688329999999999842e+01
-3.692459999999999809e+01
-3.696580000000000155e+01
-3.700710000000000122e+01
-3.704829999999999757e+01
-3.708959999999999724e+01
-3.713080000000000069e+01
-3.717199999999999704e+01
-3.721320000000000050e+01
-3.725450000000000017e+01
-3.729569999999999652e+01
-3.733689999999999998e+01
-3.737800000000000011e+01
-3.741919999999999646e+01
-3.746039999999999992e+01
-3.750160000000000338e+01
-3.754270000000000351e+01
-3.758389999999999986e+01
-3.762500000000000000e+01
-3.766620000000000346e+01
-3.770729999999999649e+01
-3.774839999999999662e+01
-3.778949999999999676e+01
-3.783059999999999690e+01
-3.787169999999999703e+01
-3.791279999999999717e+01
-3.795380000000000109e+01
-3.799490000000000123e+01
-3.803589999999999804e+01
-3.807699999999999818e+01
-3.811800000000000210e+01
-3.815899999999999892e+01
-3.820009999999999906e+01
-3.824110000000000298e+01
-3.828199999999999648e+01
-3.832300000000000040e+01
-3.836399999999999721e+01
-3.840500000000000114e+01
-3.844590000000000174e+01
-3.848680000000000234e+01
-3.852779999999999916e+01
-3.856869999999999976e+01
-3.860960000000000036e+01
-3.865050000000000097e+01
-3.869140000000000157e+01
-3.873219999999999885e+01
-3.877309999999999945e+01
-3.881400000000000006e+01
-3.885479999999999734e+01
-3.889560000000000173e+01
-3.893639999999999901e+01
-3.897720000000000340e+01
-3.901800000000000068e+01
-3.905879999999999797e+01
-3.909960000000000235e+01
-3.914030000000000342e+01
-3.918099999999999739e+01
-3.922180000000000177e+01
-3.926250000000000284e+01
-3.930319999999999681e+01
-3.934389999999999787e+01
-3.938450000000000273e+01
-3.942519999999999669e+01
-3.946580000000000155e+01
-3.950650000000000261e+01
-3.954710000000000036e+01
-3.958769999999999811e+01
-3.962830000000000297e+01
-3.966890000000000072e+01
-3.970940000000000225e+01
-3.975000000000000000e+01
-3.979050000000000153e+01
-3.983109999999999928e+01
-3.987160000000000082e+01
-3.991210000000000235e+01
-3.995250000000000057e+01
-3.999300000000000210e+01
-4.003349999999999653e+01
-4.007390000000000185e+01
-4.011430000000000007e+01
-4.015469999999999828e+01
-4.019509999999999650e+01
-4.023550000000000182e+01
-4.027590000000000003e+01
-4.031620000000000203e+01
-4.035660000000000025e+01
-4.039690000000000225e+01
-4.043719999999999715e+01
-4.047749999999999915e+01
-4.051769999999999783e+01
-4.055799999999999983e+01
-4.059819999999999851e+01
-4.063850000000000051e+01
-4.067869999999999919e+01
-4.071889999999999787e+01
-4.075909999999999656e+01
-4.079919999999999902e+01
-4.083939999999999770e+01
-4.087950000000000017e+01
-4.091960000000000264e+01
-4.095969999999999800e+01
-4.099980000000000047e+01
-4.103990000000000293e+01
-4.107990000000000208e+01
-4.111999999999999744e+01
-4.115999999999999659e+01
-4.120000000000000284e+01
-4.124000000000000199e+01
-4.127989999999999782e+01
-4.131989999999999696e+01
-4.135979999999999990e+01
-4.139979999999999905e+01
-4.143970000000000198e+01
-4.147950000000000159e+01
-4.151939999999999742e+01
-4.155930000000000035e+01
-4.159909999999999997e+01
-4.163889999999999958e+01
-4.167869999999999919e+01
-4.171849999999999881e+01
-4.175829999999999842e+01
-4.179800000000000182e+01
-4.183780000000000143e+01
-4.187749999999999773e+01
-4.191720000000000113e+01
-4.195689999999999742e+01
-4.199649999999999750e+01
-4.203620000000000090e+01
-4.207580000000000098e+01
-4.211540000000000106e+01
-4.215500000000000114e+01
-4.219460000000000122e+01
-4.223409999999999798e+01
-4.227369999999999806e+01
-4.231320000000000192e+01
-4.235269999999999868e+01
-4.239220000000000255e+01
-4.243169999999999931e+01
-4.247109999999999985e+01
-4.251059999999999661e+01
-4.254999999999999716e+01
-4.258939999999999770e+01
-4.262879999999999825e+01
-4.266810000000000258e+01
-4.270750000000000313e+01
-4.274680000000000035e+01
-4.278609999999999758e+01
-4.282540000000000191e+01
-4.286469999999999914e+01
-4.290390000000000015e+01
-4.294319999999999737e+01
-4.298239999999999839e+01
-4.302159999999999940e+01
-4.306080000000000041e+01
-4.309989999999999810e+01
-4.313909999999999911e+01
-4.317819999999999681e+01
-4.321730000000000160e+01
-4.325639999999999930e+01
-4.329549999999999699e+01
-4.333449999999999847e+01
-4.337360000000000326e+01
-4.341259999999999764e+01
-4.345159999999999911e+01
-4.349049999999999727e+01
-4.352949999999999875e+01
-4.356839999999999691e+01
-4.360739999999999839e+01
-4.364629999999999654e+01
-4.368509999999999849e+01
-4.372399999999999665e+01
-4.376279999999999859e+01
-4.380169999999999675e+01
-4.384049999999999869e+01
-4.387930000000000064e+01
-4.391799999999999926e+01
-4.395680000000000121e+01
-4.399549999999999983e+01
-4.403419999999999845e+01
-4.407289999999999708e+01
-4.411160000000000281e+01
-4.415030000000000143e+01
-4.418889999999999674e+01
-4.422749999999999915e+01
-4.426610000000000156e+01
-4.430469999999999686e+01
-4.434320000000000306e+01
-4.438179999999999836e+01
-4.442029999999999745e+01
-4.445879999999999654e+01
-4.449730000000000274e+01
-4.453569999999999851e+01
-4.457419999999999760e+01
-4.461260000000000048e+01
-4.465100000000000335e+01
-4.468939999999999912e+01
-4.472780000000000200e+01
-4.476610000000000156e+01
-4.480440000000000111e+01
-4.484270000000000067e+01
-4.488100000000000023e+01
-4.491929999999999978e+01
-4.495750000000000313e+01
-4.499580000000000268e+01
-4.503399999999999892e+01
-4.507209999999999894e+01
-4.511030000000000229e+01
-4.514849999999999852e+01
-4.518659999999999854e+01
-4.522469999999999857e+01
-4.526279999999999859e+01
-4.530089999999999861e+01
-4.533890000000000242e+01
-4.537689999999999912e+01
-4.541490000000000293e+01
-4.545289999999999964e+01
-4.549090000000000344e+01
-4.552879999999999683e+01
-4.556680000000000064e+01
-4.560470000000000113e+01
-4.564260000000000161e+01
-4.568039999999999878e+01
-4.571829999999999927e+01
-4.575610000000000355e+01
-4.579390000000000072e+01
-4.583169999999999789e+01
-4.586950000000000216e+01
-4.590720000000000312e+01
-4.594489999999999696e+01
-4.598259999999999792e+01
-4.602029999999999887e+01
-4.605799999999999983e+01
-4.609559999999999746e+01
-4.613329999999999842e+01
-4.617090000000000316e+01
-4.620839999999999748e+01
-4.624600000000000222e+01
-4.628349999999999653e+01
-4.632110000000000127e+01
-4.635860000000000269e+01
-4.639600000000000080e+01
-4.643350000000000222e+01
-4.647090000000000032e+01
-4.650829999999999842e+01
-4.654569999999999652e+01
-4.658310000000000173e+01
-4.662049999999999983e+01
-4.665780000000000172e+01
-4.669509999999999650e+01
-4.673239999999999839e+01
-4.676970000000000027e+01
-4.680689999999999884e+01
-4.684420000000000073e+01
-4.688139999999999930e+01
-4.691859999999999786e+01
-4.695570000000000022e+01
-4.699289999999999878e+01
-4.703000000000000114e+01
-4.706710000000000349e+01
-4.710419999999999874e+01
-4.714119999999999777e+01
-4.717830000000000013e+01
-4.721529999999999916e+01
-4.725229999999999819e+01
-4.728920000000000101e+01
-4.732620000000000005e+01
-4.736310000000000286e+01
-4.739999999999999858e+01
-4.743690000000000140e+01
-4.747379999999999711e+01
-4.751059999999999661e+01
-4.754749999999999943e+01
-4.758429999999999893e+01
-4.762100000000000222e+01
-4.765780000000000172e+01
-4.769449999999999790e+01
-4.773129999999999740e+01
-4.776789999999999736e+01
-4.780460000000000065e+01
-4.784129999999999683e+01
-4.787789999999999679e+01
-4.791449999999999676e+01
-4.795109999999999673e+01
-4.798760000000000048e+01
-4.802420000000000044e+01
-4.806069999999999709e+01
-4.809720000000000084e+01
-4.813369999999999749e+01
-4.817009999999999792e+01
-4.820660000000000167e+01
-4.824300000000000210e+01
-4.827929999999999922e+01
-4.831569999999999965e+01
-4.835199999999999676e+01
-4.838839999999999719e+01
-4.842470000000000141e+01
-4.846090000000000231e+01
-4.849719999999999942e+01
-4.853340000000000032e+01
-4.856960000000000122e+01
-4.860580000000000211e+01
-4.864200000000000301e+01
-4.867810000000000059e+01
-4.871419999999999817e+01
-4.875030000000000285e+01
-4.878640000000000043e+01
-4.882240000000000180e+01
-4.885840000000000316e+01
-4.889439999999999742e+01
-4.893039999999999878e+01
-4.896640000000000015e+01
-4.900229999999999819e+01
-4.903820000000000334e+01
-4.907410000000000139e+01
-4.910990000000000322e+01
-4.914580000000000126e+01
-4.918160000000000309e+01
-4.921739999999999782e+01
-4.925319999999999965e+01
-4.928889999999999816e+01
-4.932459999999999667e+01
-4.936030000000000229e+01
-4.939600000000000080e+01
-4.943169999999999931e+01
-4.946730000000000160e+01
-4.950289999999999679e+01
-4.953849999999999909e+01
-4.957399999999999807e+01
-4.960960000000000036e+01
-4.964509999999999934e+01
-4.968059999999999832e+01
-4.971600000000000108e+01
-4.975150000000000006e+01
-4.978690000000000282e+01
-4.982229999999999848e+01
-4.985759999999999792e+01
-4.989300000000000068e+01
-4.992830000000000013e+01
-4.996359999999999957e+01
-4.999880000000000280e+01
-5.003410000000000224e+01
-5.006929999999999836e+01
-5.010450000000000159e+01
-5.013969999999999771e+01
-5.017479999999999762e+01
-5.021000000000000085e+01
-5.024510000000000076e+01
-5.028009999999999735e+01
-5.031519999999999726e+01
-5.035020000000000095e+01
-5.038519999999999754e+01
-5.042020000000000124e+01
-5.045510000000000161e+01
-5.049009999999999820e+01
-5.052499999999999858e+01
-5.055980000000000274e+01
-5.059470000000000312e+01
-5.062950000000000017e+01
-5.066429999999999723e+01
-5.069910000000000139e+01
-5.073380000000000223e+01
-5.076859999999999928e+01
-5.080330000000000013e+01
-5.083800000000000097e+01
-5.087259999999999849e+01
-5.090720000000000312e+01
-5.094180000000000064e+01
-5.097639999999999816e+01
-5.101100000000000279e+01
-5.104549999999999699e+01
-5.107999999999999829e+01
-5.111449999999999960e+01
-5.114889999999999759e+01
-5.118330000000000268e+01
-5.121770000000000067e+01
-5.125209999999999866e+01
-5.128640000000000043e+01
-5.132070000000000221e+01
-5.135499999999999687e+01
-5.138929999999999865e+01
-5.142349999999999710e+01
-5.145779999999999887e+01
-5.149190000000000111e+01
-5.152609999999999957e+01
-5.156020000000000181e+01
-5.159440000000000026e+01
-5.162839999999999918e+01
-5.166250000000000142e+01
-5.169650000000000034e+01
-5.173049999999999926e+01
-5.176449999999999818e+01
-5.179849999999999710e+01
-5.183239999999999981e+01
-5.186630000000000251e+01
-5.190019999999999811e+01
-5.193399999999999750e+01
-5.196779999999999688e+01
-5.200160000000000338e+01
-5.203540000000000276e+01
-5.206909999999999883e+01
-5.210280000000000200e+01
-5.213649999999999807e+01
-5.217020000000000124e+01
-5.220380000000000109e+01
-5.223740000000000094e+01
-5.227100000000000080e+01
-5.230449999999999733e+01
-5.233800000000000097e+01
-5.237149999999999750e+01
-5.240500000000000114e+01
-5.243840000000000146e+01
-5.247180000000000177e+01
-5.250520000000000209e+01
-5.253860000000000241e+01
-5.257189999999999941e+01
-5.260520000000000351e+01
-5.263850000000000051e+01
-5.267170000000000130e+01
-5.270490000000000208e+01
-5.273810000000000286e+01
-5.277129999999999654e+01
-5.280440000000000111e+01
-5.283749999999999858e+01
-5.287060000000000315e+01
-5.290370000000000061e+01
-5.293670000000000186e+01
-5.296970000000000312e+01
-5.300260000000000105e+01
-5.303560000000000230e+01
-5.306850000000000023e+01
-5.310139999999999816e+01
-5.313419999999999987e+01
-5.316700000000000159e+01
-5.319980000000000331e+01
-5.323259999999999792e+01
-5.326530000000000342e+01
-5.329800000000000182e+01
-5.333070000000000022e+01
-5.336339999999999861e+01
-5.339600000000000080e+01
-5.342860000000000298e+01
-5.346119999999999806e+01
-5.349369999999999692e+01
-5.352620000000000289e+01
-5.355870000000000175e+01
-5.359109999999999729e+01
-5.362349999999999994e+01
-5.365590000000000259e+01
-5.368829999999999814e+01
-5.372059999999999746e+01
-5.375289999999999679e+01
-5.378520000000000323e+01
-5.381739999999999924e+01
-5.384969999999999857e+01
-5.388179999999999836e+01
-5.391400000000000148e+01
-5.394610000000000127e+01
-5.397820000000000107e+01
-5.401030000000000086e+01
-5.404229999999999734e+01
-5.407430000000000092e+01
-5.410629999999999740e+01
-5.413830000000000098e+01
-5.417020000000000124e+01
-5.420210000000000150e+01
-5.423389999999999844e+01
-5.426579999999999870e+01
-5.429760000000000275e+01
-5.432930000000000348e+01
-5.436110000000000042e+01
-5.439280000000000115e+01
-5.442439999999999856e+01
-5.445609999999999928e+01
-5.448769999999999669e+01
-5.451930000000000121e+01
-5.455080000000000240e+01
-5.458239999999999981e+01
-5.461390000000000100e+01
-5.464529999999999887e+01
-5.467680000000000007e+01
-5.470819999999999794e+01
-5.473949999999999960e+01
-5.477089999999999748e+01
-5.480219999999999914e+01
-5.483350000000000080e+01
-5.486469999999999914e+01
-5.489589999999999748e+01
-5.492710000000000292e+01
-5.495830000000000126e+01
-5.498940000000000339e+01
-5.502049999999999841e+01
-5.505160000000000053e+01
-5.508259999999999934e+01
-5.511359999999999815e+01
-5.514459999999999695e+01
-5.517549999999999955e+01
-5.520640000000000214e+01
-5.523729999999999762e+01
-5.526809999999999690e+01
-5.529899999999999949e+01
-5.532970000000000255e+01
-5.536050000000000182e+01
-5.539119999999999777e+01
-5.542190000000000083e+01
-5.545259999999999678e+01
-5.548319999999999652e+01
-5.551380000000000337e+01
-5.554429999999999978e+01
-5.557489999999999952e+01
-5.560540000000000305e+01
-5.563580000000000325e+01
-5.566629999999999967e+01
-5.569669999999999987e+01
-5.572699999999999676e+01
-5.575739999999999696e+01
-5.578770000000000095e+01
-5.581790000000000163e+01
-5.584819999999999851e+01
-5.587839999999999918e+01
-5.590859999999999985e+01
-5.593869999999999720e+01
-5.596880000000000166e+01
-5.599889999999999901e+01
-5.602890000000000015e+01
-5.605899999999999750e+01
-5.608890000000000242e+01
-5.611889999999999645e+01
-5.614880000000000138e+01
-5.617869999999999919e+01
-5.620850000000000080e+01
-5.623839999999999861e+01
-5.626809999999999690e+01
-5.629789999999999850e+01
-5.632759999999999678e+01
-5.635730000000000217e+01
-5.638700000000000045e+01
-5.641660000000000252e+01
-5.644619999999999749e+01
-5.647570000000000334e+01
-5.650529999999999831e+01
-5.653470000000000084e+01
-5.656419999999999959e+01
-5.659360000000000213e+01
-5.662299999999999756e+01
-5.665240000000000009e+01
-5.668169999999999931e+01
-5.671099999999999852e+01
-5.674029999999999774e+01
-5.676950000000000074e+01
-5.679869999999999663e+01
-5.682780000000000342e+01
-5.685699999999999932e+01
-5.688600000000000279e+01
-5.691510000000000247e+01
-5.694409999999999883e+01
-5.697310000000000230e+01
-5.700209999999999866e+01
-5.703099999999999881e+01
-5.705989999999999895e+01
-5.708879999999999910e+01
-5.711760000000000304e+01
-5.714639999999999986e+01
-5.717510000000000048e+01
-5.720380000000000109e+01
-5.723250000000000171e+01
-5.726120000000000232e+01
-5.728979999999999961e+01
-5.731839999999999691e+01
-5.734689999999999799e+01
-5.737550000000000239e+01
-5.740390000000000015e+01
-5.743240000000000123e+01
-5.746079999999999899e+01
-5.748919999999999675e+01
-5.751749999999999829e+01
-5.754590000000000316e+01
-5.757410000000000139e+01
-5.760240000000000293e+01
-5.763060000000000116e+01
-5.765879999999999939e+01
-5.768690000000000140e+01
-5.771500000000000341e+01
-5.774309999999999832e+01
-5.777109999999999701e+01
-5.779910000000000281e+01
-5.782710000000000150e+01
-5.785510000000000019e+01
-5.788300000000000267e+01
-5.791080000000000183e+01
-5.793869999999999720e+01
-5.796650000000000347e+01
-5.799419999999999931e+01
-5.802190000000000225e+01
-5.804959999999999809e+01
-5.807730000000000103e+01
-5.810490000000000066e+01
-5.813250000000000028e+01
-5.816009999999999991e+01
-5.818760000000000332e+01
-5.821509999999999962e+01
-5.824249999999999972e+01
-5.826989999999999981e+01
-5.829729999999999990e+01
-5.832469999999999999e+01
-5.835199999999999676e+01
-5.837930000000000064e+01
-5.840650000000000119e+01
-5.843370000000000175e+01
-5.846090000000000231e+01
-5.848799999999999955e+01
-5.851509999999999678e+01
-5.854220000000000113e+01
-5.856920000000000215e+01
-5.859620000000000317e+01
-5.862319999999999709e+01
-5.865010000000000190e+01
-5.867699999999999960e+01
-5.870380000000000109e+01
-5.873069999999999879e+01
-5.875750000000000028e+01
-5.878419999999999845e+01
-5.881089999999999662e+01
-5.883760000000000190e+01
-5.886419999999999675e+01
-5.889079999999999870e+01
-5.891740000000000066e+01
-5.894400000000000261e+01
-5.897050000000000125e+01
-5.899689999999999657e+01
-5.902340000000000231e+01
-5.904970000000000141e+01
-5.907609999999999673e+01
-5.910240000000000293e+01
-5.912870000000000203e+01
-5.915500000000000114e+01
-5.918119999999999692e+01
-5.920739999999999981e+01
-5.923349999999999937e+01
-5.925959999999999894e+01
-5.928569999999999851e+01
-5.931170000000000186e+01
-5.933769999999999811e+01
-5.936370000000000147e+01
-5.938960000000000150e+01
-5.941550000000000153e+01
-5.944140000000000157e+01
-5.946719999999999828e+01
-5.949300000000000210e+01
-5.951879999999999882e+01
-5.954449999999999932e+01
-5.957019999999999982e+01
-5.959579999999999700e+01
-5.962140000000000128e+01
-5.964699999999999847e+01
-5.967249999999999943e+01
-5.969800000000000040e+01
-5.972350000000000136e+01
-5.974889999999999901e+01
-5.977429999999999666e+01
-5.979970000000000141e+01
-5.982500000000000284e+01
-5.985029999999999717e+01
-5.987550000000000239e+01
-5.990079999999999671e+01
-5.992589999999999861e+01
-5.995109999999999673e+01
-5.997619999999999862e+01
-6.000130000000000052e+01
-6.002629999999999910e+01
-6.005129999999999768e+01
-6.007630000000000337e+01
-6.010119999999999862e+01
-6.012610000000000099e+01
-6.015090000000000003e+01
-6.017569999999999908e+01
-6.020049999999999812e+01
-6.022529999999999717e+01
-6.025000000000000000e+01
-6.027459999999999951e+01
-6.029930000000000234e+01
-6.032390000000000185e+01
-6.034839999999999804e+01
-6.037299999999999756e+01
-6.039750000000000085e+01
-6.042190000000000083e+01
-6.044630000000000081e+01
-6.047070000000000078e+01
-6.049510000000000076e+01
-6.051939999999999742e+01
-6.054370000000000118e+01
-6.056790000000000163e+01
-6.059210000000000207e+01
-6.061630000000000251e+01
-6.064039999999999964e+01
-6.066449999999999676e+01
-6.068849999999999767e+01
-6.071260000000000190e+01
-6.073649999999999949e+01
-6.076050000000000040e+01
-6.078439999999999799e+01
-6.080830000000000268e+01
-6.083209999999999695e+01
-6.085589999999999833e+01
-6.087969999999999970e+01
-6.090339999999999776e+01
-6.092710000000000292e+01
-6.095080000000000098e+01
-6.097440000000000282e+01
-6.099799999999999756e+01
-6.102150000000000318e+01
-6.104500000000000171e+01
-6.106850000000000023e+01
-6.109190000000000254e+01
-6.111529999999999774e+01
-6.113870000000000005e+01
-6.116199999999999903e+01
-6.118529999999999802e+01
-6.120859999999999701e+01
-6.123179999999999978e+01
-6.125500000000000256e+01
-6.127810000000000201e+01
-6.130129999999999768e+01
-6.132430000000000092e+01
-6.134740000000000038e+01
-6.137039999999999651e+01
-6.139330000000000354e+01
-6.141629999999999967e+01
-6.143919999999999959e+01
-6.146200000000000330e+01
-6.148479999999999990e+01
-6.150759999999999650e+01
-6.153040000000000020e+01
-6.155310000000000059e+01
-6.157580000000000098e+01
-6.159839999999999804e+01
-6.162100000000000222e+01
-6.164359999999999928e+01
-6.166610000000000014e+01
-6.168860000000000099e+01
-6.171110000000000184e+01
-6.173349999999999937e+01
-6.175589999999999691e+01
-6.177819999999999823e+01
-6.180049999999999955e+01
-6.182280000000000086e+01
-6.184499999999999886e+01
-6.186719999999999686e+01
-6.188940000000000197e+01
-6.191149999999999665e+01
-6.193359999999999843e+01
-6.195570000000000022e+01
-6.197769999999999868e+01
-6.199969999999999715e+01
-6.202159999999999940e+01
-6.204359999999999786e+01
-6.206539999999999679e+01
-6.208729999999999905e+01
-6.210909999999999798e+01
-6.213089999999999691e+01
-6.215259999999999962e+01
-6.217430000000000234e+01
-6.219590000000000174e+01
-6.221759999999999735e+01
-6.223919999999999675e+01
-6.226069999999999993e+01
-6.228220000000000312e+01
-6.230369999999999919e+01
-6.232509999999999906e+01
-6.234649999999999892e+01
-6.236789999999999878e+01
-6.238929999999999865e+01
-6.241049999999999898e+01
-6.243180000000000263e+01
-6.245300000000000296e+01
-6.247420000000000329e+01
-6.249539999999999651e+01
-6.251650000000000063e+01
-6.253759999999999764e+01
-6.255859999999999843e+01
-6.257959999999999923e+01
-6.260060000000000002e+01
-6.262160000000000082e+01
-6.264249999999999829e+01
-6.266329999999999956e+01
-6.268419999999999703e+01
-6.270490000000000208e+01
-6.272570000000000334e+01
-6.274640000000000128e+01
-6.276709999999999923e+01
-6.278779999999999717e+01
-6.280839999999999890e+01
-6.282900000000000063e+01
-6.284949999999999903e+01
-6.286999999999999744e+01
-6.289050000000000296e+01
-6.291089999999999804e+01
-6.293130000000000024e+01
-6.295170000000000243e+01
-6.297200000000000131e+01
-6.299230000000000018e+01
-6.301259999999999906e+01
-6.303280000000000172e+01
-6.305299999999999727e+01
-6.307309999999999661e+01
-6.309320000000000306e+01
-6.311330000000000240e+01
-6.313340000000000174e+01
-6.315339999999999776e+01
-6.317329999999999757e+01
-6.319330000000000069e+01
-6.321320000000000050e+01
-6.323299999999999699e+01
-6.325289999999999679e+01
-6.327270000000000039e+01
-6.329240000000000066e+01
-6.331219999999999715e+01
-6.333180000000000121e+01
-6.335150000000000148e+01
-6.337109999999999843e+01
-6.339070000000000249e+01
-6.341020000000000323e+01
-6.342980000000000018e+01
-6.344919999999999760e+01
-6.346869999999999834e+01
-6.348810000000000286e+01
-6.350750000000000028e+01
-6.352680000000000149e+01
-6.354610000000000269e+01
-6.356539999999999679e+01
-6.358460000000000178e+01
-6.360379999999999967e+01
-6.362290000000000134e+01
-6.364209999999999923e+01
-6.366120000000000090e+01
-6.368019999999999925e+01
-6.369919999999999760e+01
-6.371820000000000306e+01
-6.373720000000000141e+01
-6.375610000000000355e+01
-6.377499999999999858e+01
-6.379379999999999740e+01
-6.381260000000000332e+01
-6.383140000000000214e+01
-6.385009999999999764e+01
-6.386880000000000024e+01
-6.388750000000000284e+01
-6.390619999999999834e+01
-6.392479999999999762e+01
-6.394330000000000069e+01
-6.396189999999999998e+01
-6.398040000000000305e+01
-6.399880000000000280e+01
-6.401730000000000587e+01
-6.403560000000000230e+01
-6.405400000000000205e+01
-6.407229999999999848e+01
-6.409059999999999491e+01
-6.410890000000000555e+01
-6.412709999999999866e+01
-6.414530000000000598e+01
-6.416339999999999577e+01
-6.418160000000000309e+01
-6.419960000000000377e+01
-6.421769999999999357e+01
-6.423569999999999425e+01
-6.425369999999999493e+01
-6.427160000000000650e+01
-6.428959999999999297e+01
-6.430740000000000123e+01
-6.432529999999999859e+01
-6.434310000000000684e+01
-6.436090000000000089e+01
-6.437860000000000582e+01
-6.439629999999999654e+01
-6.441400000000000148e+01
-6.443160000000000309e+01
-6.444920000000000471e+01
-6.446680000000000632e+01
-6.448439999999999372e+01
-6.450190000000000623e+01
-6.451930000000000121e+01
-6.453679999999999950e+01
-6.455419999999999447e+01
-6.457160000000000366e+01
-6.458889999999999532e+01
-6.460620000000000118e+01
-6.462350000000000705e+01
-6.464069999999999538e+01
-6.465789999999999793e+01
-6.467510000000000048e+01
-6.469219999999999970e+01
-6.470929999999999893e+01
-6.472639999999999816e+01
-6.474339999999999407e+01
-6.476040000000000418e+01
-6.477740000000000009e+01
-6.479430000000000689e+01
-6.481119999999999948e+01
-6.482810000000000628e+01
-6.484489999999999554e+01
-6.486169999999999902e+01
-6.487850000000000250e+01
-6.489520000000000266e+01
-6.491190000000000282e+01
-6.492860000000000298e+01
-6.494519999999999982e+01
-6.496189999999999998e+01
-6.497839999999999350e+01
-6.499500000000000455e+01
-6.501149999999999807e+01
-6.502790000000000248e+01
-6.504439999999999600e+01
-6.506080000000000041e+01
-6.507720000000000482e+01
-6.509350000000000591e+01
-6.510980000000000700e+01
-6.512609999999999388e+01
-6.514230000000000587e+01
-6.515850000000000364e+01
-6.517470000000000141e+01
-6.519089999999999918e+01
-6.520699999999999363e+01
-6.522310000000000230e+01
-6.523909999999999343e+01
-6.525509999999999877e+01
-6.527110000000000412e+01
-6.528709999999999525e+01
-6.530299999999999727e+01
-6.531889999999999930e+01
-6.533469999999999800e+01
-6.535060000000000002e+01
-6.536639999999999873e+01
-6.538209999999999411e+01
-6.539780000000000371e+01
-6.541349999999999909e+01
-6.542919999999999447e+01
-6.544480000000000075e+01
-6.546040000000000703e+01
-6.547599999999999909e+01
-6.549150000000000205e+01
-6.550700000000000500e+01
-6.552249999999999375e+01
-6.553799999999999670e+01
-6.555339999999999634e+01
-6.556879999999999598e+01
-6.558410000000000650e+01
-6.559940000000000282e+01
-6.561469999999999914e+01
-6.562999999999999545e+01
-6.564520000000000266e+01
-6.566039999999999566e+01
-6.567549999999999955e+01
-6.569060000000000343e+01
-6.570569999999999311e+01
-6.572079999999999700e+01
-6.573579999999999757e+01
-6.575079999999999814e+01
-6.576579999999999870e+01
-6.578079999999999927e+01
-6.579569999999999652e+01
-6.581050000000000466e+01
-6.582540000000000191e+01
-6.584019999999999584e+01
-6.585500000000000398e+01
-6.586969999999999459e+01
-6.588450000000000273e+01
-6.589919999999999334e+01
-6.591379999999999484e+01
-6.592849999999999966e+01
-6.594310000000000116e+01
-6.595759999999999934e+01
-6.597220000000000084e+01
-6.598669999999999902e+01
-6.600119999999999720e+01
-6.601560000000000628e+01
-6.603000000000000114e+01
-6.604439999999999600e+01
-6.605880000000000507e+01
-6.607309999999999661e+01
-6.608740000000000236e+01
-6.610169999999999391e+01
-6.611589999999999634e+01
-6.613009999999999877e+01
-6.614430000000000121e+01
-6.615840000000000032e+01
-6.617260000000000275e+01
-6.618659999999999854e+01
-6.620069999999999766e+01
-6.621469999999999345e+01
-6.622870000000000346e+01
-6.624269999999999925e+01
-6.625660000000000593e+01
-6.627049999999999841e+01
-6.628440000000000509e+01
-6.629829999999999757e+01
-6.631210000000000093e+01
-6.632590000000000430e+01
-6.633969999999999345e+01
-6.635339999999999350e+01
-6.636709999999999354e+01
-6.638079999999999359e+01
-6.639440000000000452e+01
-6.640800000000000125e+01
-6.642159999999999798e+01
-6.643519999999999470e+01
-6.644870000000000232e+01
-6.646219999999999573e+01
-6.647570000000000334e+01
-6.648909999999999343e+01
-6.650249999999999773e+01
-6.651590000000000202e+01
-6.652920000000000300e+01
-6.654259999999999309e+01
-6.655589999999999407e+01
-6.656910000000000593e+01
-6.658240000000000691e+01
-6.659560000000000457e+01
-6.660880000000000223e+01
-6.662189999999999657e+01
-6.663500000000000512e+01
-6.664809999999999945e+01
-6.666119999999999379e+01
-6.667430000000000234e+01
-6.668729999999999336e+01
-6.670019999999999527e+01
-6.671320000000000050e+01
-6.672610000000000241e+01
-6.673900000000000432e+01
-6.675190000000000623e+01
-6.676470000000000482e+01
-6.677760000000000673e+01
-6.679030000000000200e+01
-6.680310000000000059e+01
-6.681579999999999586e+01
-6.682850000000000534e+01
-6.684120000000000061e+01
-6.685389999999999588e+01
-6.686650000000000205e+01
-6.687909999999999400e+01
-6.689159999999999684e+01
-6.690420000000000300e+01
-6.691670000000000584e+01
-6.692919999999999447e+01
-6.694159999999999400e+01
-6.695399999999999352e+01
-6.696649999999999636e+01
-6.697880000000000678e+01
-6.699120000000000630e+01
-6.700350000000000250e+01
-6.701579999999999870e+01
-6.702800000000000580e+01
-6.704030000000000200e+01
-6.705249999999999488e+01
-6.706470000000000198e+01
-6.707680000000000575e+01
-6.708899999999999864e+01
-6.710110000000000241e+01
-6.711310000000000286e+01
-6.712520000000000664e+01
-6.713720000000000709e+01
-6.714919999999999334e+01
-6.716119999999999379e+01
-6.717310000000000514e+01
-6.718500000000000227e+01
-6.719689999999999941e+01
-6.720879999999999654e+01
-6.722060000000000457e+01
-6.723239999999999839e+01
-6.724420000000000641e+01
-6.725600000000000023e+01
-6.726770000000000493e+01
-6.727939999999999543e+01
-6.729110000000000014e+01
-6.730270000000000152e+01
-6.731440000000000623e+01
-6.732599999999999341e+01
-6.733750000000000568e+01
-6.734910000000000707e+01
-6.736060000000000514e+01
-6.737210000000000321e+01
-6.738360000000000127e+01
-6.739499999999999602e+01
-6.740649999999999409e+01
-6.741790000000000305e+01
-6.742919999999999447e+01
-6.744060000000000343e+01
-6.745189999999999486e+01
-6.746320000000000050e+01
-6.747450000000000614e+01
-6.748569999999999425e+01
-6.749689999999999657e+01
-6.750809999999999889e+01
-6.751930000000000121e+01
-6.753040000000000020e+01
-6.754149999999999920e+01
-6.755259999999999820e+01
-6.756369999999999720e+01
-6.757470000000000709e+01
-6.758570000000000277e+01
-6.759669999999999845e+01
-6.760769999999999413e+01
-6.761860000000000070e+01
-6.762959999999999638e+01
-6.764050000000000296e+01
-6.765130000000000621e+01
-6.766219999999999857e+01
-6.767300000000000182e+01
-6.768380000000000507e+01
-6.769459999999999411e+01
-6.770529999999999404e+01
-6.771599999999999397e+01
-6.772669999999999391e+01
-6.773739999999999384e+01
-6.774800000000000466e+01
-6.775870000000000459e+01
-6.776930000000000121e+01
-6.777979999999999450e+01
-6.779040000000000532e+01
-6.780089999999999861e+01
-6.781140000000000612e+01
-6.782189999999999941e+01
-6.783240000000000691e+01
-6.784279999999999688e+01
-6.785320000000000107e+01
-6.786360000000000525e+01
-6.787390000000000612e+01
-6.788429999999999609e+01
-6.789459999999999695e+01
-6.790489999999999782e+01
-6.791519999999999868e+01
-6.792539999999999623e+01
-6.793559999999999377e+01
-6.794580000000000553e+01
-6.795600000000000307e+01
-6.796609999999999729e+01
-6.797629999999999484e+01
-6.798640000000000327e+01
-6.799649999999999750e+01
-6.800650000000000261e+01
-6.801649999999999352e+01
-6.802660000000000196e+01
-6.803650000000000375e+01
-6.804649999999999466e+01
-6.805649999999999977e+01
-6.806640000000000157e+01
-6.807630000000000337e+01
-6.808610000000000184e+01
-6.809600000000000364e+01
-6.810580000000000211e+01
-6.811560000000000059e+01
-6.812539999999999907e+01
-6.813519999999999754e+01
-6.814490000000000691e+01
-6.815460000000000207e+01
-6.816429999999999723e+01
-6.817400000000000659e+01
-6.818359999999999843e+01
-6.819329999999999359e+01
-6.820289999999999964e+01
-6.821250000000000568e+01
-6.822199999999999420e+01
-6.823160000000000025e+01
-6.824110000000000298e+01
-6.825060000000000571e+01
-6.826000000000000512e+01
-6.826949999999999363e+01
-6.827889999999999304e+01
-6.828830000000000666e+01
-6.829770000000000607e+01
-6.830710000000000548e+01
-6.831640000000000157e+01
-6.832569999999999766e+01
-6.833499999999999375e+01
-6.834430000000000405e+01
-6.835360000000000014e+01
-6.836279999999999291e+01
-6.837199999999999989e+01
-6.838120000000000687e+01
-6.839039999999999964e+01
-6.839950000000000330e+01
-6.840869999999999607e+01
-6.841779999999999973e+01
-6.842690000000000339e+01
-6.843590000000000373e+01
-6.844499999999999318e+01
-6.845399999999999352e+01
-6.846299999999999386e+01
-6.847199999999999420e+01
-6.848090000000000543e+01
-6.848990000000000578e+01
-6.849880000000000280e+01
-6.850769999999999982e+01
-6.851659999999999684e+01
-6.852540000000000475e+01
-6.853419999999999845e+01
-6.854309999999999548e+01
-6.855190000000000339e+01
-6.856059999999999377e+01
-6.856940000000000168e+01
-6.857810000000000628e+01
-6.858679999999999666e+01
-6.859550000000000125e+01
-6.860420000000000584e+01
-6.861279999999999291e+01
-6.862149999999999750e+01
-6.863009999999999877e+01
-6.863870000000000005e+01
-6.864730000000000132e+01
-6.865579999999999927e+01
-6.866429999999999723e+01
-6.867279999999999518e+01
-6.868129999999999313e+01
-6.868980000000000530e+01
-6.869830000000000325e+01
-6.870669999999999789e+01
-6.871510000000000673e+01
-6.872350000000000136e+01
-6.873189999999999600e+01
-6.874020000000000152e+01
-6.874859999999999616e+01
-6.875690000000000168e+01
-6.876519999999999300e+01
-6.877339999999999520e+01
-6.878170000000000073e+01
-6.878990000000000293e+01
-6.879819999999999425e+01
-6.880639999999999645e+01
-6.881449999999999534e+01
-6.882269999999999754e+01
-6.883079999999999643e+01
-6.883899999999999864e+01
-6.884709999999999752e+01
-6.885509999999999309e+01
-6.886320000000000618e+01
-6.887130000000000507e+01
-6.887930000000000064e+01
-6.888729999999999620e+01
-6.889530000000000598e+01
-6.890319999999999823e+01
-6.891119999999999379e+01
-6.891910000000000025e+01
-6.892700000000000671e+01
-6.893489999999999895e+01
-6.894280000000000541e+01
-6.895069999999999766e+01
-6.895850000000000080e+01
-6.896630000000000393e+01
-6.897410000000000707e+01
-6.898189999999999600e+01
-6.898969999999999914e+01
-6.899739999999999895e+01
-6.900520000000000209e+01
-6.901290000000000191e+01
-6.902060000000000173e+01
-6.902830000000000155e+01
-6.903589999999999804e+01
-6.904359999999999786e+01
-6.905119999999999436e+01
-6.905880000000000507e+01
-6.906640000000000157e+01
-6.907389999999999475e+01
-6.908150000000000546e+01
-6.908899999999999864e+01
-6.909650000000000603e+01
-6.910399999999999920e+01
-6.911150000000000659e+01
-6.911899999999999977e+01
-6.912640000000000384e+01
-6.913389999999999702e+01
-6.914130000000000109e+01
-6.914870000000000516e+01
-6.915600000000000591e+01
-6.916339999999999577e+01
-6.917069999999999652e+01
-6.917810000000000059e+01
-6.918540000000000134e+01
-6.919259999999999877e+01
-6.919989999999999952e+01
-6.920720000000000027e+01
-6.921439999999999770e+01
-6.922159999999999513e+01
-6.922880000000000678e+01
-6.923600000000000421e+01
-6.924320000000000164e+01
-6.925029999999999575e+01
-6.925749999999999318e+01
-6.926460000000000150e+01
-6.927169999999999561e+01
-6.927880000000000393e+01
-6.928579999999999472e+01
-6.929290000000000305e+01
-6.929989999999999384e+01
-6.930689999999999884e+01
-6.931399999999999295e+01
-6.932089999999999463e+01
-6.932789999999999964e+01
-6.933490000000000464e+01
-6.934180000000000632e+01
-6.934869999999999379e+01
-6.935559999999999548e+01
-6.936249999999999716e+01
-6.936939999999999884e+01
-6.937619999999999720e+01
-6.938309999999999889e+01
-6.938989999999999725e+01
-6.939669999999999561e+01
-6.940349999999999397e+01
-6.941030000000000655e+01
-6.941700000000000159e+01
-6.942379999999999995e+01
-6.943049999999999500e+01
-6.943720000000000425e+01
-6.944389999999999930e+01
-6.945059999999999434e+01
-6.945720000000000027e+01
-6.946389999999999532e+01
-6.947050000000000125e+01
-6.947709999999999297e+01
-6.948369999999999891e+01
-6.949030000000000484e+01
-6.949689999999999657e+01
-6.950339999999999918e+01
-6.951000000000000512e+01
-6.951649999999999352e+01
-6.952299999999999613e+01
-6.952949999999999875e+01
-6.953600000000000136e+01
-6.954240000000000066e+01
-6.954890000000000327e+01
-6.955530000000000257e+01
-6.956170000000000186e+01
-6.956810000000000116e+01
-6.957450000000000045e+01
-6.958089999999999975e+01
-6.958719999999999573e+01
-6.959359999999999502e+01
-6.959990000000000521e+01
-6.960620000000000118e+01
-6.961249999999999716e+01
-6.961879999999999313e+01
-6.962500000000000000e+01
-6.963129999999999598e+01
-6.963750000000000284e+01
-6.964369999999999550e+01
-6.964990000000000236e+01
-6.965609999999999502e+01
-6.966230000000000189e+01
-6.966849999999999454e+01
-6.967459999999999809e+01
-6.968070000000000164e+01
-6.968689999999999429e+01
-6.969299999999999784e+01
-6.969910000000000139e+01
-6.970510000000000161e+01
-6.971120000000000516e+01
-6.971720000000000539e+01
-6.972329999999999472e+01
-6.972929999999999495e+01
-6.973529999999999518e+01
-6.974129999999999541e+01
-6.974729999999999563e+01
-6.975320000000000675e+01
-6.975920000000000698e+01
-6.976510000000000389e+01
-6.977100000000000080e+01
-6.977689999999999770e+01
-6.978279999999999461e+01
-6.978870000000000573e+01
-6.979460000000000264e+01
-6.980039999999999623e+01
-6.980620000000000402e+01
-6.981210000000000093e+01
-6.981789999999999452e+01
-6.982370000000000232e+01
-6.982940000000000680e+01
-6.983520000000000039e+01
-6.984099999999999397e+01
-6.984669999999999845e+01
-6.985240000000000293e+01
-6.985809999999999320e+01
-6.986379999999999768e+01
-6.986950000000000216e+01
-6.987520000000000664e+01
-6.988089999999999691e+01
-6.988649999999999807e+01
-6.989209999999999923e+01
-6.989780000000000371e+01
-6.990340000000000487e+01
-6.990890000000000271e+01
-6.991450000000000387e+01
-6.992010000000000502e+01
-6.992560000000000286e+01
-6.993120000000000402e+01
-6.993670000000000186e+01
-6.994219999999999970e+01
-6.994769999999999754e+01
-6.995319999999999538e+01
-6.995869999999999322e+01
-6.996410000000000196e+01
-6.996959999999999980e+01
-6.997499999999999432e+01
-6.998050000000000637e+01
-6.998590000000000089e+01
-6.999129999999999541e+01
-6.999660000000000082e+01
-7.000199999999999534e+01
-7.000740000000000407e+01
-7.001269999999999527e+01
-7.001810000000000400e+01
-7.002339999999999520e+01
-7.002870000000000061e+01
-7.003400000000000603e+01
-7.003929999999999723e+01
-7.004449999999999932e+01
-7.004980000000000473e+01
-7.005500000000000682e+01
-7.006029999999999802e+01
-7.006550000000000011e+01
-7.007070000000000221e+01
-7.007590000000000430e+01
-7.008110000000000639e+01
-7.008629999999999427e+01
-7.009139999999999304e+01
-7.009659999999999513e+01
-7.010169999999999391e+01
-7.010680000000000689e+01
-7.011190000000000566e+01
-7.011700000000000443e+01
-7.012210000000000321e+01
-7.012720000000000198e+01
-7.013230000000000075e+01
-7.013729999999999620e+01
-7.014239999999999498e+01
-7.014740000000000464e+01
-7.015240000000000009e+01
-7.015739999999999554e+01
-7.016240000000000521e+01
-7.016740000000000066e+01
-7.017230000000000700e+01
-7.017730000000000246e+01
-7.018229999999999791e+01
-7.018720000000000425e+01
-7.019209999999999638e+01
-7.019700000000000273e+01
-7.020189999999999486e+01
-7.020680000000000121e+01
-7.021169999999999334e+01
-7.021649999999999636e+01
-7.022140000000000271e+01
-7.022620000000000573e+01
-7.023109999999999786e+01
-7.023590000000000089e+01
-7.024070000000000391e+01
-7.024550000000000693e+01
-7.025029999999999575e+01
-7.025499999999999545e+01
-7.025979999999999848e+01
-7.026460000000000150e+01
-7.026930000000000121e+01
-7.027400000000000091e+01
-7.027870000000000061e+01
-7.028350000000000364e+01
-7.028820000000000334e+01
-7.029279999999999973e+01
-7.029749999999999943e+01
-7.030219999999999914e+01
-7.030679999999999552e+01
-7.031149999999999523e+01
-7.031610000000000582e+01
-7.032070000000000221e+01
-7.032529999999999859e+01
-7.032989999999999498e+01
-7.033450000000000557e+01
-7.033910000000000196e+01
-7.034359999999999502e+01
-7.034820000000000562e+01
-7.035269999999999868e+01
-7.035729999999999507e+01
-7.036180000000000234e+01
-7.036629999999999541e+01
-7.037080000000000268e+01
-7.037529999999999575e+01
-7.037980000000000302e+01
-7.038420000000000698e+01
-7.038870000000000005e+01
-7.039319999999999311e+01
-7.039759999999999707e+01
-7.040200000000000102e+01
-7.040640000000000498e+01
-7.041079999999999472e+01
-7.041519999999999868e+01
-7.041960000000000264e+01
-7.042400000000000659e+01
-7.042839999999999634e+01
-7.043269999999999698e+01
-7.043710000000000093e+01
-7.044140000000000157e+01
-7.044570000000000221e+01
-7.045000000000000284e+01
-7.045430000000000348e+01
-7.045860000000000412e+01
-7.046290000000000475e+01
-7.046720000000000539e+01
-7.047140000000000271e+01
-7.047570000000000334e+01
-7.047990000000000066e+01
-7.048420000000000130e+01
-7.048839999999999861e+01
-7.049259999999999593e+01
-7.049679999999999325e+01
-7.050100000000000477e+01
-7.050520000000000209e+01
-7.050939999999999941e+01
-7.051349999999999341e+01
-7.051770000000000493e+01
-7.052179999999999893e+01
-7.052599999999999625e+01
-7.053010000000000446e+01
-7.053419999999999845e+01
-7.053830000000000666e+01
-7.054240000000000066e+01
-7.054649999999999466e+01
-7.055060000000000286e+01
-7.055469999999999686e+01
-7.055870000000000175e+01
-7.056279999999999575e+01
-7.056680000000000064e+01
-7.057080000000000553e+01
-7.057479999999999620e+01
-7.057890000000000441e+01
-7.058289999999999509e+01
-7.058689999999999998e+01
-7.059080000000000155e+01
-7.059480000000000643e+01
-7.059879999999999711e+01
-7.060269999999999868e+01
-7.060670000000000357e+01
-7.061060000000000514e+01
-7.061450000000000671e+01
-7.061849999999999739e+01
-7.062239999999999895e+01
-7.062630000000000052e+01
-7.063020000000000209e+01
-7.063400000000000034e+01
-7.063790000000000191e+01
-7.064180000000000348e+01
-7.064560000000000173e+01
-7.064950000000000330e+01
-7.065330000000000155e+01
-7.065709999999999980e+01
-7.066100000000000136e+01
-7.066479999999999961e+01
-7.066859999999999786e+01
-7.067239999999999611e+01
-7.067610000000000525e+01
-7.067990000000000350e+01
-7.068370000000000175e+01
-7.068739999999999668e+01
-7.069119999999999493e+01
-7.069490000000000407e+01
-7.069870000000000232e+01
-7.070239999999999725e+01
-7.070610000000000639e+01
-7.070980000000000132e+01
-7.071349999999999625e+01
-7.071720000000000539e+01
-7.072079999999999700e+01
-7.072450000000000614e+01
-7.072820000000000107e+01
-7.073180000000000689e+01
-7.073550000000000182e+01
-7.073909999999999343e+01
-7.074269999999999925e+01
-7.074639999999999418e+01
-7.075000000000000000e+01
-7.075360000000000582e+01
-7.075719999999999743e+01
-7.076069999999999993e+01
-7.076430000000000575e+01
-7.076789999999999736e+01
-7.077139999999999986e+01
-7.077500000000000568e+01
-7.077849999999999397e+01
-7.078209999999999980e+01
-7.078560000000000230e+01
-7.078910000000000480e+01
-7.079259999999999309e+01
-7.079609999999999559e+01
-7.079959999999999809e+01
-7.080310000000000059e+01
-7.080660000000000309e+01
-7.081010000000000559e+01
-7.081350000000000477e+01
-7.081699999999999307e+01
-7.082040000000000646e+01
-7.082380000000000564e+01
-7.082729999999999393e+01
-7.083069999999999311e+01
-7.083410000000000650e+01
-7.083750000000000568e+01
-7.084090000000000487e+01
-7.084430000000000405e+01
-7.084770000000000323e+01
-7.085099999999999909e+01
-7.085439999999999827e+01
-7.085779999999999745e+01
-7.086109999999999332e+01
-7.086450000000000671e+01
-7.086780000000000257e+01
-7.087109999999999843e+01
-7.087439999999999429e+01
-7.087770000000000437e+01
-7.088110000000000355e+01
-7.088429999999999609e+01
-7.088760000000000616e+01
-7.089090000000000202e+01
-7.089419999999999789e+01
-7.089740000000000464e+01
-7.090070000000000050e+01
-7.090399999999999636e+01
-7.090720000000000312e+01
-7.091039999999999566e+01
-7.091370000000000573e+01
-7.091689999999999827e+01
-7.092010000000000502e+01
-7.092329999999999757e+01
-7.092650000000000432e+01
-7.092969999999999686e+01
-7.093290000000000362e+01
-7.093600000000000705e+01
-7.093919999999999959e+01
-7.094240000000000634e+01
-7.094549999999999557e+01
-7.094859999999999900e+01
-7.095180000000000575e+01
-7.095489999999999498e+01
-7.095799999999999841e+01
-7.096120000000000516e+01
-7.096429999999999438e+01
-7.096739999999999782e+01
-7.097050000000000125e+01
-7.097350000000000136e+01
-7.097660000000000480e+01
-7.097969999999999402e+01
-7.098279999999999745e+01
-7.098579999999999757e+01
-7.098890000000000100e+01
-7.099190000000000111e+01
-7.099490000000000123e+01
-7.099800000000000466e+01
-7.100100000000000477e+01
-7.100400000000000489e+01
-7.100700000000000500e+01
-7.101000000000000512e+01
-7.101300000000000523e+01
-7.101600000000000534e+01
-7.101900000000000546e+01
-7.102190000000000225e+01
-7.102490000000000236e+01
-7.102790000000000248e+01
-7.103079999999999927e+01
-7.103379999999999939e+01
-7.103669999999999618e+01
-7.103959999999999297e+01
-7.104259999999999309e+01
-7.104550000000000409e+01
-7.104840000000000089e+01
-7.105129999999999768e+01
-7.105419999999999447e+01
-7.105710000000000548e+01
-7.106000000000000227e+01
-7.106279999999999575e+01
-7.106570000000000675e+01
-7.106860000000000355e+01
-7.107139999999999702e+01
-7.107429999999999382e+01
-7.107710000000000150e+01
-7.107999999999999829e+01
-7.108280000000000598e+01
-7.108559999999999945e+01
-7.108839999999999293e+01
-7.109120000000000061e+01
-7.109399999999999409e+01
-7.109680000000000177e+01
-7.109959999999999525e+01
-7.110240000000000293e+01
-7.110519999999999641e+01
-7.110790000000000077e+01
-7.111069999999999425e+01
-7.111350000000000193e+01
-7.111620000000000630e+01
-7.111899999999999977e+01
-7.112170000000000414e+01
-7.112439999999999429e+01
-7.112720000000000198e+01
-7.112990000000000634e+01
-7.113259999999999650e+01
-7.113530000000000086e+01
-7.113800000000000523e+01
-7.114069999999999538e+01
-7.114339999999999975e+01
-7.114610000000000412e+01
-7.114870000000000516e+01
-7.115139999999999532e+01
-7.115409999999999968e+01
-7.115670000000000073e+01
-7.115940000000000509e+01
-7.116200000000000614e+01
-7.116459999999999297e+01
-7.116729999999999734e+01
-7.116989999999999839e+01
-7.117249999999999943e+01
-7.117510000000000048e+01
-7.117770000000000152e+01
-7.118030000000000257e+01
-7.118290000000000362e+01
-7.118550000000000466e+01
-7.118810000000000571e+01
-7.119070000000000675e+01
-7.119320000000000448e+01
-7.119580000000000553e+01
-7.119840000000000657e+01
-7.120090000000000430e+01
-7.120350000000000534e+01
-7.120600000000000307e+01
-7.120850000000000080e+01
-7.121110000000000184e+01
-7.121359999999999957e+01
-7.121609999999999729e+01
-7.121859999999999502e+01
-7.122110000000000696e+01
-7.122360000000000468e+01
-7.122610000000000241e+01
-7.122860000000000014e+01
-7.123109999999999786e+01
-7.123350000000000648e+01
-7.123600000000000421e+01
-7.123850000000000193e+01
-7.124089999999999634e+01
-7.124339999999999407e+01
-7.124580000000000268e+01
-7.124830000000000041e+01
-7.125069999999999482e+01
-7.125310000000000343e+01
-7.125549999999999784e+01
-7.125799999999999557e+01
-7.126040000000000418e+01
-7.126279999999999859e+01
-7.126519999999999300e+01
-7.126760000000000161e+01
-7.126999999999999602e+01
-7.127230000000000132e+01
-7.127469999999999573e+01
-7.127710000000000434e+01
-7.127949999999999875e+01
-7.128180000000000405e+01
-7.128419999999999845e+01
-7.128650000000000375e+01
-7.128889999999999816e+01
-7.129120000000000346e+01
-7.129349999999999454e+01
-7.129590000000000316e+01
-7.129819999999999425e+01
-7.130049999999999955e+01
-7.130280000000000484e+01
-7.130509999999999593e+01
-7.130740000000000123e+01
-7.130970000000000653e+01
-7.131199999999999761e+01
-7.131430000000000291e+01
-7.131650000000000489e+01
-7.131879999999999598e+01
-7.132110000000000127e+01
-7.132330000000000325e+01
-7.132559999999999434e+01
-7.132779999999999632e+01
-7.133010000000000161e+01
-7.133230000000000359e+01
-7.133459999999999468e+01
-7.133679999999999666e+01
-7.133899999999999864e+01
-7.134120000000000061e+01
-7.134340000000000259e+01
-7.134560000000000457e+01
-7.134780000000000655e+01
-7.134999999999999432e+01
-7.135219999999999629e+01
-7.135439999999999827e+01
-7.135660000000000025e+01
-7.135880000000000223e+01
-7.136090000000000089e+01
-7.136310000000000286e+01
-7.136530000000000484e+01
-7.136740000000000350e+01
-7.136960000000000548e+01
-7.137170000000000414e+01
-7.137390000000000612e+01
-7.137600000000000477e+01
-7.137810000000000343e+01
-7.138020000000000209e+01
-7.138240000000000407e+01
-7.138450000000000273e+01
-7.138660000000000139e+01
-7.138870000000000005e+01
-7.139079999999999870e+01
-7.139289999999999736e+01
-7.139499999999999602e+01
-7.139700000000000557e+01
-7.139910000000000423e+01
-7.140120000000000289e+01
-7.140330000000000155e+01
-7.140529999999999688e+01
-7.140739999999999554e+01
-7.140940000000000509e+01
-7.141150000000000375e+01
-7.141349999999999909e+01
-7.141559999999999775e+01
-7.141759999999999309e+01
-7.141960000000000264e+01
-7.142159999999999798e+01
-7.142369999999999663e+01
-7.142570000000000618e+01
-7.142770000000000152e+01
-7.142969999999999686e+01
-7.143170000000000641e+01
-7.143370000000000175e+01
-7.143569999999999709e+01
-7.143770000000000664e+01
-7.143959999999999866e+01
-7.144159999999999400e+01
-7.144360000000000355e+01
-7.144549999999999557e+01
-7.144750000000000512e+01
-7.144950000000000045e+01
-7.145140000000000668e+01
-7.145329999999999870e+01
-7.145529999999999404e+01
-7.145720000000000027e+01
-7.145919999999999561e+01
-7.146110000000000184e+01
-7.146299999999999386e+01
-7.146490000000000009e+01
-7.146680000000000632e+01
-7.146869999999999834e+01
-7.147060000000000457e+01
-7.147249999999999659e+01
-7.147440000000000282e+01
-7.147629999999999484e+01
-7.147820000000000107e+01
-7.148009999999999309e+01
-7.148199999999999932e+01
-7.148380000000000223e+01
-7.148569999999999425e+01
-7.148760000000000048e+01
-7.148940000000000339e+01
-7.149129999999999541e+01
-7.149309999999999832e+01
-7.149500000000000455e+01
-7.149679999999999325e+01
-7.149859999999999616e+01
-7.150050000000000239e+01
-7.150230000000000530e+01
-7.150409999999999400e+01
-7.150589999999999691e+01
-7.150769999999999982e+01
-7.150950000000000273e+01
-7.151130000000000564e+01
-7.151309999999999434e+01
-7.151489999999999725e+01
-7.151670000000000016e+01
-7.151850000000000307e+01
-7.152030000000000598e+01
-7.152200000000000557e+01
-7.152379999999999427e+01
-7.152559999999999718e+01
-7.152729999999999677e+01
-7.152909999999999968e+01
-7.153090000000000259e+01
-7.153260000000000218e+01
-7.153430000000000177e+01
-7.153610000000000468e+01
-7.153780000000000427e+01
-7.153950000000000387e+01
-7.154130000000000678e+01
-7.154300000000000637e+01
-7.154470000000000596e+01
-7.154640000000000555e+01
-7.154810000000000514e+01
-7.154980000000000473e+01
-7.155150000000000432e+01
-7.155320000000000391e+01
-7.155490000000000350e+01
-7.155660000000000309e+01
-7.155830000000000268e+01
-7.156000000000000227e+01
-7.156170000000000186e+01
-7.156329999999999814e+01
-7.156499999999999773e+01
-7.156659999999999400e+01
-7.156829999999999359e+01
-7.156999999999999318e+01
-7.157160000000000366e+01
-7.157330000000000325e+01
-7.157489999999999952e+01
-7.157649999999999579e+01
-7.157819999999999538e+01
-7.157980000000000587e+01
-7.158140000000000214e+01
-7.158299999999999841e+01
-7.158459999999999468e+01
-7.158629999999999427e+01
-7.158790000000000475e+01
-7.158950000000000102e+01
-7.159109999999999729e+01
-7.159269999999999357e+01
-7.159430000000000405e+01
-7.159579999999999700e+01
-7.159739999999999327e+01
-7.159900000000000375e+01
-7.160060000000000002e+01
-7.160209999999999297e+01
-7.160370000000000346e+01
-7.160529999999999973e+01
-7.160680000000000689e+01
-7.160840000000000316e+01
-7.160989999999999611e+01
-7.161150000000000659e+01
-7.161299999999999955e+01
-7.161459999999999582e+01
-7.161610000000000298e+01
-7.161759999999999593e+01
-7.161910000000000309e+01
-7.162069999999999936e+01
-7.162220000000000653e+01
-7.162369999999999948e+01
-7.162520000000000664e+01
-7.162669999999999959e+01
-7.162820000000000675e+01
-7.162969999999999970e+01
-7.163120000000000687e+01
-7.163269999999999982e+01
-7.163420000000000698e+01
-7.163569999999999993e+01
-7.163710000000000377e+01
-7.163859999999999673e+01
-7.164010000000000389e+01
-7.164149999999999352e+01
-7.164300000000000068e+01
-7.164449999999999363e+01
-7.164589999999999748e+01
-7.164740000000000464e+01
-7.164879999999999427e+01
-7.165030000000000143e+01
-7.165170000000000528e+01
-7.165309999999999491e+01
-7.165460000000000207e+01
-7.165600000000000591e+01
-7.165739999999999554e+01
-7.165879999999999939e+01
-7.166020000000000323e+01
-7.166169999999999618e+01
-7.166310000000000002e+01
-7.166450000000000387e+01
-7.166589999999999350e+01
-7.166729999999999734e+01
-7.166859999999999786e+01
-7.167000000000000171e+01
-7.167140000000000555e+01
-7.167279999999999518e+01
-7.167419999999999902e+01
-7.167560000000000286e+01
-7.167690000000000339e+01
-7.167829999999999302e+01
-7.167969999999999686e+01
-7.168099999999999739e+01
-7.168240000000000123e+01
-7.168370000000000175e+01
-7.168510000000000559e+01
-7.168640000000000612e+01
-7.168770000000000664e+01
-7.168909999999999627e+01
-7.169039999999999679e+01
-7.169169999999999732e+01
-7.169310000000000116e+01
-7.169440000000000168e+01
-7.169570000000000221e+01
-7.169700000000000273e+01
-7.169830000000000325e+01
-7.169960000000000377e+01
-7.170090000000000430e+01
-7.170220000000000482e+01
-7.170350000000000534e+01
-7.170480000000000587e+01
-7.170610000000000639e+01
-7.170740000000000691e+01
-7.170869999999999322e+01
-7.170999999999999375e+01
-7.171120000000000516e+01
-7.171250000000000568e+01
-7.171380000000000621e+01
-7.171500000000000341e+01
-7.171630000000000393e+01
-7.171750000000000114e+01
-7.171880000000000166e+01
-7.171999999999999886e+01
-7.172129999999999939e+01
-7.172249999999999659e+01
-7.172379999999999711e+01
-7.172499999999999432e+01
-7.172620000000000573e+01
-7.172750000000000625e+01
-7.172870000000000346e+01
-7.172990000000000066e+01
-7.173109999999999786e+01
-7.173229999999999507e+01
-7.173350000000000648e+01
-7.173470000000000368e+01
-7.173590000000000089e+01
-7.173709999999999809e+01
-7.173829999999999529e+01
-7.173950000000000671e+01
-7.174070000000000391e+01
-7.174190000000000111e+01
-7.174309999999999832e+01
-7.174429999999999552e+01
-7.174540000000000362e+01
-7.174660000000000082e+01
-7.174779999999999802e+01
-7.174890000000000612e+01
-7.175010000000000332e+01
-7.175130000000000052e+01
-7.175239999999999441e+01
-7.175360000000000582e+01
-7.175469999999999970e+01
-7.175579999999999359e+01
-7.175700000000000500e+01
-7.175809999999999889e+01
-7.175929999999999609e+01
-7.176040000000000418e+01
-7.176149999999999807e+01
-7.176260000000000616e+01
-7.176370000000000005e+01
-7.176489999999999725e+01
-7.176600000000000534e+01
-7.176709999999999923e+01
-7.176819999999999311e+01
-7.176930000000000121e+01
-7.177039999999999509e+01
-7.177150000000000318e+01
-7.177259999999999707e+01
-7.177370000000000516e+01
-7.177479999999999905e+01
-7.177580000000000382e+01
-7.177689999999999770e+01
-7.177800000000000580e+01
-7.177909999999999968e+01
-7.178010000000000446e+01
-7.178119999999999834e+01
-7.178230000000000643e+01
-7.178329999999999700e+01
-7.178440000000000509e+01
-7.178539999999999566e+01
-7.178650000000000375e+01
-7.178749999999999432e+01
-7.178860000000000241e+01
-7.178959999999999297e+01
-7.179059999999999775e+01
-7.179170000000000584e+01
-7.179269999999999641e+01
-7.179370000000000118e+01
-7.179470000000000596e+01
-7.179579999999999984e+01
-7.179680000000000462e+01
-7.179779999999999518e+01
-7.179879999999999995e+01
-7.179980000000000473e+01
-7.180079999999999529e+01
-7.180180000000000007e+01
-7.180280000000000484e+01
-7.180379999999999541e+01
-7.180480000000000018e+01
-7.180580000000000496e+01
-7.180670000000000641e+01
-7.180769999999999698e+01
-7.180870000000000175e+01
-7.180970000000000653e+01
-7.181059999999999377e+01
-7.181159999999999854e+01
-7.181260000000000332e+01
-7.181350000000000477e+01
-7.181449999999999534e+01
-7.181539999999999679e+01
-7.181640000000000157e+01
-7.181730000000000302e+01
-7.181829999999999359e+01
-7.181919999999999504e+01
-7.182019999999999982e+01
-7.182110000000000127e+01
-7.182200000000000273e+01
-7.182299999999999329e+01
-7.182389999999999475e+01
-7.182479999999999620e+01
-7.182569999999999766e+01
-7.182659999999999911e+01
-7.182750000000000057e+01
-7.182850000000000534e+01
-7.182940000000000680e+01
-7.183029999999999404e+01
-7.183119999999999550e+01
-7.183209999999999695e+01
-7.183299999999999841e+01
-7.183379999999999654e+01
-7.183469999999999800e+01
-7.183559999999999945e+01
-7.183650000000000091e+01
-7.183740000000000236e+01
-7.183830000000000382e+01
-7.183910000000000196e+01
-7.184000000000000341e+01
-7.184090000000000487e+01
-7.184170000000000300e+01
-7.184260000000000446e+01
-7.184340000000000259e+01
-7.184430000000000405e+01
-7.184510000000000218e+01
-7.184600000000000364e+01
-7.184680000000000177e+01
-7.184770000000000323e+01
-7.184850000000000136e+01
-7.184929999999999950e+01
-7.185020000000000095e+01
-7.185099999999999909e+01
-7.185179999999999723e+01
-7.185269999999999868e+01
-7.185349999999999682e+01
-7.185429999999999495e+01
-7.185509999999999309e+01
-7.185590000000000543e+01
-7.185670000000000357e+01
-7.185750000000000171e+01
-7.185829999999999984e+01
-7.185909999999999798e+01
-7.185989999999999611e+01
-7.186069999999999425e+01
-7.186150000000000659e+01
-7.186230000000000473e+01
-7.186310000000000286e+01
-7.186379999999999768e+01
-7.186459999999999582e+01
-7.186539999999999395e+01
-7.186620000000000630e+01
-7.186690000000000111e+01
-7.186769999999999925e+01
-7.186849999999999739e+01
-7.186920000000000641e+01
-7.187000000000000455e+01
-7.187069999999999936e+01
-7.187149999999999750e+01
-7.187220000000000653e+01
-7.187300000000000466e+01
-7.187369999999999948e+01
-7.187439999999999429e+01
-7.187520000000000664e+01
-7.187590000000000146e+01
-7.187659999999999627e+01
-7.187739999999999441e+01
-7.187810000000000343e+01
-7.187879999999999825e+01
-7.187949999999999307e+01
-7.188020000000000209e+01
-7.188089999999999691e+01
-7.188169999999999504e+01
-7.188240000000000407e+01
-7.188309999999999889e+01
-7.188379999999999370e+01
-7.188450000000000273e+01
-7.188519999999999754e+01
-7.188580000000000325e+01
-7.188649999999999807e+01
-7.188720000000000709e+01
-7.188790000000000191e+01
-7.188859999999999673e+01
-7.188920000000000243e+01
-7.188989999999999725e+01
-7.189060000000000628e+01
-7.189130000000000109e+01
-7.189190000000000680e+01
-7.189260000000000161e+01
-7.189319999999999311e+01
-7.189390000000000214e+01
-7.189449999999999363e+01
-7.189520000000000266e+01
-7.189579999999999416e+01
-7.189650000000000318e+01
-7.189709999999999468e+01
-7.189780000000000371e+01
-7.189839999999999520e+01
-7.189900000000000091e+01
-7.189969999999999573e+01
-7.190030000000000143e+01
-7.190089999999999293e+01
-7.190149999999999864e+01
-7.190219999999999345e+01
-7.190279999999999916e+01
-7.190340000000000487e+01
-7.190399999999999636e+01
-7.190460000000000207e+01
-7.190519999999999357e+01
-7.190579999999999927e+01
-7.190640000000000498e+01
-7.190699999999999648e+01
-7.190760000000000218e+01
-7.190819999999999368e+01
-7.190879999999999939e+01
-7.190930000000000177e+01
-7.190989999999999327e+01
-7.191049999999999898e+01
-7.191110000000000468e+01
-7.191160000000000707e+01
-7.191219999999999857e+01
-7.191280000000000427e+01
-7.191330000000000666e+01
-7.191389999999999816e+01
-7.191450000000000387e+01
-7.191500000000000625e+01
-7.191559999999999775e+01
-7.191610000000000014e+01
-7.191670000000000584e+01
-7.191719999999999402e+01
-7.191769999999999641e+01
-7.191830000000000211e+01
-7.191880000000000450e+01
-7.191939999999999600e+01
-7.191989999999999839e+01
-7.192040000000000077e+01
-7.192090000000000316e+01
-7.192149999999999466e+01
-7.192199999999999704e+01
-7.192249999999999943e+01
-7.192300000000000182e+01
-7.192350000000000421e+01
-7.192400000000000659e+01
-7.192449999999999477e+01
-7.192499999999999716e+01
-7.192549999999999955e+01
-7.192600000000000193e+01
-7.192650000000000432e+01
-7.192700000000000671e+01
-7.192749999999999488e+01
-7.192799999999999727e+01
-7.192849999999999966e+01
-7.192889999999999873e+01
-7.192940000000000111e+01
-7.192990000000000350e+01
-7.193040000000000589e+01
-7.193080000000000496e+01
-7.193129999999999313e+01
-7.193170000000000641e+01
-7.193219999999999459e+01
-7.193269999999999698e+01
-7.193309999999999604e+01
-7.193359999999999843e+01
-7.193399999999999750e+01
-7.193449999999999989e+01
-7.193489999999999895e+01
-7.193529999999999802e+01
-7.193580000000000041e+01
-7.193619999999999948e+01
-7.193670000000000186e+01
-7.193710000000000093e+01
-7.193750000000000000e+01
-7.193789999999999907e+01
-7.193840000000000146e+01
-7.193880000000000052e+01
-7.193919999999999959e+01
-7.193959999999999866e+01
-7.193999999999999773e+01
-7.194039999999999679e+01
-7.194079999999999586e+01
-7.194119999999999493e+01
-7.194159999999999400e+01
-7.194199999999999307e+01
-7.194240000000000634e+01
-7.194280000000000541e+01
-7.194320000000000448e+01
-7.194360000000000355e+01
-7.194400000000000261e+01
-7.194429999999999836e+01
-7.194469999999999743e+01
-7.194509999999999650e+01
-7.194549999999999557e+01
-7.194580000000000553e+01
-7.194620000000000459e+01
-7.194660000000000366e+01
-7.194689999999999941e+01
-7.194729999999999848e+01
-7.194759999999999422e+01
-7.194799999999999329e+01
-7.194830000000000325e+01
-7.194870000000000232e+01
-7.194899999999999807e+01
-7.194939999999999714e+01
-7.194970000000000709e+01
-7.195000000000000284e+01
-7.195040000000000191e+01
-7.195069999999999766e+01
-7.195099999999999341e+01
-7.195140000000000668e+01
-7.195170000000000243e+01
-7.195199999999999818e+01
-7.195229999999999393e+01
-7.195260000000000389e+01
-7.195289999999999964e+01
-7.195329999999999870e+01
-7.195359999999999445e+01
-7.195390000000000441e+01
-7.195420000000000016e+01
-7.195449999999999591e+01
-7.195480000000000587e+01
-7.195510000000000161e+01
-7.195529999999999404e+01
-7.195560000000000400e+01
-7.195589999999999975e+01
-7.195619999999999550e+01
-7.195650000000000546e+01
-7.195680000000000121e+01
-7.195699999999999363e+01
-7.195730000000000359e+01
-7.195759999999999934e+01
-7.195780000000000598e+01
-7.195810000000000173e+01
-7.195839999999999748e+01
-7.195860000000000412e+01
-7.195889999999999986e+01
-7.195910000000000650e+01
-7.195940000000000225e+01
-7.195959999999999468e+01
-7.195990000000000464e+01
-7.196009999999999707e+01
-7.196040000000000703e+01
-7.196059999999999945e+01
-7.196080000000000609e+01
-7.196110000000000184e+01
-7.196129999999999427e+01
-7.196150000000000091e+01
-7.196169999999999334e+01
-7.196200000000000330e+01
-7.196219999999999573e+01
-7.196240000000000236e+01
-7.196259999999999479e+01
-7.196280000000000143e+01
-7.196299999999999386e+01
-7.196320000000000050e+01
-7.196339999999999293e+01
-7.196359999999999957e+01
-7.196380000000000621e+01
-7.196399999999999864e+01
-7.196420000000000528e+01
-7.196439999999999770e+01
-7.196460000000000434e+01
-7.196479999999999677e+01
-7.196490000000000009e+01
-7.196510000000000673e+01
-7.196529999999999916e+01
-7.196550000000000580e+01
-7.196559999999999491e+01
-7.196580000000000155e+01
-7.196599999999999397e+01
-7.196609999999999729e+01
-7.196630000000000393e+01
-7.196649999999999636e+01
-7.196659999999999968e+01
-7.196680000000000632e+01
-7.196689999999999543e+01
-7.196710000000000207e+01
-7.196720000000000539e+01
-7.196729999999999450e+01
-7.196750000000000114e+01
-7.196760000000000446e+01
-7.196769999999999357e+01
-7.196790000000000020e+01
-7.196800000000000352e+01
-7.196810000000000684e+01
-7.196829999999999927e+01
-7.196840000000000259e+01
-7.196850000000000591e+01
-7.196859999999999502e+01
-7.196869999999999834e+01
-7.196880000000000166e+01
-7.196890000000000498e+01
-7.196899999999999409e+01
-7.196909999999999741e+01
-7.196920000000000073e+01
-7.196930000000000405e+01
-7.196939999999999316e+01
-7.196949999999999648e+01
-7.196959999999999980e+01
-7.196970000000000312e+01
-7.196980000000000643e+01
-7.196989999999999554e+01
-7.196989999999999554e+01
-7.196999999999999886e+01
-7.197010000000000218e+01
-7.197010000000000218e+01
-7.197020000000000550e+01
-7.197029999999999461e+01
-7.197029999999999461e+01
-7.197039999999999793e+01
-7.197050000000000125e+01
-7.197050000000000125e+01
-7.197060000000000457e+01
-7.197060000000000457e+01
-7.197069999999999368e+01
-7.197069999999999368e+01
-7.197069999999999368e+01
-7.197079999999999700e+01
-7.197079999999999700e+01
-7.197079999999999700e+01
-7.197090000000000032e+01
-7.197090000000000032e+01
-7.197090000000000032e+01
-7.197090000000000032e+01
-7.197100000000000364e+01
-7.197100000000000364e+01
-7.197100000000000364e+01
-7.197100000000000364e+01
-7.197100000000000364e+01
-7.197100000000000364e+01
-7.197100000000000364e+01
-7.197100000000000364e+01
-7.197100000000000364e+01
-7.197100000000000364e+01
-7.197100000000000364e+01
-7.197100000000000364e+01
-7.197100000000000364e+01
-7.197100000000000364e+01
-7.197100000000000364e+01
-7.197090000000000032e+01
-7.197090000000000032e+01
-7.197090000000000032e+01
-7.197090000000000032e+01
-7.197079999999999700e+01
-7.197079999999999700e+01
-7.197079999999999700e+01
-7.197069999999999368e+01
-7.197069999999999368e+01
-7.197060000000000457e+01
-7.197060000000000457e+01
-7.197050000000000125e+01
-7.197050000000000125e+01
-7.197039999999999793e+01
-7.197039999999999793e+01
-7.197029999999999461e+01
-7.197029999999999461e+01
-7.197020000000000550e+01
-7.197010000000000218e+01
-7.197010000000000218e+01
-7.196999999999999886e+01
-7.196989999999999554e+01
-7.196980000000000643e+01
-7.196980000000000643e+01
-7.196970000000000312e+01
-7.196959999999999980e+01
-7.196949999999999648e+01
-7.196939999999999316e+01
-7.196930000000000405e+01
-7.196920000000000073e+01
-7.196909999999999741e+01
-7.196899999999999409e+01
-7.196890000000000498e+01
-7.196880000000000166e+01
-7.196869999999999834e+01
-7.196859999999999502e+01
-7.196850000000000591e+01
-7.196829999999999927e+01
-7.196819999999999595e+01
-7.196810000000000684e+01
-7.196800000000000352e+01
-7.196779999999999688e+01
-7.196769999999999357e+01
-7.196760000000000446e+01
-7.196739999999999782e+01
-7.196729999999999450e+01
-7.196720000000000539e+01
-7.196699999999999875e+01
-7.196689999999999543e+01
-7.196670000000000300e+01
-7.196659999999999968e+01
-7.196639999999999304e+01
-7.196630000000000393e+01
-7.196609999999999729e+01
-7.196590000000000487e+01
-7.196580000000000155e+01
-7.196559999999999491e+01
-7.196540000000000248e+01
-7.196529999999999916e+01
-7.196510000000000673e+01
-7.196490000000000009e+01
-7.196469999999999345e+01
-7.196450000000000102e+01
-7.196439999999999770e+01
-7.196420000000000528e+01
-7.196399999999999864e+01
-7.196380000000000621e+01
-7.196359999999999957e+01
-7.196339999999999293e+01
-7.196320000000000050e+01
-7.196299999999999386e+01
-7.196280000000000143e+01
-7.196259999999999479e+01
-7.196229999999999905e+01
-7.196210000000000662e+01
-7.196189999999999998e+01
-7.196169999999999334e+01
-7.196150000000000091e+01
-7.196120000000000516e+01
-7.196099999999999852e+01
-7.196080000000000609e+01
-7.196049999999999613e+01
-7.196030000000000371e+01
-7.196009999999999707e+01
-7.195980000000000132e+01
-7.195959999999999468e+01
-7.195929999999999893e+01
-7.195910000000000650e+01
-7.195879999999999654e+01
-7.195860000000000412e+01
-7.195829999999999416e+01
-7.195799999999999841e+01
-7.195780000000000598e+01
-7.195749999999999602e+01
-7.195720000000000027e+01
-7.195699999999999363e+01
-7.195669999999999789e+01
-7.195640000000000214e+01
-7.195610000000000639e+01
-7.195589999999999975e+01
-7.195560000000000400e+01
-7.195529999999999404e+01
-7.195499999999999829e+01
-7.195470000000000255e+01
-7.195440000000000680e+01
-7.195409999999999684e+01
-7.195380000000000109e+01
-7.195350000000000534e+01
-7.195319999999999538e+01
-7.195289999999999964e+01
-7.195260000000000389e+01
-7.195229999999999393e+01
-7.195189999999999486e+01
-7.195159999999999911e+01
-7.195130000000000337e+01
-7.195099999999999341e+01
-7.195059999999999434e+01
-7.195029999999999859e+01
-7.195000000000000284e+01
-7.194960000000000377e+01
-7.194929999999999382e+01
-7.194899999999999807e+01
-7.194859999999999900e+01
-7.194830000000000325e+01
-7.194790000000000418e+01
-7.194759999999999422e+01
-7.194719999999999516e+01
-7.194679999999999609e+01
-7.194650000000000034e+01
-7.194610000000000127e+01
-7.194580000000000553e+01
-7.194540000000000646e+01
-7.194499999999999318e+01
-7.194459999999999411e+01
-7.194429999999999836e+01
-7.194389999999999930e+01
-7.194350000000000023e+01
-7.194310000000000116e+01
-7.194270000000000209e+01
-7.194230000000000302e+01
-7.194190000000000396e+01
-7.194150000000000489e+01
-7.194110000000000582e+01
-7.194070000000000675e+01
-7.194029999999999347e+01
-7.193989999999999441e+01
-7.193949999999999534e+01
-7.193909999999999627e+01
-7.193869999999999720e+01
-7.193829999999999814e+01
-7.193789999999999907e+01
-7.193739999999999668e+01
-7.193699999999999761e+01
-7.193659999999999854e+01
-7.193609999999999616e+01
-7.193569999999999709e+01
-7.193529999999999802e+01
-7.193479999999999563e+01
-7.193439999999999657e+01
-7.193389999999999418e+01
-7.193349999999999511e+01
-7.193300000000000693e+01
-7.193259999999999366e+01
-7.193210000000000548e+01
-7.193170000000000641e+01
-7.193120000000000402e+01
-7.193070000000000164e+01
-7.193030000000000257e+01
-7.192980000000000018e+01
-7.192929999999999779e+01
-7.192889999999999873e+01
-7.192839999999999634e+01
-7.192789999999999395e+01
-7.192740000000000578e+01
-7.192690000000000339e+01
-7.192640000000000100e+01
-7.192589999999999861e+01
-7.192549999999999955e+01
-7.192499999999999716e+01
-7.192449999999999477e+01
-7.192390000000000327e+01
-7.192340000000000089e+01
-7.192289999999999850e+01
-7.192239999999999611e+01
-7.192189999999999372e+01
-7.192140000000000555e+01
-7.192090000000000316e+01
-7.192029999999999745e+01
-7.191979999999999507e+01
-7.191930000000000689e+01
-7.191880000000000450e+01
-7.191819999999999879e+01
-7.191769999999999641e+01
-7.191710000000000491e+01
-7.191660000000000252e+01
-7.191610000000000014e+01
-7.191549999999999443e+01
-7.191500000000000625e+01
-7.191440000000000055e+01
-7.191379999999999484e+01
-7.191330000000000666e+01
-7.191270000000000095e+01
-7.191219999999999857e+01
-7.191160000000000707e+01
-7.191100000000000136e+01
-7.191039999999999566e+01
-7.190989999999999327e+01
-7.190930000000000177e+01
-7.190869999999999607e+01
-7.190810000000000457e+01
-7.190749999999999886e+01
-7.190689999999999316e+01
-7.190640000000000498e+01
-7.190579999999999927e+01
-7.190519999999999357e+01
-7.190460000000000207e+01
-7.190399999999999636e+01
-7.190330000000000155e+01
-7.190269999999999584e+01
-7.190210000000000434e+01
-7.190149999999999864e+01
-7.190089999999999293e+01
-7.190030000000000143e+01
-7.189960000000000662e+01
-7.189900000000000091e+01
-7.189839999999999520e+01
-7.189770000000000039e+01
-7.189709999999999468e+01
-7.189650000000000318e+01
-7.189579999999999416e+01
-7.189520000000000266e+01
-7.189449999999999363e+01
-7.189390000000000214e+01
-7.189319999999999311e+01
-7.189260000000000161e+01
-7.189190000000000680e+01
-7.189130000000000109e+01
-7.189060000000000628e+01
-7.188989999999999725e+01
-7.188930000000000575e+01
-7.188859999999999673e+01
-7.188790000000000191e+01
-7.188720000000000709e+01
-7.188649999999999807e+01
-7.188590000000000657e+01
-7.188519999999999754e+01
-7.188450000000000273e+01
-7.188379999999999370e+01
-7.188309999999999889e+01
