-8.778318e+01
-4.167496e+01
2.903055e+01
3.413805e+01
3.649643e+01
3.740618e+01
3.753357e+01
3.722120e+01
3.667912e+01
3.605699e+01
3.545269e+01
3.491490e+01
3.445813e+01
3.407896e+01
3.376667e+01
3.350874e+01
3.329329e+01
3.310990e+01
3.294989e+01
3.280617e+01
3.267307e+01
3.254609e+01
3.242170e+01
3.229715e+01
3.217036e+01
3.203971e+01
3.190402e+01
3.176241e+01
3.161428e+01
3.145920e+01
3.129692e+01
3.112731e+01
3.095032e+01
3.076600e+01
3.057444e+01
3.037577e+01
3.017016e+01
2.995780e+01
2.973889e+01
2.951364e+01
2.928227e+01
2.904500e+01
2.880203e+01
2.855359e+01
2.829987e+01
2.804107e+01
2.777738e+01
2.750899e+01
2.723607e+01
2.695877e+01
2.667725e+01
2.639166e+01
2.610212e+01
2.580876e+01
2.551170e+01
2.521103e+01
2.490686e+01
2.459927e+01
2.428833e+01
2.397412e+01
2.365669e+01
2.333610e+01
2.301238e+01
2.268559e+01
2.235574e+01
2.202285e+01
2.168694e+01
2.134801e+01
2.100607e+01
2.066110e+01
2.031309e+01
1.996202e+01
1.960787e+01
1.925059e+01
1.889014e+01
1.852649e+01
1.815957e+01
1.778932e+01
1.741569e+01
1.703859e+01
1.665795e+01
1.627368e+01
1.588569e+01
1.549387e+01
1.509814e+01
1.469836e+01
1.429443e+01
1.388623e+01
1.347364e+01
1.305652e+01
1.263471e+01
1.220804e+01
1.177634e+01
1.133940e+01
1.089703e+01
1.044901e+01
9.995103e+00
9.535056e+00
9.068603e+00
8.595451e+00
8.115286e+00
7.627769e+00
7.132528e+00
6.629159e+00
6.117224e+00
5.596242e+00
5.065687e+00
4.524984e+00
3.973505e+00
3.410564e+00
2.835413e+00
2.247244e+00
1.645186e+00
1.028306e+00
3.956245e-01
-2.538811e-01
-9.212504e-01
-1.607513e+00
-2.313652e+00
-3.040555e+00
-3.788960e+00
-4.559391e+00
-5.352105e+00
-6.167029e+00
-7.003730e+00
-7.861398e+00
-8.738858e+00
-9.634617e+00
-1.054693e+01
-1.147387e+01
-1.241344e+01
-1.336366e+01
-1.432260e+01
-1.528850e+01
-1.625976e+01
-1.723499e+01
-1.821299e+01
-1.919279e+01
-2.017359e+01
-2.115478e+01
-2.213587e+01
-2.311651e+01
-2.409643e+01
-2.507541e+01
-2.605330e+01
-2.702995e+01
-2.800527e+01
-2.897916e+01
-2.995155e+01
-3.092240e+01
-3.189170e+01
-3.285948e+01
-3.382580e+01
-3.479077e+01
-3.575455e+01
-3.671732e+01
-3.767932e+01
-3.864082e+01
-3.960211e+01
-4.056347e+01
-4.152523e+01
-4.248767e+01
-4.345109e+01
-4.441573e+01
-4.538187e+01
-4.634972e+01
-4.731951e+01
-4.829147e+01
-4.926585e+01
-5.024292e+01
-5.122300e+01
-5.220644e+01
-5.319369e+01
-5.418522e+01
-5.518159e+01
-5.618343e+01
-5.719144e+01
-5.820633e+01
-5.922890e+01
-6.025995e+01
-6.130026e+01
-6.235060e+01
-6.341165e+01
-6.448396e+01
-6.556786e+01
-6.666342e+01
-6.777028e+01
-6.888759e+01
-7.001381e+01
-7.114659e+01
-7.228259e+01
-7.341734e+01
-7.454514e+01
-7.565905e+01
-7.675102e+01
-7.781208e+01
-7.883283e+01
-7.980399e+01
-8.071701e+01
-8.156476e+01
-8.234201e+01
-8.304579e+01
-8.367545e+01
-8.423247e+01
-8.472018e+01
-8.514329e+01
-8.550737e+01
-8.581850e+01
-8.608283e+01
-8.630634e+01
-8.649461e+01
-8.665275e+01
-8.678534e+01
-8.689636e+01
-8.698930e+01
-8.706714e+01
-8.713240e+01
-8.718722e+01
-8.723340e+01
-8.727242e+01
-8.730555e+01
-8.733380e+01
-8.735803e+01
-8.737896e+01
-8.739715e+01
-8.741310e+01
-8.742720e+01
-8.743976e+01
-8.745106e+01
-8.746132e+01
-8.747071e+01
-8.747938e+01
-8.748745e+01
-8.749503e+01
-8.750218e+01
-8.750899e+01
-8.751551e+01
-8.752177e+01
-8.752782e+01
-8.753369e+01
-8.753940e+01
-8.754497e+01
-8.755042e+01
-8.755577e+01
-8.756102e+01
-8.756619e+01
-8.757127e+01
-8.757629e+01
-8.758124e+01
-8.758613e+01
-8.759096e+01
-8.759574e+01
-8.760046e+01
-8.760513e+01
-8.760976e+01
-8.761434e+01
-8.761888e+01
-8.762337e+01
-8.762782e+01
-8.763223e+01
-8.763660e+01
-8.764093e+01
-8.764522e+01
-8.764947e+01
-8.765368e+01
-8.765785e+01
-8.766199e+01
-8.766609e+01
-8.767015e+01
-8.767418e+01
-8.767817e+01
-8.768212e+01
-8.768605e+01
-8.768993e+01
-8.769379e+01
-8.769760e+01
-8.770139e+01
-8.770514e+01
-8.770886e+01
-8.771255e+01
-8.771620e+01
-8.771982e+01
-8.772341e+01
-8.772697e+01
-8.773050e+01
-8.773400e+01
-8.773746e+01
-8.774090e+01
-8.774430e+01
-8.774768e+01
-8.775103e+01
-8.775434e+01
-8.775763e+01
-8.776089e+01
-8.776412e+01
-8.776732e+01
-8.777050e+01
-8.777365e+01
-8.777676e+01
-8.777986e+01