-8.800957e+01
-4.114094e+01
3.202196e+01
3.694439e+01
3.893195e+01
3.959576e+01
3.961078e+01
3.929081e+01
3.880677e+01
3.826733e+01
3.774244e+01
3.727031e+01
3.686530e+01
3.652714e+01
3.624835e+01
3.601889e+01
3.582858e+01
3.566819e+01
3.552982e+01
3.540694e+01
3.529427e+01
3.518759e+01
3.508361e+01
3.497973e+01
3.487399e+01
3.476488e+01
3.465129e+01
3.453239e+01
3.440763e+01
3.427660e+01
3.413908e+01
3.399495e+01
3.384416e+01
3.368675e+01
3.352282e+01
3.335248e+01
3.317589e+01
3.299323e+01
3.280468e+01
3.261043e+01
3.241069e+01
3.220566e+01
3.199553e+01
3.178050e+01
3.156076e+01
3.133650e+01
3.110790e+01
3.087514e+01
3.063837e+01
3.039776e+01
3.015346e+01
2.990562e+01
2.965438e+01
2.939986e+01
2.914219e+01
2.888148e+01
2.861786e+01
2.835143e+01
2.808228e+01
2.781050e+01
2.753620e+01
2.725944e+01
2.698031e+01
2.669888e+01
2.641522e+01
2.612939e+01
2.584145e+01
2.555145e+01
2.525944e+01
2.496547e+01
2.466957e+01
2.437179e+01
2.407216e+01
2.377071e+01
2.346746e+01
2.316244e+01
2.285566e+01
2.254714e+01
2.223689e+01
2.192491e+01
2.161122e+01
2.129582e+01
2.097869e+01
2.065985e+01
2.033927e+01
2.001694e+01
1.969286e+01
1.936700e+01
1.903935e+01
1.870987e+01
1.837855e+01
1.804534e+01
1.771023e+01
1.737316e+01
1.703411e+01
1.669302e+01
1.634985e+01
1.600456e+01
1.565709e+01
1.530738e+01
1.495537e+01
1.460100e+01
1.424420e+01
1.388492e+01
1.352309e+01
1.315864e+01
1.279148e+01
1.242150e+01
1.204861e+01
1.167271e+01
1.129367e+01
1.091137e+01
1.052568e+01
1.013647e+01
9.743574e+00
9.346839e+00
8.946090e+00
8.541139e+00
8.131785e+00
7.717807e+00
7.298969e+00
6.875010e+00
6.445651e+00
6.010585e+00
5.569478e+00
5.121965e+00
4.667647e+00
4.206092e+00
3.736824e+00
3.259327e+00
2.773040e+00
2.277353e+00
1.771609e+00
1.255099e+00
7.270654e-01
1.867053e-01
-3.668251e-01
-9.344008e-01
-1.516915e+00
-2.115261e+00
-2.730308e+00
-3.362872e+00
-4.013681e+00
-4.683338e+00
-5.372280e+00
-6.080738e+00
-6.808707e+00
-7.555919e+00
-8.321837e+00
-9.105661e+00
-9.906348e+00
-1.072265e+01
-1.155318e+01
-1.239642e+01
-1.325084e+01
-1.411491e+01
-1.498715e+01
-1.586617e+01
-1.675073e+01
-1.763968e+01
-1.853204e+01
-1.942700e+01
-2.032385e+01
-2.122204e+01
-2.212115e+01
-2.302082e+01
-2.392081e+01
-2.482093e+01
-2.572105e+01
-2.662106e+01
-2.752088e+01
-2.842047e+01
-2.931980e+01
-3.021888e+01
-3.111772e+01
-3.201640e+01
-3.291503e+01
-3.381375e+01
-3.471275e+01
-3.561229e+01
-3.651263e+01
-3.741410e+01
-3.831706e+01
-3.922186e+01
-4.012890e+01
-4.103854e+01
-4.195113e+01
-4.286699e+01
-4.378640e+01
-4.470960e+01
-4.563677e+01
-4.656807e+01
-4.750360e+01
-4.844348e+01
-4.938781e+01
-5.033671e+01
-5.129032e+01
-5.224885e+01
-5.321258e+01
-5.418183e+01
-5.515702e+01
-5.613863e+01
-5.712723e+01
-5.812346e+01
-5.912798e+01
-6.014154e+01
-6.116486e+01
-6.219868e+01
-6.324365e+01
-6.430035e+01
-6.536917e+01
-6.645025e+01
-6.754338e+01
-6.864790e+01
-6.976251e+01
-7.088517e+01
-7.201291e+01
-7.314168e+01
-7.426623e+01
-7.538006e+01
-7.647549e+01
-7.754384e+01
-7.857581e+01
-7.956196e+01
-8.049339e+01
-8.136236e+01
-8.216287e+01
-8.289105e+01
-8.354538e+01
-8.412656e+01
-8.463724e+01
-8.508163e+01
-8.546503e+01
-8.579332e+01
-8.607264e+01
-8.630904e+01
-8.650823e+01
-8.667550e+01
-8.681561e+01
-8.693275e+01
-8.703058e+01
-8.711226e+01
-8.718046e+01
-8.723748e+01
-8.728521e+01
-8.732526e+01
-8.735896e+01
-8.738743e+01
-8.741157e+01
-8.743216e+01
-8.744982e+01
-8.746507e+01
-8.747832e+01
-8.748994e+01
-8.750020e+01
-8.750935e+01
-8.751759e+01
-8.752506e+01
-8.753190e+01
-8.753823e+01
-8.754411e+01
-8.754964e+01
-8.755487e+01
-8.755985e+01
-8.756462e+01
-8.756920e+01
-8.757364e+01
-8.757794e+01
-8.758214e+01
-8.758624e+01
-8.759025e+01
-8.759419e+01
-8.759807e+01
-8.760189e+01
-8.760566e+01
-8.760938e+01
-8.761305e+01
-8.761669e+01
-8.762029e+01
-8.762385e+01
-8.762738e+01
-8.763088e+01
-8.763434e+01
-8.763778e+01
-8.764119e+01
-8.764457e+01
-8.764793e+01
-8.765125e+01
-8.765456e+01
-8.765783e+01
-8.766109e+01
-8.766431e+01
-8.766752e+01
-8.767070e+01
-8.767385e+01
-8.767699e+01
-8.768009e+01
-8.768318e+01
-8.768624e+01
-8.768929e+01
-8.769230e+01
-8.769530e+01
-8.769828e+01
-8.770123e+01
-8.770416e+01
-8.770707e+01
-8.770996e+01
-8.771282e+01
-8.771567e+01
-8.771850e+01
-8.772130e+01
-8.772409e+01
-8.772685e+01
-8.772959e+01
-8.773232e+01
-8.773502e+01
-8.773771e+01
-8.774037e+01
-8.774302e+01
-8.774564e+01
-8.774825e+01
-8.775084e+01
-8.775340e+01
-8.775595e+01
-8.775849e+01
-8.776100e+01
-8.776349e+01
-8.776597e+01
-8.776843e+01
-8.777087e+01
-8.777329e+01
-8.777569e+01
-8.777808e+01
-8.778045e+01
-8.778280e+01
-8.778514e+01
-8.778746e+01
-8.778976e+01
-8.779204e+01
-8.779431e+01
-8.779656e+01
-8.779880e+01
-8.780101e+01
-8.780322e+01
-8.780540e+01
-8.780757e+01
-8.780973e+01
-8.781187e+01
-8.781399e+01
-8.781610e+01
-8.781819e+01
-8.782026e+01
-8.782233e+01
-8.782437e+01
-8.782640e+01
-8.782842e+01
-8.783042e+01
-8.783241e+01
-8.783439e+01
-8.783634e+01
-8.783829e+01
-8.784022e+01
-8.784214e+01
-8.784404e+01
-8.784593e+01
-8.784780e+01
-8.784966e+01
-8.785151e+01
-8.785334e+01
-8.785517e+01
-8.785697e+01
-8.785877e+01
-8.786055e+01
-8.786232e+01
-8.786407e+01
-8.786582e+01
-8.786755e+01
-8.786927e+01
-8.787097e+01
-8.787266e+01
-8.787435e+01
-8.787601e+01
-8.787767e+01
-8.787932e+01
-8.788095e+01
-8.788257e+01
-8.788418e+01
-8.788578e+01
-8.788736e+01
-8.788894e+01
-8.789050e+01
-8.789205e+01
-8.789359e+01
-8.789512e+01
-8.789664e+01
-8.789815e+01
-8.789965e+01
-8.790114e+01
-8.790261e+01
-8.790408e+01