-7.354736328125000000e+01
3.356933593750000000e+00
3.997802734375000000e+01
3.967285156250000000e+01
3.448486328125000000e+01
3.143310546875000000e+01
2.960205078125000000e+01
2.746582031250000000e+01
2.593994140625000000e+01
2.410888671875000000e+01
2.258300781250000000e+01
2.410888671875000000e+01
1.922607421875000000e+01
1.953125000000000000e+01
1.739501953125000000e+01
1.678466796875000000e+01
1.586914062500000000e+01
1.342773437500000000e+01
1.342773437500000000e+01
1.129150390625000000e+01
1.007080078125000000e+01
9.155273437500000000e+00
7.019042968750000000e+00
7.019042968750000000e+00
3.662109375000000000e+00
2.136230468750000000e+00
1.220703125000000000e+00
-2.136230468750000000e+00
-3.356933593750000000e+00
-5.798339843750000000e+00
-6.103515625000000000e+00
-8.850097656250000000e+00
-1.068115234375000000e+01
-1.129150390625000000e+01
-1.220703125000000000e+01
-1.556396484375000000e+01
-1.708984375000000000e+01
-1.831054687500000000e+01
-2.014160156250000000e+01
-2.105712890625000000e+01
-2.349853515625000000e+01
-2.227783203125000000e+01
-2.563476562500000000e+01
-2.624511718750000000e+01
-2.685546875000000000e+01
-2.807617187500000000e+01
-3.082275390625000000e+01
-3.204345703125000000e+01
-3.417968750000000000e+01
-3.448486328125000000e+01
-3.662109375000000000e+01
-3.540039062500000000e+01
-3.845214843750000000e+01
-3.814697265625000000e+01
-4.089355468750000000e+01
-4.150390625000000000e+01
-4.272460937500000000e+01
-4.302978515625000000e+01
-4.394531250000000000e+01
-4.608154296875000000e+01
-4.699707031250000000e+01
-4.669189453125000000e+01
-4.821777343750000000e+01
-4.974365234375000000e+01
-4.974365234375000000e+01
-5.035400390625000000e+01
-5.157470703125000000e+01
-5.249023437500000000e+01
-5.279541015625000000e+01
-5.340576171875000000e+01
-5.554199218750000000e+01
-5.554199218750000000e+01
-5.706787109375000000e+01
-5.889892578125000000e+01
-5.706787109375000000e+01
-5.889892578125000000e+01
-5.889892578125000000e+01
-5.950927734375000000e+01
-5.950927734375000000e+01
-6.256103515625000000e+01
-6.042480468750000000e+01
-6.378173828125000000e+01
-6.195068359375000000e+01
-6.408691406250000000e+01
-6.469726562500000000e+01
-6.500244140625000000e+01
-6.622314453125000000e+01
-6.652832031250000000e+01
-6.652832031250000000e+01
-6.713867187500000000e+01
-6.744384765625000000e+01
-6.835937500000000000e+01
-6.866455078125000000e+01
-6.774902343750000000e+01
-6.866455078125000000e+01
-6.805419921875000000e+01
-6.866455078125000000e+01
-6.927490234375000000e+01
-7.202148437500000000e+01
-6.958007812500000000e+01
-7.171630859375000000e+01
-7.019042968750000000e+01
-7.171630859375000000e+01
-7.049560546875000000e+01
-7.354736328125000000e+01
-7.293701171875000000e+01
-7.354736328125000000e+01
-7.141113281250000000e+01
-7.293701171875000000e+01
-7.385253906250000000e+01
-7.354736328125000000e+01
-7.232666015625000000e+01
-7.354736328125000000e+01
-7.415771484375000000e+01
-7.385253906250000000e+01
-7.446289062500000000e+01
-7.476806640625000000e+01
-7.415771484375000000e+01
-7.354736328125000000e+01
-7.476806640625000000e+01
-7.507324218750000000e+01
-7.354736328125000000e+01
-7.415771484375000000e+01
-7.537841796875000000e+01
-7.507324218750000000e+01
-7.537841796875000000e+01
-7.385253906250000000e+01
-7.446289062500000000e+01
-7.446289062500000000e+01
-7.415771484375000000e+01
-7.537841796875000000e+01
-7.476806640625000000e+01
-7.324218750000000000e+01
-7.354736328125000000e+01
-7.446289062500000000e+01
-7.476806640625000000e+01
-7.354736328125000000e+01
-7.446289062500000000e+01
-7.507324218750000000e+01
-7.385253906250000000e+01
-7.507324218750000000e+01
-7.537841796875000000e+01
-7.537841796875000000e+01
-7.446289062500000000e+01
-7.507324218750000000e+01
-7.415771484375000000e+01
-7.537841796875000000e+01
-7.476806640625000000e+01
-7.598876953125000000e+01
-7.476806640625000000e+01
-7.537841796875000000e+01
-7.568359375000000000e+01
-7.720947265625000000e+01
-7.629394531250000000e+01
-7.537841796875000000e+01
-7.537841796875000000e+01
-7.781982421875000000e+01
-7.568359375000000000e+01
-7.476806640625000000e+01
-7.537841796875000000e+01
-7.598876953125000000e+01
-7.537841796875000000e+01
-7.537841796875000000e+01
-7.629394531250000000e+01
-7.659912109375000000e+01
-7.781982421875000000e+01
-7.537841796875000000e+01
-7.568359375000000000e+01
-7.629394531250000000e+01
-7.659912109375000000e+01
-7.720947265625000000e+01
-7.598876953125000000e+01
-7.537841796875000000e+01
-7.598876953125000000e+01
-7.537841796875000000e+01
-7.720947265625000000e+01
-7.476806640625000000e+01
-7.690429687500000000e+01
-7.568359375000000000e+01
-7.690429687500000000e+01
-7.537841796875000000e+01
-7.690429687500000000e+01
-7.720947265625000000e+01
-7.751464843750000000e+01
-7.568359375000000000e+01
-7.537841796875000000e+01
-7.720947265625000000e+01
-7.720947265625000000e+01
-7.507324218750000000e+01
-7.690429687500000000e+01
-7.598876953125000000e+01
-7.537841796875000000e+01
-7.659912109375000000e+01
-7.446289062500000000e+01
-7.812500000000000000e+01
-7.629394531250000000e+01
-7.751464843750000000e+01
-7.659912109375000000e+01
-7.751464843750000000e+01
-7.446289062500000000e+01
