-76.54840289059
-76.54840289059
-76.54840289059
-76.54586373089
-76.54332291643
-76.54078046983001
-76.53823641355
-76.53569076995
-76.53314356122
-76.53059480943001
-76.52804453649
-76.52549276421
-76.52293951423
-76.52038480808001
-76.51782866715999
-76.51527111271
-76.51271216586
-76.51015184763
-76.50759017886
-76.50502718032
-76.50246287261
-76.49989727623
-76.49733041153002
-76.49476229877
-76.49219295806
-76.4896224094
-76.48705067266
-76.48447776761
-76.48190371387
-76.47932853097
-76.47675223831
-76.47417485516
-76.47159640071
-76.46901689399999
-76.46643635398
-76.46385479946
-76.46127224917
-76.4586887217
-76.45610423555999
-76.45351880911
-76.45093246063
-76.44834520829001
-76.44575707015001
-76.44316806415
-76.44057820814
-76.43798751986
-76.43539601694
-76.43280371691
-76.43021063721
-76.42761679515999
-76.42502220798
-76.4224268928
-59.78699328903001
-2.217631229815
4.546019429543
16.474016584370002
22.13888127739
25.07926490481
26.463970039120003
27.05198323676
27.32641959382
27.54562335545
27.80098677691
28.11397492394
28.476075918840003
28.86897410584
29.273269009490004
29.671718613670002
30.05031173085
30.39794349288
30.70661343868
30.97134109095
31.189760160990005
31.36234062308
31.49195936148
31.583335309099997
31.6422330039
31.67493977749
31.68840712763
31.68853855939
31.680939715479997
31.670018556140004
31.65978253464
31.65330280622
31.652563224690002
31.65924149925
31.67430755959
31.69827228698
31.731216896670002
31.772944256159995
31.823042385540003
31.880942802379998
31.94597100126
32.01738625574001
32.094415044890006
32.17627271157
32.26218253891
32.35138962211
32.44317069249
32.53684058699
32.63175542197
32.72731519558
32.822965358850006
32.91819682124
33.01254486736
33.105587573179996
33.196944029179996
33.286272414109995
33.37326789686
33.45766040299
33.53921233291
33.617716308329996
33.69299298402
33.76488893495
33.83327462415
33.898042460229995
33.95910495383
34.01639297805
34.06985413280999
34.119451211729995
34.16516076432
34.20697175967
34.24488434169
34.27890867141
34.30906385362
34.33537694431
34.35788203445
34.376619405540005
34.391634752209995
34.40297846822
34.4107049917
34.414872206
34.41554089246
34.41277423152
34.40663734896
34.397196903979996
34.38452071630999
34.36867742932
34.3497362067
34.32776645971
34.30283760395
34.27501884154
34.24437896749
34.21098619874
34.17490802379
34.13621107099001
34.09496099395
34.05122237266
34.00505862888
33.95653195461
33.905703252399995
33.85263208639
33.79737664304
33.739993700620005
33.68053860666
33.6190652624
33.55562611365
33.49027214729
33.423052892790004
33.35401642827
33.28320939044
33.210676987940005
33.136463017809994
33.060609884490006
32.98315862115
32.904148912909996
32.82361912168
32.74160631229
32.65814627986
32.57327357789
32.48702154718
32.39942234513
32.31050697549
32.22030531822
32.1288461595
32.03615722164
31.94226519291
31.847195757070004
31.750973622679997
31.65362255203
31.555165389540004
31.455624089820002
31.35501974512
31.25337261234
31.150702139299998
31.04702699058
30.942365072590004
30.83673355809
30.73014891005
30.622626904809998
30.514182654659997
30.40483062968
30.294584679009997
30.18345805135
30.07146341497
29.95861287691
29.844918001679996
29.73038982927
29.615038892540003
29.49887523408
29.381908422409996
29.26414756758
29.14560133632
29.02627796657
28.906185281459997
28.78533070277
28.663721263970004
28.54136362263
28.418264072459998
28.294428554840003
28.169862669890005
28.04457168713
27.918560555740005
27.791833914290002
27.66439610024
27.53625115896
27.40740285235
27.277854667179998
27.14760982306
27.016671280029996
26.885041745869998
26.75272368309
26.619719315620003
26.486030635170003
26.35165940739
26.216607177660002
26.08087527669
25.94446482584
25.807376742189998
25.669611743389996
25.53117035226
25.39205290118
25.252259536289998
25.111790221429995
24.970644741970002
24.82882270831
24.68632355935
24.543146565679997
24.399290832600002
24.254755303049997
24.10953876026
23.963639830360002
23.81705698473
23.6697885423
23.52183267163
23.37318739289
23.2238505797
23.073819960820003
22.92309312174
22.77166750611
22.61954041709
22.46670901854
22.31317033613
22.15892125831
22.003958537189998
21.84827878927
21.69187849616
21.53475400505
21.376901529229997
21.21831714839
21.05899645573
20.898934005
20.73812324914
20.57655718429
20.41422913862
20.25113257263
20.08726079286
19.92260683697
19.757162384609998
19.59092057707
19.42387462317
19.25601730024
19.0873411647
18.91783861851
18.74750417635
18.576328722550002
18.4043033524
18.23141978889
18.05766984165
17.883045194989997
17.70753735796
17.53113766883
17.35383730808
17.17562730542
16.99649853989
16.81644173636
16.63544746088
16.45350611646
16.27060793998
16.086742995599998
15.901901172589998
15.71607218151
15.52924554956
15.3414106159
15.152556526960002
14.962672231700001
14.771746476720002
14.579767801229998
14.38672456546
14.19260488063
13.99739660252
13.80108737008
13.60366460474
13.40511547869
13.205426911260002
13.004585588469999
12.802577935599999
12.59939010433
12.39500796776
12.18941711286
11.98260283493
11.774550130010002
11.56524368625
11.3546678749
11.14280674101
10.929644047019998
10.71516316162
10.499347047030001
10.2821783176
10.06363923743
9.843711690211999
9.622377153655
9.399616684981
9.175410911337
8.949740019155
8.722583740418
8.493921336816
8.263731583286999
8.031992751652
7.798682593450001
7.56377829373
7.3272564744710005
7.089093236189999
6.849264085971
6.607743901265
6.364506910813001
6.1195266757099995
5.87277606699
5.624227353451
5.373851959837
5.121620433465
4.867502561438
4.611467354859
4.353482975218
4.0935166732359995
3.831534750049
3.567502525643
3.301384302938
3.033143325457
2.7627417301359998
2.490140498334
2.215299405045
1.9381769655880001
1.6587303791980001
1.3769154692530001
1.092686620036
0.8059967098901999
0.5167970405645
0.22503726246660002
-0.06933470443907001
-0.36637275437079997
-0.6661326843893001
-0.9686722882809999
-1.2740514559890002
-1.582332278929
-1.893579161548
-2.2078589395
-2.525241004814
-2.8457974378890003
-3.16960314917
-3.4967360273290002
-3.827277096072
-4.161310680501001
-4.498924583223
-4.840210270351
-5.18526306774
-5.534182367940001
-5.887071848250001
-6.244039700187
-6.6051988705780005
-6.970667314379
-7.3405682592620005
-7.715030481844
-8.09418859527
-8.478183347636
-8.867161930485999
-9.26127829629
-9.660693483463
-10.06557594286
-10.47610187982
-10.89245558638
-11.31482976935
-11.74342587276
-12.178454388410001
-12.620135146840001
-13.06869758103
-13.524380954689999
-13.98743454558
-14.45811777296
-14.93670025674
-15.42346179474
-15.918692243170002
-16.42269128421
-16.93576806379
-17.45824068201
-17.99043551795
-18.53268637071
-19.085333398720003
-19.64872179495
-20.223200347029998
-20.80911967016
-21.406830153279998
-22.01667963561
-22.63901105694
-23.27415921459
-23.92244722936
-24.584183263200003
-25.259656916329998
-25.949134745440002
-26.6528551897
-27.37102333001
-28.103805350620004
-28.85132249452
-29.613644810220002
-30.39078441725
-31.18268690697
-31.98922424163
-32.81019841324
-33.64534065029
-34.494297975100004
-35.35663138593
-36.2318468554
-37.11940668106
-38.01871914734
-38.929174122190005
-39.85023110076
-40.78141216415
-41.72227434446
-42.672494787240005
-43.63194468058
-44.60066465807
-45.57880783425
-46.56662258694
-47.56445976378
-48.57270556175
-49.59164576764
-50.621323743000005
-51.66147532631
-52.71146451199
-53.77012216233
-54.83568267234
-55.90577337106999
-56.97742411751
-58.047118292680004
-59.110878775109995
-60.16426524507
-61.19960111327
-62.21596971215
-63.207862392180004
-64.17105718926999
-65.101752339
-65.99681812164
-66.85286438931
-67.66727197293
-68.43794737444999
-69.16352474059
-69.84314204361999
-70.47667311155
-71.06446436816
-71.60739441064
-72.10674057768
-72.56432562325
-72.98202244252
-73.36215731646
-73.70712397966999
-74.01907884433001
-74.300696295
-74.55442019086
-74.78264079389
-74.98735889225
-75.17090866027
-75.33522967259
-75.48233530034
-75.61387849168
-75.73143633238001
-75.83650372928001
-75.93023840868
-76.01395791982
-76.08870246185
-76.15550627264
-76.21515689769
-76.26846860897
-76.31615530503001
-76.35879007663
-76.39695548537
-76.43115686396999
-76.46179429125999
-76.4892814063
-76.51397748999001
-76.53622320011
-76.55625370697
-76.5743009927
-76.59051771117
-76.60514711425999
-76.61839096378
-76.63040332198001
-76.64131488404
-76.65124278335999
-76.66029296114
-76.66856061578
-76.67613077186999
-76.68307919032
-76.6894733837
-76.69537356561999
-76.70083348569
-76.70590115636
-76.71061948806
-76.7150268483
-76.71915820269
-76.7230441103
-76.72671139786999
-76.73018446
-76.73348552409
-76.73663457047
-76.73964941528001
-76.7425459616
-76.74533846471
-76.74803973106
-76.75066126160999
-76.75321337304
-76.75570531356
-76.7581453721
-76.76054097668
-76.76289878061999
-76.76522473856
-76.76752417441999
-76.76980184262
-76.77206198318001
-76.77430835364001
-76.77654428283
-76.77877276869
-76.7809964632
-76.7832176918
-76.7854384878
-76.78766062465
-76.78988564252
-76.79211487048
-76.79434944595
-76.79659033218
-76.79883833411999
-76.80109411304
-76.8033581997
-76.80563100645
-76.80791283816
-76.81020390228001
-76.81250431793
-76.81481412420999
-76.81713328786999
-76.81946172062
-76.82179926261
-76.82414569166
-76.8265007445
-76.82886412146
-76.83123548516
-76.83361446194
-76.83600064612
-76.83839360466999
-76.84079288087
-76.84319799712
-76.8456084574
-76.84802374964
-76.85044334803
-76.85286671516
-76.85529330369
-76.85772255849
-76.86015391837
-76.86258681721999
-76.86502068521999
-76.86745495013001
-76.86988903871
-76.87232237776
-76.87475439494
-76.87718451954001
-76.87961218343
-76.88203682181
-76.88445787386
-76.88687478335
-76.88928699915
-76.89169397578
-76.89409517377
-76.89649006020001
-76.89887810908002
-76.90125880164001
-76.90363162651
-76.90599608008
-76.9083516668
-76.91069789933
-76.91303429873
-76.91536039460999
-76.91767572528
-76.91997983785
-76.9222722884
-76.92455264197
-76.92682047266999
-76.92907536373
-76.93131690753
-76.9335447056
-76.93575836868
-76.93795751668
-76.94014177869
-76.94231079294
-76.94446420679
-76.9466016767
-76.94872286814
-76.9508274556
-76.95291512250999
-76.95498556113
-76.95703847257
-76.95907356663
-76.96109056178001
-76.96308918506
-76.96506917197
-76.96703026640999
-76.96897222060001
-76.97089479494001
-76.97279775791999
-76.97468088606999
-76.9765439638
-76.97838678332
-76.98020914452
-76.9820108549
-76.98379172941
-76.98555159037
-76.98729026734999
-76.98900759709001
-76.99070342331
-76.9923775967
-76.99402997472
-76.99566042153
-76.99726880787
-76.99885501095001
-77.00041891433001
-77.00196040779001
-77.00347938726
-77.00497575468
-77.00644941788
-77.00790029049
-77.00932829181
-77.01073334672
-77.01211538554
-77.01347434396
-77.01481016291
-77.01612278844
-77.01741217163
-77.0186782685
-77.01992103986
-77.02114045126
-77.02233647284001
-77.02350907926999
-77.0246582496
-77.02578396721
-77.02688621969
-77.02796499873
-77.02902030006
-77.03005212329
-77.03106047189999
-77.03204535309
-77.03300677770001
-77.03394476013
-77.03485931822
-77.03575047323001
-77.03661824968
-77.03746267529
-77.03828378093
-77.03908160047
-77.03985617076
-77.04060753153001
-77.04133572529
-77.04204079726999
-77.04272279535
-77.04338176997
-77.04401777408
-77.04463086303001
-77.04522109452
-77.04578852853001
-77.04633322725
-77.04685525501
-77.04735467821999
-77.04783156528
-77.04828598655
-77.04871801427
-77.04912772249
-77.04951518701
-77.04988048535
-77.05022369666
-77.05054490165999
-77.0508441826
-77.05112162322
-77.05137730864
-77.05161132538
-77.05182376125
-77.05201470531999
-77.05218424788
-77.05233248038
-77.05245949537
-77.05256538648001
-77.05265024837
-77.05271417665
-77.05275726789
-77.05277961954
-77.05278132989001
-77.05276249805
-77.0527232239
-77.05266360802
-77.05258375173
-77.05248375695
-77.05236372625
-77.05222376278
-77.05206397023001
-77.05188445279
-77.05168531514
-77.05146666243
-77.05122860019
-77.05097123435
-77.05069467121
-77.05039901737
-77.05008437974
-77.0497508655
-77.04939858209
-77.04902763714
-77.04863813848
-77.04823019412
-77.0478039122
-77.04735940099
-77.04689676883001
-77.04641612415999
-77.04591757547
-77.04540123128
-77.0448672001
-77.04431559047
-77.04374651085999
-77.04316006971999
-77.04255637543
-77.04193553628001
-77.04129766045999
-77.04064285606
-77.03997123101999
-77.03928289314
-77.03857795004001
-77.03785650919001
-77.03711867785
-77.03636456307
-77.03559427169
-77.03480791033002
-77.03400558533001
-77.03318740281
-77.03235346861
-77.03150388827
-77.03063876708
-77.02975820999
-77.02886232166
-77.02795120643
-77.02702496831999
-77.02608371096998
-77.02512753773
-77.02415655154999
-77.02317085504001
-77.02217055042
-77.02115573955999
-77.02012652392
-77.01908300456999
-77.0180252822
-77.01695345707
-77.01586762904
-77.01476789755999
-77.01365436165
-77.01252711991
-77.01138627049
-77.01023191113
-77.00906413911
-77.00788305126
-77.00668874398
-77.0054813132
-77.00426085441
-77.00302746262
-77.00178123239
-77.00052225781
-76.99925063249
-76.9979664496
-76.99666980179
-76.99536078128
-76.99403947978
-76.99270598853
-76.99136039829
-76.99000279933
-76.98863328144
-76.98725193391999
-76.98585884558001
-76.98445410476
-76.98303779928
-76.98161001649
-76.98017084325
-76.97872036592
-76.97725867035999
-76.97578584196
-76.9743019656
-76.97280712568
-76.97130140609
-76.96978489024
-76.96825766104999
-76.96671980094
-76.96517139185
-76.96361251521999
-76.96204325199001
-76.96046368263
-76.95887388711
-76.95727394491999
-76.95566393505
-76.95404393601
-76.95241402583
-76.95077428206
-76.94912478174
-76.94746560146
-76.94579681731
-76.94411850492
-76.94243073941
-76.94073359545999
-76.93902714725
-76.93731146851
-76.93558663246999
-76.9338527119
-76.93210977913
-76.93035790597
-76.92859716383
-76.92682762359
-76.92504935573001
-76.92326243021999
-76.92146691660999
-76.91966288398001
-76.91785040095999
-76.91602953571
-76.91420035598
-76.91236292904
-76.91051732173
-76.90866360043
-76.90680183111
-76.90493207927
-76.90305441
-76.90116888794
-76.89927557729999
-76.89737454186
-76.89546584498
-76.89354954959
-76.89162571819
-76.88969441288
-76.88775569532
-76.88580962677
-76.88385626806
-76.88189567962
-76.87992792148
-76.87795305325
-76.87597113412
-76.87398222293
-76.87198637806
-76.86998365754
-76.86797411898
-76.8659578196
-76.86393481624
-76.86190516535
-76.85986892299
-76.85782614483001
-76.85577688619
-76.85372120198001
-76.85165914674
-76.84959077466
-76.84751613953
-76.84543529479001
-76.84334829351
-76.84125518839001
-76.83915603178
-76.83705087566999
-76.83493977167
-76.83282277108
-76.83069992481
-76.82857128344
-76.82643689718999
-76.82429681595
-76.82215108925999
-76.81999976633
-76.817842896
-76.81568052681999
-76.81351270697
-76.81133948433
-76.80916090643001
-76.80697702048
-76.80478787336
-76.80259351164001
-76.80039398157
-76.79818932908
-76.79597959976999
-76.79376483896
-76.79154509163
-76.78932040245999
-76.78709081583
-76.78485637582
-76.7826171262
-76.78037311044001
-76.77812437170999
-76.77587095289
-76.77361289658
-76.77135024505999
-76.76908304035
-76.76681132416999
-76.76453513795
-76.76225452284001
-76.75996951973
-76.7576801692
-76.75538651157
-76.75308858689
-76.75078643494001
-76.74848009520001
-76.74616960693001
-76.74385500908001
-76.74153634035
-76.7392136392
-76.73688694379001
-76.73455629205999
-76.73222172167
-76.72988327002
-76.72754097429
-76.72519487136
-76.72284499791999
-76.72049139034999
-76.71813408484
-76.71577311731
-76.71340852343
-76.71104033865
-76.70866859817
-76.70629333696
-76.70391458976
-76.70153239106
-76.69914677513
-76.69675777602
-76.69436542753
-76.69196976327
-76.68957081658002
-76.68716862061
-76.68476320828
-76.68235461229999
-76.67994286515
-76.67752799909
-76.67511004619
-76.67268903829
-76.67026500701
-76.66783798379001
-76.66540799983001
-76.66297508615
-76.66053927355
-76.65810059264
-76.65565907381
-76.65321474727
-76.65076764301999
-76.64831779087
-76.64586522041999
-76.64340996109999
-76.64095204213
-76.63849149254001
-76.63602834118
-76.63356261671
-76.63109434759
-76.62862356212
-76.62615028839001
-76.62367455431999
-76.62119638765
-76.61871581593999
-76.61623286658
-76.61374756676
-76.61125994350999
-76.6087700237
-76.60627783399
-76.60378340090999
-76.60128675079001
-76.5987879098
-76.59628690395
-76.59378375906999
-76.59127850084
-76.58877115476
-76.58626174619
-76.5837503003
-76.58123684211999
-76.57872139652
-76.57620398819999
-76.57368464173
-76.57116338148
-76.56864023170999
-76.56611521651
-76.5635883598
-76.56105968539
-76.55852921691
-76.55599697784001
-76.55346299152
