-74.35791513688001
-74.35673877448001
-74.35791513688001
-74.35673877448001
-74.35556442842
-74.3543920972
-74.35322177926999
-74.35205347311
-74.35088717718
-74.34972288995999
-74.34856060989999
-74.34740033546
-74.34624206509
-74.34508579726
-74.3439315304
-74.34277926293001
-74.34162899323
-74.34048071976
-74.33933444118
-74.33819015572
-74.33704786189999
-74.33590755816
-74.33476924292
-74.33363291457
-74.33249857151999
-74.33136621215
-74.33023583508
-74.32910743856
-74.32798102102
-74.32685658089001
-74.32573411656
-74.32461362644
-74.32349510891
-74.32237856234
-74.32126398509
-74.32015137577
-74.31904073259
-74.31793205371
-74.31682533767
-74.31572058293
-74.31461778789
-74.31351695091999
-74.3124180704
-74.31132114519
-74.31022617338
-74.30913315315
-74.30804208283001
-74.30695296054
-74.30586578471
-74.30478055384
-74.30369726632
-74.3026159205
-57.38812723532
4.18286776824
8.223964332245
20.01800725305
25.83398842098
28.61589803211
29.7816633515
30.262535724740005
30.546150823770002
30.82469430842
31.15593436791
31.530840437720002
31.92659368811
32.318368117640006
32.6840660581
33.0071282683
33.27587653247
33.48502502638
33.63371120422
33.72629226815
33.77089887195
33.77665494462
33.75377389575
33.71307529084
33.66405137689
33.61378846157
33.56916571295
33.53489395534
33.51426905288
33.509447604120005
33.521397240009996
33.55033066398
33.59591186907
33.6573066204
33.733422043329995
33.82299739639
33.92464277479
34.036946557209994
34.15850516597
34.28795360102
34.42394564954
34.5652858705
34.71081633862
34.85958918113
35.010567333270004
35.162864731309995
35.3157006908
35.46828700399
35.62000359133
35.770320923209994
35.91869421213
36.06465760118
36.20783397577
36.34787256358
36.48446599056
36.61734517528
36.74627519828
36.8711022304
36.99168113965
37.107919324490005
37.21966943612
37.32683299307
37.42935780380999
37.52721523309
37.62039139078
37.70888527032
37.79270838415
37.871884075459995
37.946446397769996
38.016438831559995
38.08191304193
38.14292775968
38.19954779106
38.251843132759994
38.29988817025
38.34376094693
38.3835426376
38.41931658272
38.45116797539
38.4791834113
38.50345042931
38.524057096599996
38.54109164647
38.55464216227
38.56479629948
38.571641040740005
38.57526248056
38.57574563712
38.57317428889
38.5676308341
38.55919617088
38.54794959626
38.533968722270004
38.51732940744
38.4981057023
38.47636980737
38.45219202806
38.425640788529996
38.39678260067
38.36568205657
38.33240183303
38.29700270268
38.25954354996
38.22008139141
38.17867139993
38.13536693262
38.09021956161
38.04327910762
37.99459367562
37.94420969228
37.892171944859996
37.83852362125
37.783306350770005
37.726560245609996
37.66832394269
37.60863487436
37.54752885274
37.48504012875
37.421201751729996
37.35604562852
37.28960246663
37.221901760259996
37.1529718326
37.0828398934
37.01153208624
36.93907352463
36.865488324640005
36.79079963849001
36.71502968882
36.638199802529996
36.560330443329995
36.48144124295
36.40155103142
36.32067786645
36.23883906187
36.1560512152
36.07233023429001
35.98769136298
35.902149205869996
35.8157177523
35.72841039945
35.64023997454
35.55121875627
35.461358495409996
35.37067043466
35.27916532777
35.18685345785
35.09374465503
34.999848313440005
34.90517340748
34.809728507470005
34.71352179467
34.61656107569
34.51885379633
34.420407054840005
34.32122761467
34.22132191667
34.120696090749995
34.01935596715
33.91730708714
33.81455471334
33.71110383962
33.60695920047
33.50212528012
33.39660632116
33.29040633283
33.183529098979996
33.07597818565
32.96775694835
32.85886853897
32.74931591251
32.639101833320005
32.52822888130999
32.41669945765
32.304515790399996
32.191679939749996
32.07819380318
31.96405912021
31.849277477079998
31.733850311140003
31.617778915069998
31.50106444092
31.38370790392
31.26570997316
31.14707054789
31.02778857945
30.90786245718
30.787290626149996
30.66607182652
30.54420482271
30.421688017790004
30.29851961723
30.174697819349998
30.050220848859997
29.92508652157
29.799292987640005
29.67283836808
29.545720630079998
29.41793764223
29.28948719269
29.160367669979998
29.030576396540003
28.90011068718
28.76896798689
28.63714527865
28.504640044290003
28.371449746
28.23757165706
28.103002941679996
27.967740679740004
27.831782749699997
27.69512562481
27.55776582351
27.419700068839997
27.280924513309998
27.141435954650003
27.00123118691
26.86030677435
26.71865915423
26.576284669710002
26.433179580380003
26.289340065429997
26.14476222439
25.999443238789997
25.85337842541
25.70656318136
25.558993201429995
25.41066346987
25.26156982849
25.1117081118
24.9610738629
24.8096624708
24.65746921374
24.504490671459997
24.350721155669998
24.19615509974
24.040787319960003
23.88461178716
23.72762349558
23.56981742467
23.4111882112
23.251730313320003
23.09143806139
22.930307343249996
22.768331314179996
22.605503311870002
22.44181713696
22.27726662473
22.111845491350003
21.945547309970003
21.77836552085
21.61029344048
21.441324264400002
21.27145106625
21.1006667957
20.92896427498
20.75633619686
20.58277512214
20.408273477029997
20.2328235505
20.05641749153
19.87904730631
19.700704855370002
19.52138185062
19.34106985228
19.159760265739997
18.977444338279998
18.79411315575
18.60975763908
18.42436854077
18.23793644115
18.05045174463
17.861904675770003
17.67228527525
17.481583396199998
17.28978869862
17.096890645779997
16.9028784997
16.7077413164
16.5114679743
16.314047104929998
16.11546708697
15.91571608498
15.714782048810001
15.512652682529998
15.309315441220003
15.10475755059
14.89896598031
14.691927431660002
14.48362833231
14.274054831199999
14.063192792289998
13.85102783356
13.637545231160003
13.42272990757
13.206566486039998
12.98903928845
12.770132308469998
12.54982919069
12.328113220239999
12.10496731572
11.880374020569999
11.65431549204
11.426773488870001
11.197729358810001
10.96716402589
10.7350579774
10.50139125015
10.266143416210001
10.02929356786
9.790820302011
9.550701703851
9.308915329828
9.065438189832
8.820246728629
8.57331680623
8.324623677537
8.07414197103
7.821845666394
7.567708071035
7.31170179546
7.053798727474001
6.793970005081
6.5321859880340005
6.26841622794
6.0026294368210005
5.734793454065
5.464875211640001
5.192840697476
4.918654916895
4.6422818519660005
4.3636844186540005
4.08282442162
3.7996625065189997
3.5141581098369996
3.226269405248
2.935953247544
2.643165113366
2.347859038352
2.049987550548
1.749501599947
1.4463504839149999
1.140481768203
0.8318412032350999
0.5203726353539
0.2060179127008
-0.11128321460769999
-0.4315932003844
-0.7549768147466
-1.081501263378
-1.4112363141100002
-1.744254431275
-2.080630918302
-2.420444069062
-2.763775327663
-3.110709460532
-3.461334736505
-3.815743117674
-4.174030462197
-4.5362967392949995
-4.902646256553
-5.273187899916
-5.648035386907001
-6.027307533473
-6.411128534734
-6.799628259729
-7.192942560108
-7.591213592542
-7.994590154383
-8.40322803181
-8.817290359325
-9.236947989027
-9.662379867564
-10.093773418089999
-10.53132491725
-10.975239888499999
-11.425733472480001
-11.88303078196
-12.34736723846
-12.818988880580001
-13.29815263177
-13.785126515329999
-14.28018980361
-14.78363308708
-15.29575824653
-15.81687831055
-16.34731717885
-16.887409190859998
-17.4374985185
-17.99793836137
-18.56908992323
-19.151321148900003
-19.745005201629997
-20.350518662109998
-20.96823936979
-21.598544119689997
-22.24180592718
-22.898390912750003
-23.568654835780002
-24.252939266070005
-24.95156734485
-25.66483908378
-26.393026171070005
-27.136366271500002
-27.895056812300002
-28.66924825973
-29.459036950879998
-30.264457683459998
-31.08547644743
-31.921983800609997
-32.7737894294
-33.640618618299996
-34.52211198517
-35.417830479450004
-36.3272643573
-37.24984993053
-38.18499284446
-39.13210041443
-40.09061979204
-41.06007252726
-42.04009074274
-43.03045442255
-44.03111563675
-45.04219961033
-46.06398741128
-47.0968769559
-48.141311967250004
-49.197675010699996
-50.266167540830004
-51.346683735179994
-52.43868319408
-53.54104970795
-54.652016795579996
-55.76905985902
-56.88899764524
-58.008056224549996
-59.12192626511999
-60.2252490671
-61.31112500194
-62.37448856341
-63.41186044525
-64.41896660403
-65.39170340609
-66.325908563
-67.21839583716
-68.06606743848
-68.86678908801998
-69.61891206198001
-70.32155200327
-70.97461733680001
-71.57852544983001
-72.13426163844
-72.64342949276
-73.10805273105
-73.53032272556999
-73.91277063401
-74.25810622732
-74.56906116874
-74.84841438008
-75.09860764806999
-75.32236153205
-75.52220521692
-75.70027975271
-75.85890465764
-76.00007080384
-76.12545551647
-76.23681666325
-76.33571192303
-76.42342293769
-76.50120278035
-76.57022257765
-76.63135467468
-76.6855366584
-76.73354030978001
-76.77612549984
-76.81386581377
-76.84733472863
-76.87697132163
-76.90321390195
-76.92647914795
-76.94711118621
-76.96540676313
-76.98162823468
-76.99600917493
-77.00875731731999
-77.0200569825
-77.03007150261999
-77.03894557765
-77.04680744256
-77.05377079569
-77.05993649451
-77.06539404511
-77.07022291344
-77.07449368142
-77.07826906716998
-77.08160482529999
-77.08455054148001
-77.08715030299
-77.08944339658001
-77.09146480571
-77.09324568504
-77.09481379111999
-77.09619386379
-77.09740796191
-77.0984757592
-77.09941480568001
-77.10024075929
-77.10096759125
-77.10160776824999
-77.10217241420999
-77.10267145384
-77.10311374036999
-77.10350716901999
-77.10385877797
-77.1041748383
-77.10446093411
-77.10472203396
-77.10496255189
-77.10518641113
-77.10539709071
-77.1055976701
-77.10579092768
-77.10597925196001
-77.10616469084
-77.10634907093001
-77.10653402164
-77.10672096594
-77.10691112673
-77.10710554943
-77.10730512602
-77.10751061268
-77.10772264265
-77.10794173731999
-77.10816831718999
-77.10840271224
-77.10864517129001
-77.10889587025
-77.10915491960999
-77.10942237091
-77.10969822293
-77.10998242724
-77.11027489314
-77.11057549224
-77.11088406241001
-77.1112004116
-77.11152432107
-77.11185554855
-77.1121938309
-77.11253888669
-77.11289041842
-77.11324811459001
-77.1136116516
-77.11398069544
-77.1143549032
-77.11473392455
-77.11511740295
-77.11550497681999
-77.11589628064
-77.11629094584
-77.11668860174
-77.11708887628001
-77.11749139678001
-77.11789579056
-77.11830168555001
-77.11870871084001
-77.11911649711
-77.11952467716
-77.1199328862
-77.12034076229
-77.12074794664001
-77.12115408390001
-77.1215588224
-77.12196181443001
-77.12236271641
-77.12276118912
-77.12315689783001
-77.12354951245
-77.1239387077
-77.12432416316
-77.12470556344
-77.12508259823001
-77.12545496236
-77.12582235589001
-77.12618448415999
-77.12654105781999
-77.12689179287
-77.12723641067
-77.12757463799
-77.127906207
-77.12823085526
-77.12854832576001
-77.12885836686
-77.12916073234
-77.12945518132
-77.12974147828
-77.13001939304
-77.13028870069
-77.13054918159
-77.13080062136
-77.13104281078
-77.13127554581
-77.13149862749
-77.13171186196999
-77.13191506038
-77.13210803886
-77.13229061845
-77.13246262508001
-77.1326238895
-77.13277424722
-77.13291353848001
-77.13304160816
-77.13315830577
-77.13326348533
-77.13335700539001
-77.1334387289
-77.13350852319
-77.13356625993
-77.133611815
-77.1336450685
-77.13366590467
-77.13367421182
-77.13366988225
-77.13365281226
-77.133622902
-77.13358005549
-77.1335241805
-77.13345518853001
-77.13337299471
-77.1332775178
-77.13316868007
-77.13304640726999
-77.13291062858
-77.13276127651
-77.13259828691
-77.13242159884
-77.13223115455999
-77.13202689945
-77.13180878197
-77.13157675359
-77.13133076873
-77.13107078473
-77.13079676176
-77.1305086628
-77.13020645355999
-77.12989010244
-77.12955958048
-77.12921486127
-77.12885592097
-77.12848273819999
-77.12809529399999
-77.12769357179
-77.12727755733
-77.12684723864
-77.12640260598
-77.12594365178
-77.12547037063001
-77.12498275917
-77.12448081611
-77.12396454214
-77.12343393991999
-77.12288901399
-77.12232977078
-77.12175621851
-77.12116836719
-77.12056622858
-77.1199498161
-77.11931914486999
-77.11867423156001
-77.11801509448001
-77.11734175341
-77.11665422968001
-77.11595254604
-77.11523672668
-77.11450679717
-77.11376278441
-77.11300471664
-77.11223262336
-77.11144653531
-77.11064648446
-77.10983250393001
-77.10900462800001
-77.10816289205
-77.10730733255001
-77.10643798701
-77.10555489396
-77.10465809292
-77.10374762436999
-77.10282352972
-77.10188585127
-77.10093463220001
-77.09996991655
-77.09899174917
-77.09800017568001
-77.0969952425
-77.09597699678001
-77.09494548639
-77.09390075987
-77.09284286647
-77.09177185605
-77.09068777911
-77.08959068674
-77.08848063061
-77.08735766295
-77.08622183653002
-77.08507320461
-77.08391182096999
-77.08273773985
-77.08155101596
-77.08035170441
-77.07913986076001
-77.07791554095999
-77.07667880133
-77.07542969856
-77.07416828969
-77.07289463209001
-77.07160878341
-77.07031080165
-77.06900074504
-77.06767867210999
-77.06634464163
-77.06499871259
-77.06364094422
-77.06227139595
-77.06089012741
-77.05949719841
-77.0580926689
-77.05667659903001
-77.05524904906
-77.05381007938
-77.05235975052
-77.05089812309
-77.04942525781999
-77.0479412155
-77.04644605701999
-77.04493984330999
-77.04342263536999
-77.04189449422
-77.04035548094
-77.03880565662
-77.03724508236
-77.03567381929
-77.0340919285
-77.0324994711
-77.03089650816999
-77.02928310074999
-77.02765930986
-77.02602519648
-77.02438082153
-77.02272624587
-77.0210615303
-77.01938673555
-77.01770192226999
-77.01600715101999
-77.01430248229
-77.01258797645
-77.01086369377
-77.00912969443
-77.00738603848
-77.00563278585
-77.00386999636
-77.00209772968
-77.00031604538
-76.99852500284
-76.99672466135
-76.99491508002
-76.99309631781
-76.99126843353001
-76.98943148584
-76.98758553321
-76.98573063397
-76.98386684627
-76.98199422807
-76.98011283716
-76.97822273116999
-76.97632396751
-76.97441660343
-76.97250069597
-76.970576302
-76.96864347817
-76.96670228095
-76.96475276659001
-76.96279499116
-76.9608290105
-76.95885488027
-76.9568726559
-76.9548823926
-76.9528841454
-76.95087796908001
-76.94886391823
-76.94684204720001
-76.94481241013
-76.94277506094
-76.94073005330999
-76.93867744073
-76.93661727644
-76.93454961344
-76.93247450453
-76.93039200225999
-76.92830215898
-76.92620502676
-76.92410065749
-76.92198910279001
-76.91987041406
-76.91774464248
-76.91561183896
-76.91347205420999
-76.91132533869
-76.90917174261999
-76.90701131598
-76.90484410853
-76.90267016979
-76.90048954902
-76.89830229526
-76.89610845730999
-76.89390808374
-76.89170122287
-76.88948792278
-76.88726823130999
-76.88504219608001
-76.88280986445
-76.88057128356999
-76.87832650031
-76.87607556134
-76.87381851306999
-76.87155540168
-76.86928627313
-76.86701117311
-76.86473014709
-76.86244324031999
-76.86015049778001
-76.85785196423001
-76.85554768422
-76.85323770202
-76.85092206171
-76.84860080709001
-76.84627398177
-76.84394162910999
-76.84160379223
-76.83926051403
-76.83691183718
-76.83455780410999
-76.83219845702
-76.82983383789
-76.82746398848
-76.82508895031
-76.82270876465999
-76.82032347261
-76.817933115
-76.81553773245
-76.81313736535
-76.81073205388
-76.80832183799
-76.8059067574
-76.80348685162
-76.80106215994999
-76.79863272144
-76.79619857495999
-76.79375975913
-76.79131631237
-76.78886827288
-76.78641567866
-76.78395856747
-76.78149697688
-76.77903094423
-76.77656050667
-76.77408570112
-76.77160656429
-76.76912313270999
-76.76663544267
-76.76414353026999
-76.76164743141
-76.75914718176
-76.75664281681999
-76.75413437187
-76.75162188198001
-76.74910538203
-76.74658490671
-76.74406049049
-76.74153216766999
-76.73899997231999
-76.73646393834001
-76.73392409942
-76.73138048906999
-76.72883314059
-76.72628208712
-76.72372736156
-76.72116899667
-76.71860702499
-76.71604147889
-76.71347239053
-76.71089979191
-76.70832371483
-76.70574419091999
-76.70316125161
-76.70057492814999
-76.69798525163
-76.69539225293
-76.69279596278001
-76.69019641172
-76.68759363011
-76.68498764813
-76.68237849579
-76.67976620294
-76.67715079924
-76.67453231418
-76.67191077709
-76.66928621711
-76.66665866324
-76.66402814428001
-76.66139468889
-76.65875832553999
-76.65611908257
-76.65347698811
-76.65083207015999
-76.64818435655
-76.64553387495
-76.64288065285
-76.64022471761999
-76.63756609644
-76.63490481634
-76.63224090419001
-76.62957438672
-76.62690529049
-76.62423364192
-76.62155946725001
-76.61888279261
-76.61620364394
-76.61352204705
-76.6108380276
-76.6081516111
-76.6054628229
-76.60277168824
-76.60007823216
-76.59738247960999
-76.59468445536
-76.59198418404999
-76.58928169018
-76.5865769981
-76.58387013204
-76.58116111606
-76.57844997410999
-76.57573672998001
-76.57302140735
-76.57030402974
-76.56758462055001
-76.56486320302
-76.5621398003
-76.55941443537
-76.55668713109999
-76.55395791021
-76.55122679531999
-76.54849380888001
-76.54575897325
-76.54302231065
-76.54028384316
-76.53754359274001
-76.53480158124
-76.53205783038
-76.52931236173
-76.52656519678
-76.52381635687
-76.52106586322
-76.51831373694999
-76.51555999903
-76.51280467033001
-76.5100477716
-76.50728932349
-76.50452934649
-76.501767861
-76.49900488733
-76.49624044563001
-76.49347455595999
-76.49070723826
-76.48793851237
-76.48516839801
-76.48239691478001
-76.4796240822
-76.47684991964
-76.47407444639
-76.47129768162
-76.46851964441
-76.4657403537
-76.46295982837
-76.46017808715
-76.4573951487
-76.45461103155
-76.45182575414
-76.44903933482
-76.44625179181
-76.44346314325
-76.44067340718
-76.43788260151999
-76.43509074412
-76.4322978527
-76.42950394492
-76.4267090383
-76.42391315029
-76.42111629825
-76.41831849943001
-76.41551977098001
-76.41272012998
-76.40991959339
-76.40711817809
-76.40431590087
-76.40151277843
-76.39870882737
-76.3959040642
-76.39309850535
-76.39029216715001
-76.38748506585
-76.38467721760999
-76.38186863849
-76.37905934449
-76.3762493515
-76.37343867532
-76.3706273317
-76.36781533626
-76.36500270457
-76.36218945209
-76.35937559423
-76.35656114629
-76.3537461235
-76.35093054099
-76.34811441384
-76.34529775703
-76.34248058546
-76.33966291396
-76.33684475726999
-76.33402613006
-76.33120704692
-76.32838752236
-76.32556757082
-76.32274720664999
-76.31992644414001
-76.3171052975
-76.31428378087
-76.31146190829
-76.30863969375
-76.30581715116999
-76.30299429439
-76.30017113715999
-76.29734769319
-76.2945239761
-76.29169999944
-76.28887577668
-76.28605132124001
-76.28322664647
-76.28040176563
-76.27757669193001
-76.27475143849
-76.27192601839
-76.26910044463
-76.26627473014
-76.26344888778002
-76.26062293035999
-76.2577968706
-76.25497072118
-76.25214449469
-76.24931820368
-76.24649186062
-76.24366547793001
-76.24083906794
-76.23801264295
-76.23518621516999
-76.23235979676
-76.22953339983
-76.22670703641
-76.22388071848
-76.22105445794
-76.21822826667
-76.21540215644
-76.21257613899999
-76.20975022603001
-76.20692442914
-76.20409875989
-76.20127322978
-76.19844785026
-76.19562263271999
-76.19279758848
-76.18997272882
-76.18714806495
-76.18432360805001
-76.1814993692
-76.17867535946999
-76.17585158985
-76.17302807128
-76.17020481466
-76.1673818308
-76.1645591305
-76.16173672449
-76.15891462341999
-76.15609283794001
-76.1532713786
-76.15045025593001
-76.1476294804
-76.14480906241
-76.14198901233
-76.13916934048001
-76.13635005711
-76.13353117246
-76.13071269666
-76.12789463986
-76.12507701209
-76.1222598234
-76.11944308373
-76.11662680302
-76.11381099114
-76.1109956579
-76.1081808131
-76.10536646645001
-76.10255262764
-76.09973930631
-76.09692651205
-76.09411425441
-76.09130254288
-76.08849138692
-76.08568079593
-76.08287077929
-76.08006134630999
-76.07725250626
-76.07444426838
-76.07163664186
-76.06882963583
-76.0660232594
-76.06321752163
-76.06041243153001
-76.05760799807
-76.05480423018001
-76.05200113676
-76.04919872664
-76.04639700863001
-76.0435959915
-76.04079568396
-76.0379960947
-76.03519723235
-76.03239910553
-76.02960172278001
-76.02680509263
-76.02400922355
-76.021214124
-76.01841980236999
-76.01562626702
-76.01283352627
-76.01004158842
-76.00725046171
-76.00446015434
-76.0016706745
-75.9988820303
-75.99609422985
-75.9933072812
-75.99052119238002
-75.98773597136
-75.98495162611
-75.98216816451
-75.97938559446
-75.97660392379001
-75.9738231603
-75.97104331176
-75.9682643859
-75.96548639040999
-75.96270933295999
-75.95993322116999
-75.95715806263
-75.9543838649
-75.9516106355
-75.94883838192
-75.94606711160999
-75.94329683198
-75.94052755044001
-75.93775927431999
-75.93499201095
-75.93222576760999
-75.92946055157
-75.92669637002
-75.92393323018001
-75.92117113918
-75.91841010415
-75.91565013219
-75.91289123034001
-75.91013340565
-75.9073766651
-75.90462101565
-75.90186646424
-75.89911301776999
-75.89636068312
-75.89360946711
-75.89085937655
-75.88811041823001
-75.8853625989
-75.88261592526
-75.87987040402
-75.87712604181
-75.87438284528001
-75.87164082101
-75.86889997559
-75.86616031554
-75.86342184736999
-75.86068457757
-75.85794851259
-75.85521365885
-75.85248002274
-75.84974761063
-75.84701642886
-75.84428648373
-75.84155778153001
-75.83883032851
-75.83610413089
-75.83337919488001
-75.83065552663
-75.82793313229999
-75.82521201799
-75.8224921898
-75.81977365378
-75.81705641596999
-75.81434048237
-75.81162585896999
-75.80891255172
-75.80620056654
-75.80348990933001
-75.80078058596999
-75.79807260231
-75.79536596417
-75.79266067734
-75.78995674759
-75.78725418068001
-75.78455298231
-75.78185315818001
-75.77915471396
-75.77645765529999
-75.77376198781
-75.77106771707
-75.76837484868
-75.76568338815
-75.76299334101999
-75.76030471277
-75.75761750889
-75.7549317348
-75.75224739593
-75.74956449769
-75.74688304544
-75.74420304451999
-75.74152450028001
-75.73884741799
-75.73617180296
-75.73349766042
-75.7308249956
-75.72815381372
-75.72548411995999
-75.72281591948001
-75.72014921742
-75.71748401889
-75.71482032896999
-75.71215815274999
-75.70949749527
-75.70683836155
-75.70418075659
-75.70152468536
-75.69887015284
-75.69621716394
-75.69356572358001
-75.69091583666
-75.68826750803001
-75.68562074254001
-75.68297554502
-75.68033192026999
-75.67768987307
-75.67504940818
-75.67241053033001
-75.66977324423999
-75.6671375546
-75.6645034661
-75.66187098337
-75.65924011105
-75.65661085375
-75.65398321606
-75.65135720255
-75.64873281776
-75.64611006622
-75.64348895244001
-75.64086948090001
-75.63825165605999
-75.63563548236999
-75.63302096425001
-75.63040810611
-75.62779691233001
-75.62518738728001
-75.62257953529
-75.61997336068
-75.61736886777
-75.61476606084001
-75.61216494415
-75.60956552193001
-75.60696779843
-75.60437177784
-75.60177746434
-75.59918486211
-75.59659397528002
-75.59400480799
-75.59141736434
-75.58883164843
-75.58624766432
-75.58366541605
-75.58108490766999
-75.57850614319
-75.57592912659
-75.57335386186
-75.57078035294
-75.56820860378001
-75.5656386183
-75.56307040039
-75.56050395394
-75.55793928281
-75.55537639084001
-75.55281528187
-75.55025595969
-75.54769842811
-75.54514269088
-75.54258875178
-75.54003661451999
-75.53748628283
-75.53493776040999
-75.53239105093999
-75.52984615809
-75.52730308550001
-75.5247618368
-75.5222224156
-75.51968482550001
-75.51714907007
-75.51461515287
-75.51208307744001
-75.5095528473
-75.50702446596999
-75.50449793693001
-75.50197326366
-75.4994504496
-75.4969294982
-75.49441041287
-75.49189319703
-75.48937785404999
-75.48686438730999
-75.48435280016
-75.48184309594
-75.47933527797
-75.47682934955
-75.47432531396
-75.47182317448001
-75.46932293435
-75.46682459683001
-75.46432816512
-75.46183364243
-75.45934103194
-75.45685033684
-75.45436156026
-75.45187470536
-75.44938977526
-75.44690677305
-75.44442570184
-75.44194656469
-75.43946936466
-75.43699410481
-75.43452078814
-75.43204941768
-75.42957999641999
-75.42711252733001
-75.42464701338
-75.42218345753
-75.41972186269
-75.41726223180001
-75.41480456774
-75.4123488734
-75.40989515166
-75.40744340537
-75.40499363737
-75.40254585048001
-75.40010004751
-75.39765623126
-75.3952144045
-75.39277456999001
-75.39033673048999
-75.38790088873
-75.38546704743
-75.38303520928001
-75.38060537698001
-75.37817755321
-75.37575174061
-75.37332794183
-75.3709061595
-75.36848639624
-75.36606865465001
-75.36365293729999
-75.36123924677
-75.35882758561999
-75.35641795639
-75.3540103616
-75.35160480376
-75.34920128537
-75.34679980892
-75.34440037688
-75.3420029917
-75.33960765581
-75.33721437165
-75.33482314163
-75.33243396815
-75.33004685359
-75.32766180031
-75.32527881068
-75.32289788704
-75.32051903170999
-75.31814224701
-75.31576753524
-75.31339489868
-75.31102433961
-75.30865586028001
-75.30628946295
-75.30392514983001
-75.30156292315
-75.29920278511999
-75.29684473790999
-75.29448878372
-75.29213492470001
-75.289783163
-75.28743350075
-75.28508594009
-75.28274048312
-75.28039713193
-75.27805588861999
-75.27571675524
-75.27337973385
-75.27104482651
-75.26871203523001
-75.26638136204001
-75.26405280893
-75.26172637791
-75.25940207094
-75.25707988999001
-75.25475983701
-75.25244191395001
-75.25012612273001
-75.24781246525
-75.24550094343
-75.24319155914
-75.24088431426999
-75.23857921068
-75.23627625021
-75.2339754347
-75.23167676597
-75.22938024585
-75.22708587612
-75.22479365857
-75.22250359498
-75.2202156871
-75.2179299367
-75.21564634549
-75.21336491522
-75.21108564758
-75.20880854429
-75.20653360701999
-75.20426083746
-75.20199023725999
-75.19972180808
-75.19745555156
-75.19519146932
-75.19292956297
-75.19066983413
-75.18841228438001
-75.1861569153
-75.18390372845
-75.1816527254
-75.17940390768001
-75.17715727683
-75.17491283436999
-75.1726705818
-75.17043052061999
-75.16819265231
-75.16595697835
-75.16372350019
-75.1614922193
-75.1592631371
-75.15703625502
-75.15481157446999
-75.15258909686999
-75.15036882359
-75.14815075603
-75.14593489555
-75.14372124351
-75.14150980125
-75.13930057011
-75.13709355141
-75.13488874647
-75.13268615659
-75.13048578306
-75.12828762715
-75.12609169014
-75.12389797326999
-75.12170647781001
-75.11951720498
-75.11733015600001
-75.11514533209001
-75.11296273445
-75.11078236428
-75.10860422274
-75.10642831102
-75.10425463026
-75.10208318163001
-75.09991396624001
-75.09774698524001
-75.09558223973
-75.09341973083
-75.09125945961
-75.08910142718
-75.0869456346
-75.08479208293001
-75.08264077323001
-75.08049170653001
-75.07834488388
-75.07620030628
-75.07405797476
-75.0719178903
-75.0697800539
-75.06764446654
-75.06551112919
-75.06338004279999
-75.06125120832
-75.0591246267
-75.05700029886
-75.05487822571999
-75.05275840818001
-75.05064084715
-75.04852554351
-75.04641249814
-75.04430171189999
-75.04219318566
-75.04008692027
-75.03798291654999
-75.03588117534001
-75.03378169746
-75.03168448371
-75.0295895349
-75.02749685181
-75.02540643521999
-75.0233182859
-75.02123240460999
-75.0191487921
-75.01706744910999
-75.01498837636998
-75.0129115746
-75.01083704451
-75.00876478680999
-75.00669480219
-75.00462709133001
-75.00256165491
-75.00049849358001
-74.99843760801
-74.99637899884
-74.9943226667
-74.99226861221999
-74.99021683603
-74.98816733872
-74.9861201209
-74.98407518316
-74.98203252608
-74.97999215022
-74.97795405616
-74.97591824444
-74.97388471561999
-74.97185347021
-74.96982450876
-74.96779783178
-74.96577343978001
-74.96375133325
-74.96173151269
-74.95971397857
-74.95769873138
-74.95568577158001
-74.95367509961
-74.95166671593
-74.94966062098001
-74.94765681518001
-74.94565529895
-74.94365607271
-74.94165913686
-74.93966449179
-74.93767213789
-74.93568207553001
-74.93369430509
-74.93170882692
-74.92972564138
-74.92774474881
-74.92576614954001
-74.92378984390001
-74.92181583221
-74.91984411478
-74.9178746919
-74.91590756388001
-74.91394273099
-74.91198019351
-74.91001995172
-74.90806200585999
-74.9061063562
-74.90415300298001
-74.90220194641999
-74.90025318676
-74.89830672421999
-74.89636255901
-74.89442069133
-74.89248112138
-74.89054384934
-74.88860887539
-74.88667619971
-74.88474582245
-74.88281774378001
-74.88089196384
-74.87896848276999
-74.8770473007
-74.87512841774999
-74.87321183405
-74.8712975497
-74.86938556479001
-74.86747587944001
-74.86556849370999
-74.86366340768001
-74.86176062144
-74.85986013504001
-74.85796194853
-74.85606606196001
-74.85417247536999
-74.8522811888
-74.85039220226
-74.84850551578
-74.84662112936999
-74.84473904303
-74.84285925674
-74.84098177051
-74.83910658431
-74.83723369811
-74.83536311189
-74.83349482559
-74.83162883917
-74.82976515257
-74.82790376573001
-74.82604467858
-74.82418789104
-74.82233340303
-74.82048121445
-74.81863132520999
-74.81678373519
-74.81493844429
-74.81309545238001
-74.81125475934
-74.80941636504001
-74.80758026932
-74.80574647205
-74.80391497307
-74.80208577220999
-74.80025886931
-74.79843426418
-74.79661195665999
-74.79479194654999
-74.79297423364001
-74.79115881775
-74.78934569865
-74.78753487613001
-74.78572634996999
-74.78392011994
-74.78211618579999
-74.78031454731
-74.77851520422
-74.77671815627
-74.77492340319
-74.77313094472
-74.77134078058
-74.76955291048999
-74.76776733416
-74.76598405129
-74.76420306157
-74.76242436471
-74.76064796039
-74.75887384827
-74.75710202804
-74.75533249936
-74.7535652619
-74.75180031529
-74.75003765919
-74.74827729324001
-74.74651921707
-74.74476343031
-74.74300993258001
-74.74125872350001
-74.73950980266999
-74.7377631697
-74.73601882418001
-74.73427676571
-74.73253699386
-74.73079950822
-74.72906430836
-74.72733139385001
-74.72560076424
-74.72387241909
-74.72214635794
-74.72042258035
-74.71870108584001
-74.71698187394
-74.71526494418
-74.71355029608
-74.71183792914
-74.71012784288
-74.7084200368
-74.70671451039
-74.70501126313
-74.70331029452
-74.70161160403
-74.69991519113
-74.69822105528
-74.69652919596
-74.6948396126
-74.69315230465999
-74.69146727159
-74.68978451281001
-74.68810402776
-74.68642581588
-74.68474987657
-74.68307620925
-74.68140481333
-74.67973568821999
-74.67806883331
-74.67640424798999
-74.67474193166
-74.67308188369
-74.67142410346
-74.66976859034
-74.6681153437
-74.66646436289001
-74.66481564728001
-74.6631691962
-74.661525009
-74.65988308502
-74.6582434236
-74.65660602406
-74.65497088571999
-74.6533380079
-74.65170738991
-74.65007903106
-74.64845293065
-74.64682908797
-74.64520750231999
-74.64358817298
-74.64197109923
-74.64035628035
-74.6387437156
-74.63713340425001
-74.63552534556999
-74.6339195388
-74.6323159832
-74.63071467801
-74.62911562247
-74.62751881580999
-74.62592425726
-74.62433194604999
-74.6227418814
-74.62115406251999
-74.61956848861999
-74.61798515891
-74.61640407258001
-74.61482522882
-74.61324862684
-74.61167426581
-74.61010214491999
-74.60853226333
-74.60696462023
-74.60539921476999
-74.60383604611
-74.60227511341
-74.60071641583001
-74.5991599525
-74.59760572258
-74.59605372519
-74.59450395946999
-74.59295642454
-74.59141111954
-74.58986804356
-74.58832719574
-74.58678857518001
-74.58525218098
-74.58371801223001
-74.58218606805
-74.58065634751
-74.5791288497
-74.5776035737
-74.5760805186
-74.57455968345
-74.57304106733001
-74.5715246693
-74.57001048842
-74.56849852374
-74.56698877430999
-74.56548123918
-74.56397591738
-74.56247280795
-74.56097190993
-74.55947322234
-74.55797674421
-74.55648247454
-74.55499041236
-74.55350055667
-74.55201290648
-74.5505274608
-74.54904421861
-74.5475631789
-74.54608434068001
-74.54460770291
-74.54313326459001
-74.54166102466999
-74.54019098215001
-74.53872313596999
-74.53725748510999
-74.53579402851999
-74.53433276515
-74.53287369396
-74.53141681389
-74.52996212388001
-74.52850962286999
-74.52705930979
-74.52561118356999
-74.52416524314
-74.52272148741
-74.5212799153
-74.51984052573
-74.5184033176
-74.51696828982
-74.51553544129001
-74.5141047709
-74.51267627755
-74.51124996010999
-74.50982581749001
-74.50840384856
-74.50698405218999
-74.50556642725
-74.50415097262
-74.50273768715999
-74.50132656973001
-74.49991761919
-74.49851083438001
-74.49710621416
-74.49570375737
-74.49430346285
-74.49290532944
-74.49150935597
-74.49011554128
-74.48872388418
-74.4873343835
-74.48594703805
-74.48456184665
-74.48317880811999
-74.48179792125
-74.48041918484999
-74.47904259771
-74.47766815864
-74.47629586643001
-74.47492571984999
-74.4735577177
-74.47219185876
-74.47082814179
-74.46946656559
-74.4681071289
-74.4667498305
-74.46539466915999
-74.46404164361999
-74.46269075265
-74.46134199499001
-74.45999536939
-74.4586508746
-74.45730850935
-74.45596827238
-74.45463016243
-74.45329417821999
-74.45196031846999
-74.45062858192
-74.44929896728
-74.44797147326
-74.44664609858
-74.44532284194
-74.44400170205
-74.44268267761
-74.44136576732
-74.44005096986
-74.43873828394
-74.43742770824001
-74.43611924144
-74.43481288221999
-74.43350862925999
-74.43220648123
-74.43090643680999
-74.42960849465
-74.42831265343
-74.4270189118
-74.42572726841999
-74.42443772194001
-74.42315027101
-74.42186491428001
-74.42058165039
-74.41930047798
-74.41802139569
-74.41674440215
-74.41546949598
-74.41419667583
-74.4129259403
-74.41165728802
-74.41039071761
-74.40912622768
-74.40786381684
-74.4066034837
-74.40534522685
-74.40408904491
-74.40283493646
-74.40158290011
-74.40033293444
-74.39908503804
-74.39783920949999
-74.39659544739
-74.3953537503
-74.3941141168
-74.39287654546
-74.39164103486
-74.39040758355
-74.38917619009
-74.38794685306
-74.386719571
-74.38549434247
-74.38427116602
-74.3830500402
-74.38183096354
-74.38061393459
-74.3793989519
-74.37818601398001
-74.37697511939
-74.37576626663
-74.37455945425
-74.37335468076
-74.37215194468
-74.37095124453
-74.36975257882
-74.36855594606999
-74.36736134478001
-74.36616877346
-74.36497823060999
-74.36378971473
-74.36260322430999
-74.36141875784
-74.36023631383
