-76.61356091791
-76.61888309307
-76.61356091791
-76.61888309307
-76.62419279625
-76.62948934626
-76.63477205976
-76.64004025268001
-76.64529324159001
-76.65053034495
-76.65575088423999
-76.660954185
-76.66613957786
-76.67130639939
-76.67645399294001
-76.68158170934
-76.68668890769
-76.69177495609999
-76.69683923211
-76.70188112314
-76.70690002702
-76.71189535248
-76.71686651957
-76.72181295988001
-76.72673411689
-76.73162944622
-76.73649841587
-76.74134050645
-76.7461552113
-76.75094203661
-76.75570050159
-76.76043013848
-76.76513049267
-76.76980112273
-76.77444160042
-76.77905151064999
-76.78363045152
-76.78817803425
-76.79269388316
-76.79717763560001
-76.80162894185
-76.80604746507
-76.81043288116
-76.81478487869
-76.81910315875
-76.82338743484999
-76.82763743276
-76.83185289039001
-76.83603355761998
-76.84017919617
-76.84428957941999
-76.84836449227
-60.35120262584
-35.237095878690006
-21.25559174578
-4.939894165181
6.903769911745
12.644280282230001
15.563272766370002
17.22878112543
18.118359165970002
18.5078791537
18.603945289749998
18.5479397557
18.430423361120003
18.29404697752
18.159963353960002
18.03652512163
17.925091192220002
17.82475124965
17.734338139920002
17.65305159774
17.58056670569
17.51703365264
17.46285570724
17.41850799331
17.384366818679997
17.36078821399
17.347899644029997
17.3456793745
17.35390344444
17.372225622389998
17.400191106239998
17.437224745039998
17.482706592710002
17.53597740565
17.59635821165
17.66316239959
17.73571095113
17.813337715710002
17.89539679065
17.98126847411
18.07035742811
18.16209994615
18.2559614022
18.35143743331
18.44805078125
18.545355694060003
18.64293368721
18.740392898299998
18.83736808153
18.93351734174
19.02852356586
19.12209268785
19.21395048442
19.30384469298
19.39154237192
19.4768288627
19.55950749197
19.63939785555
19.71633621658
19.79017321194
19.86076984039
19.92801084308
19.99178777373
20.0520125078
20.108595189189998
20.161460985599998
20.2105444472
20.25580265285
20.29719514744
20.334695819329998
20.36826269637
20.397870193670002
20.42350782231
20.44517551673
20.462878304870003
20.47662571114
20.48643115575
20.4923124098
20.49429160974
20.492395060129997
20.48665294785
20.47709902627
20.46377029506
20.44670668702
20.42595076665
20.401534172439998
20.37350980216
20.34193121137
20.30684985494
20.268317595710002
20.22638740846
20.18111329922
20.132550047979997
20.08075297576
20.02577775947
19.967680277379998
19.906516471120003
19.842342218720002
19.77521321732
19.705184875
19.63231221177
19.556649769179998
19.478251528050002
19.397170834060002
19.31346033058
19.22717189843
19.13835660306
19.04706464393
18.953345314849997
18.857246967650003
18.758816980229998
18.658101729240002
18.555146567229997
18.44999597039
18.3426932123
18.23328033759
18.12179836783
18.00828732287
17.892786162020002
17.775332745310003
17.65596383106
17.53471508934
17.411621114509998
17.28671543329
17.16003051142
17.03159776174
16.90144755418
16.76960922833
16.63611110592
16.50098050387
16.36424374797
16.22592618728
16.08605220897
15.944645253479997
15.80172782986
15.657321531400001
15.511447051329998
15.36412419859
15.21537191208
15.065208278550001
14.913650549949999
14.76071515717
14.60641772336
14.45077307951
14.2937952809
14.1354976225
13.9758926516
13.814992181429998
13.652807305680001
13.489348412319998
13.32462519641
13.1586466725
12.991421186760002
12.822956428730002
12.653259442720001
12.482336638800001
12.31019380325
12.136836108639999
11.962268123429999
11.78649382113
11.609516589000002
11.43133923625
11.25196400188
11.07139256191
10.88962603625
10.706664995
10.52250946438
10.33715893204
10.15061235202
9.962868149116
9.77392422278
9.583777950557
9.392426190977
9.19986528595
9.006091062648
8.811098834866
8.614883403855
8.417439058619
8.218759575668
8.018838218227
7.817667734869
7.615240357589
7.4115477992850005
7.206581250647
7.000331376429
6.792788311102001
6.583941653878
6.373780463013
6.162293249489
5.949467969991
5.735292019159
5.519752221073
5.302834819973
5.084525470179
4.86480922519
4.643670525905
4.421093187964
4.197060388136
3.971554649751
3.744557827106
3.5160505384930003
3.286011254351
3.054416059565
2.82123958392
2.586456304936
2.350040377656
2.111965079179
1.8722027741620002
1.6307248741690001
1.3875018871129998
1.142503420667
0.8956981453025
0.647053901245
0.3965373595023
0.1441139638434
-0.110251914212
-0.36659699231470005
-0.6249591774705
-0.8853776580463999
-1.147892966505
-1.4125470278439998
-1.67938321161
-1.948446394436
-2.219783030701
-2.493441226873
-2.7694708178579996
-3.047923445703
-3.328852644782
-3.612313929985
-3.898364889866
-4.187065285249
-4.478477153119
-4.7726649157539995
-5.0696954953310005
-5.369638434347
-5.672566022113
-5.978553427492
-6.287678838035999
-6.600023605648
-6.915672398882999
-7.234713361982
-7.557238280642
-7.88334275449
-8.213126376135
-8.546692916574
-8.884150516651
-9.225611882703001
-9.571194491381
-9.921020795066001
-10.27521843026
-10.633920428769999
-10.997265429789998
-11.365397890399999
-11.73846829237
-12.11663334262
-12.50005616454
-12.8889064766
-13.28336075421
-13.68360237019
-14.089821708539999
-14.50221624585
-14.920990593579997
-15.346356494220002
-15.77853276342
-16.21774516972
-16.664226242770003
-17.118214985999998
-17.57995653753
-18.04970170538
-18.52770638593
-19.01423086482
-19.50953899145
-20.01389721521
-20.52757347256
-21.05083591712
-21.58395148572
-22.12718429257
-22.68079384324
-23.24503306067
-23.820146115089997
-24.406366046490003
-25.003912163970003
-25.6129872067
-26.23377425512
-26.86643338192
-27.511098027720003
-28.167871194179998
-28.836821082840004
-29.517976826190004
-30.211324084370002
-30.916800614979998
-31.63429213155
-32.36362565715
-33.10456933581
-33.85683761847
-34.620086837479995
-35.39391659615
-36.177876386470004
-36.97147583677
-37.77419848927
-38.58542897466
-39.40467634673
-40.23150291993
-41.06550720675
-41.906361244130004
-42.75383551492
-43.60787045976
-44.468447204899995
-45.33564887288
-46.20967721516
-47.09085465084001
-47.979569608889996
-48.876182905419995
-49.78097014234999
-50.69408932003
-51.61550230675
-52.54485679830999
-53.48141533915
-54.42406294806
-55.371316832
-56.32124068412
-57.27147379205999
-58.21927745876
-59.16161036117
-60.09476390531
-61.01354896304
-61.916185776549995
-62.80086760359
-63.663094174369995
-64.50002501669
-65.3086975412
-66.08669469281
-66.83189305838
-67.54248008419
-68.21718767761999
-68.85513353186
-69.45576796862
-70.01902359313
-70.54521912111
-71.03496613547
-71.48925418367
-71.90933835005
-72.29657631376
-72.65261034592
-72.97918106502
-73.27808750176999
-73.55090888663
-73.79967610944
-74.02638887229999
-74.23256396216999
-74.41979444148001
-74.58920240599
-74.7426139461
-74.88164401061
-75.00762282135
-75.12173836135
-75.22509070641
-75.31870118743
-75.40351028576
-75.48037758613
-75.55008525968
-75.61334310682
-75.67079391989
-75.72301892061
-75.77054304226
-75.81383978982
-75.85333574333
-75.88941487186999
-75.92242231495
-75.95266875605999
-75.98043335088
-76.00596676933
-76.02949406065
-76.05121725906
-76.07131773184
-76.08995829173
-76.1072850992
-76.12342937617
-76.13850894878
-76.15262963484
-76.16588648988001
-76.17836492531
-76.19014171101999
-76.20128587391
-76.21185950261
-76.22191846803
-76.23151306828
-76.24068860563001
-76.24948588478
-76.25794172027
-76.26608932085999
-76.27395865385999
-76.28157677728001
-76.28896813725001
-76.29615483289001
-76.30315685245999
-76.3099922842
-76.31667750481
-76.32322734809
-76.32965547877
-76.33597404293
-76.34219385057
-76.34832483091
-76.35437612215
-76.36035603303
-76.36627206404
-76.37213099126
-76.37793895561
-76.38370152894
-76.38942375948001
-76.39511021339001
-76.40076501524
-76.40639188621999
-76.41199417854
-76.41757490602
-76.42313677158
-76.4286821922
-76.43421332183
-76.43973207222
-76.44524013016999
-76.45073897792
-76.45622991091999
-76.46171404946
-76.46719234979
-76.47266561775
-76.47813452234
-76.48359960676
-76.48906129631
-76.49451990722
-76.49997565576
-76.50542866296
-76.51087896386998
-76.51632652565
-76.52177124398001
-76.52721294626
-76.53265139808
-76.53808630958
-76.54351734087
-76.5489441067
-76.55436618071
-76.55978309941999
-76.56519436585
-76.57059945308
-76.57599780746
-76.58138885169001
-76.5867719877
-76.59214660221
-76.59751206276
-76.60286772099
